-4.802553 -3.638696 2.057515
-4.801652 -3.639215 2.057531
-4.801621 -3.63808 2.059065
-4.802553 -3.638696 2.057515
-4.802553 -3.638696 2.057515
-4.801652 -3.639215 2.057531
-4.802639 -3.638746 2.055866
-4.802553 -3.638696 2.057515
-4.802622 -3.638654 2.05907
-4.802553 -3.638696 2.057515
-4.801627 -3.639193 2.059066
-4.802643 -3.639696 2.05748
-4.803454 -3.638177 2.057499
-4.802622 -3.638654 2.05907
-4.802637 -3.638583 2.057479
-4.802622 -3.638654 2.05907
-4.803454 -3.638177 2.057499
-4.801627 -3.639193 2.059066
-4.801553 -3.638122 2.05751
-4.802622 -3.638654 2.05907
-4.802528 -3.638674 2.05905
-4.803445 -3.639361 2.059091
-4.800656 -3.639591 2.05914
-4.802559 -3.639809 2.057516
-4.801637 -3.63801 2.057474
-4.802559 -3.639809 2.057516
-4.802553 -3.638696 2.057515
-4.801652 -3.639215 2.057531
-4.802627 -3.639767 2.059071
-4.802627 -3.639767 2.059071
-4.802622 -3.638654 2.05907
-4.802553 -3.638696 2.057515
-4.802622 -3.638654 2.05907
-4.802553 -3.638696 2.057515
-4.802627 -3.639767 2.059071
-4.802627 -3.639767 2.059071
-4.802528 -3.638674 2.05905
-4.802553 -3.638696 2.057515
-4.801621 -3.63808 2.059065
-4.802627 -3.639767 2.059071
-4.801627 -3.639193 2.059066
-4.802627 -3.639767 2.059071
-4.802643 -3.639696 2.05748
-4.801742 -3.640215 2.057496
-4.802553 -3.638696 2.057515
-4.801742 -3.640215 2.057496
-4.802639 -3.638746 2.055866
-4.801726 -3.640286 2.059087
-4.802622 -3.638654 2.05907
-4.801726 -3.640286 2.059087
-4.802622 -3.638654 2.05907
-4.802627 -3.639767 2.059071
-4.801621 -3.63808 2.059065
-4.802559 -3.639809 2.057516
-4.802622 -3.638654 2.05907
-4.801726 -3.640286 2.059087
-4.802559 -3.639809 2.057516
-4.802538 -3.638767 2.059106
-4.801553 -3.638122 2.05751
-4.801642 -3.640398 2.059123
-4.802559 -3.639809 2.057516
-4.802544 -3.63988 2.059107
-4.803445 -3.639361 2.059091
-4.802559 -3.639809 2.057516
-4.801553 -3.638122 2.05751
-4.802559 -3.639809 2.057516
-4.801621 -3.63808 2.059065
-4.801726 -3.640286 2.059087
-4.801627 -3.639193 2.059066
-4.802622 -3.638654 2.05907
-4.801553 -3.638122 2.05751
-4.801627 -3.639193 2.059066
-4.802553 -3.638696 2.057515
-4.801642 -3.639122 2.057475
-4.802559 -3.639809 2.057516
-4.802553 -3.638696 2.057515
-4.801637 -3.63801 2.057474
-4.802639 -3.638746 2.055866
-4.802644 -3.639858 2.055867
-4.801621 -3.63808 2.059065
-4.801721 -3.639173 2.059087
-4.80072 -3.638599 2.059081
-4.801621 -3.63808 2.059065
-4.801621 -3.63808 2.059065
-4.802639 -3.638746 2.055866
-4.802553 -3.638696 2.057515
-4.80072 -3.638599 2.059081
-4.802454 -3.637603 2.057494
-4.802622 -3.638654 2.05907
-4.802622 -3.638654 2.05907
-4.801721 -3.639173 2.059087
-4.802627 -3.639767 2.059071
-4.802627 -3.639767 2.059071
-4.802622 -3.638654 2.05907
-4.802553 -3.638696 2.057515
-4.801621 -3.63808 2.059065
-4.802559 -3.639809 2.057516
-4.801721 -3.639173 2.059087
-4.802612 -3.639838 2.060662
-4.802538 -3.638767 2.059106
-4.802544 -3.63988 2.059107
-4.801621 -3.63808 2.059065
-4.802622 -3.638654 2.05907
-4.802622 -3.638654 2.05907
-4.802542 -3.639717 2.06072
-4.802438 -3.637674 2.059085
-4.802627 -3.639767 2.059071
-4.803345 -3.638268 2.059069
-4.802536 -3.638604 2.06072
-4.801621 -3.63808 2.059065
-4.803445 -3.639361 2.059091
-4.802528 -3.638674 2.05905
-4.801542 -3.639143 2.060715
-4.802507 -3.637632 2.06064
-4.802627 -3.639767 2.059071
-4.801627 -3.639193 2.059066
-4.802627 -3.639767 2.059071
-4.801621 -3.63808 2.059065
-4.800635 -3.638549 2.06073
-4.801627 -3.639193 2.059066
-4.802528 -3.638674 2.05905
-4.802627 -3.639767 2.059071
-4.802622 -3.638654 2.05907
-4.801621 -3.63808 2.059065
-4.802542 -3.639717 2.06072
-4.802459 -3.638716 2.057494
-4.802542 -3.639717 2.06072
-4.802528 -3.638674 2.05905
-4.802544 -3.63988 2.059107
-4.803508 -3.638206 2.060645
-4.801726 -3.640286 2.059087
-4.802454 -3.637603 2.057494
-4.802559 -3.639809 2.057516
-4.801621 -3.63808 2.059065
-4.802544 -3.63988 2.059107
-4.801621 -3.63808 2.059065
-4.802622 -3.638654 2.05907
-4.802622 -3.638654 2.05907
-4.802622 -3.638654 2.05907
-4.802444 -3.638787 2.059085
-4.802544 -3.63988 2.059107
-4.801621 -3.63808 2.059065
-4.802538 -3.638767 2.059106
-4.801621 -3.63808 2.059065
-4.802522 -3.637562 2.059049
-4.802454 -3.637603 2.057494
-4.802536 -3.638604 2.06072
-4.801621 -3.63808 2.059065
-4.802538 -3.638767 2.059106
-4.801621 -3.63808 2.059065
-4.794035 -3.63874 2.059131
-4.768441 -3.638077 2.059332
-4.762867 -3.64014 2.057852
-4.761816 -3.636276 2.057709
-4.772365 -3.641598 2.05939
-4.785508 -3.636883 2.057519
-4.794136 -3.639995 2.057539
-4.796917 -3.638489 2.059103
-4.799755 -3.641386 2.060805
-4.798824 -3.639657 2.059093
-4.80346 -3.63929 2.0575
-4.800657 -3.639754 2.057527
-4.79602 -3.639958 2.060733
-4.801732 -3.641398 2.059088
-4.799725 -3.639138 2.059076
-4.800825 -3.640805 2.059103
-4.798719 -3.637452 2.05907
-4.802612 -3.639838 2.060662
-4.797801 -3.637879 2.062291
-4.803544 -3.640453 2.059112
-4.803629 -3.640503 2.057463
-4.80453 -3.639984 2.057447
-4.593796 -3.667534 2.054848
-4.511542 -3.68395 2.051916
-4.457116 -3.714198 2.054667
-4.42477 -3.746216 2.055902
-4.393576 -3.761404 2.054046
-4.384146 -3.774788 2.064852
-4.388403 -3.778993 2.07498
-4.39281 -3.773378 2.076422
-4.384689 -3.791753 2.076218
-4.36508 -3.807364 2.074114
-4.379154 -3.801606 2.07517
-4.380487 -3.816598 2.0749
-4.379259 -3.816464 2.066718
-4.390323 -3.817163 2.064922
-4.361184 -3.841206 2.063736
-4.378439 -3.846836 2.064071
-4.382317 -3.841304 2.063705
-4.370214 -3.866415 2.065651
-4.387584 -3.862737 2.063617
-4.389282 -3.864399 2.062291
-4.387798 -3.86616 2.068851
-4.390718 -3.890963 2.067443
-4.401303 -3.898765 2.061474
-4.393236 -3.886111 2.062125
-4.404092 -3.890976 2.059196
-4.390855 -3.901961 2.056706
-4.405124 -3.898252 2.051386
-4.40994 -3.890168 2.055583
-4.411169 -3.885097 2.056968
-4.409484 -3.8989 2.064512
-4.412264 -3.899391 2.0596
-4.41883 -3.893187 2.055971
-4.42235 -3.911095 2.058924
-4.426043 -3.914099 2.064178
-4.4292 -3.920041 2.062919
-4.426842 -3.932942 2.040922
-4.428833 -3.932689 2.034307
-4.425533 -3.944051 2.035198
-4.419407 -3.945874 2.025591
-4.417217 -3.943265 2.015449
-4.427731 -3.932957 2.017964
-4.438389 -3.933971 2.034241
-4.45986 -3.921431 2.041551
-4.443936 -3.930404 2.033905
-4.434592 -3.921196 2.041509
-4.463312 -3.917073 2.067124
-4.458274 -3.91215 2.071937
-4.453591 -3.918281 2.060672
-4.459886 -3.899145 2.064192
-4.479894 -3.890653 2.0732
-4.474042 -3.88145 2.062881
-4.467689 -3.87937 2.041155
-4.456283 -3.880642 2.039641
-4.464462 -3.866275 2.056537
-4.473246 -3.86215 2.05304
-4.469199 -3.857646 2.047747
-4.484301 -3.855917 2.068774
-4.489546 -3.846657 2.074543
-4.494111 -3.841275 2.072461
-4.49298 -3.824008 2.066317
-4.492082 -3.825346 2.074481
-4.491335 -3.822395 2.077528
-4.492165 -3.823883 2.064561
-4.483174 -3.823044 2.059538
-4.500436 -3.823048 2.066006
-4.509349 -3.837614 2.062385
-4.510138 -3.849987 2.063113
-4.509377 -3.862355 2.065675
-4.523092 -3.86305 2.064024
-4.53422 -3.870315 2.064398
-4.531038 -3.869095 2.067533
-4.539648 -3.866779 2.070708
-4.549538 -3.869063 2.06432
-4.550973 -3.866608 2.064021
-4.545799 -3.886293 2.067026
-4.555405 -3.881479 2.066616
-4.559212 -3.88319 2.065017
-4.560919 -3.876573 2.066325
-4.565404 -3.880506 2.068031
-4.57488 -3.879021 2.06467
-4.58001 -3.886577 2.063378
-4.588689 -3.881404 2.066222
-4.584154 -3.896141 2.063989
-4.58673 -3.892682 2.062226
-4.589889 -3.896627 2.067229
-4.593888 -3.890609 2.066928
-4.599173 -3.890796 2.068439
-4.614131 -3.878829 2.074044
-4.599308 -3.895756 2.079958
-4.613179 -3.894772 2.070327
-4.605077 -3.908244 2.066168
-4.618035 -3.892013 2.06181
-4.620984 -3.899273 2.052398
-4.624489 -3.892013 2.048777
-4.617162 -3.89956 2.054045
-4.622557 -3.898975 2.052257
-4.632368 -3.901046 2.04587
-4.637074 -3.896519 2.050331
-4.587347 -3.988883 2.056098
-4.600942 -4.019835 2.048249
-4.592 -4.046053 2.045932
-4.569329 -4.071609 2.056495
-4.552517 -4.108545 2.072126
-4.55735 -4.112322 2.074167
-4.593658 -4.098182 2.079971
-4.628163 -4.099945 2.070529
-4.643756 -4.091771 2.071669
-4.661859 -4.098416 2.065656
-4.673482 -4.087735 2.06831
-4.669089 -4.08778 2.066842
-4.671187 -4.07824 2.067858
-4.669382 -4.070106 2.069058
-4.66846 -4.069584 2.070664
-4.667365 -4.06903 2.070638
-4.666774 -4.065556 2.072067
-4.664992 -4.057282 2.073347
-4.660142 -4.066527 2.072276
-4.658086 -4.056816 2.073309
-4.658069 -4.056724 2.076514
-4.656323 -4.053362 2.077941
-4.652601 -4.05015 2.079472
-4.650986 -4.046243 2.080817
-4.651477 -4.048624 2.079366
-4.64876 -4.049138 2.077744
-4.648632 -4.044871 2.082415
-4.646946 -4.040843 2.083819
-4.641485 -4.043765 2.082383
-4.639589 -4.044823 2.082394
-4.632767 -4.036024 2.085103
-4.631371 -4.038116 2.083685
-4.632063 -4.036596 2.085217
-4.63086 -4.034856 2.085113
-4.628426 -4.033271 2.086713
-4.626436 -4.034348 2.086703
-4.622264 -4.032809 2.088276
-4.620213 -4.027677 2.088004
-4.620422 -4.029956 2.088104
-4.62032 -4.023795 2.090967
-4.618683 -4.029839 2.089691
-4.617533 -4.025464 2.091051
-4.615673 -4.025985 2.092777
-4.612512 -4.02037 2.09407
-4.611191 -4.023534 2.094208
-4.61197 -4.022225 2.092478
-4.609644 -4.021663 2.095769
-4.60593 -4.022553 2.095755
-4.605889 -4.018499 2.097164
-4.603694 -4.016279 2.097111
-4.605695 -4.017426 2.097122
-4.603983 -4.017494 2.095561
-4.604574 -4.012747 2.096914
-4.607082 -4.014698 2.098778
-4.607176 -4.014678 2.098799
-4.607462 -4.010826 2.100133
-4.606087 -4.010332 2.100045
-4.607657 -4.012061 2.098563
-4.607211 -4.009237 2.101785
-4.608442 -4.00688 2.104853
-4.607406 -4.010472 2.100214
-4.610604 -4.007341 2.1016
-4.61006 -4.009034 2.101621
-4.614316 -4.006289 2.103227
-4.614522 -4.006966 2.104905
-4.615036 -4.004301 2.104804
-4.617349 -4.006524 2.103344
-4.616579 -4.00302 2.106401
-4.61748 -4.002501 2.106385
-4.616579 -4.001743 2.104753
-4.617472 -4.002571 2.104715
-4.615762 -4.003426 2.106381
-4.615978 -3.999453 2.107774
-4.617562 -4.002226 2.107962
-4.61798 -3.999256 2.111067
-4.619394 -4.000884 2.106362
-4.621031 -3.996116 2.109286
-4.621085 -3.999774 2.109513
-4.621287 -3.996034 2.110883
-4.621627 -3.997919 2.111105
-4.62175 -3.993966 2.112476
-4.622786 -3.997481 2.111072
-4.623406 -3.997022 2.110993
-4.623336 -3.996901 2.111052
-4.624551 -3.993339 2.114063
-4.625943 -3.995202 2.112596
-4.626029 -3.995252 2.110946
-4.62623 -3.991349 2.11393
-4.626554 -3.992028 2.114094
-4.628536 -3.992297 2.114082
-4.62723 -3.991923 2.113935
-4.626463 -3.992373 2.110847
-4.628947 -3.989559 2.113904
-4.627304 -3.991013 2.115751
-4.628867 -3.989346 2.113905
-4.629157 -3.990724 2.110742
-4.63023 -3.990236 2.112358
-4.631483 -3.987577 2.117119
-4.630978 -3.989058 2.115629
-4.632194 -3.985659 2.117026
-4.632276 -3.986035 2.115411
-4.631351 -3.986694 2.115349
-4.632933 -3.988679 2.11231
-4.634184 -3.985858 2.118684
-4.633317 -3.987022 2.118746
-4.632676 -3.987947 2.115519
-4.633249 -3.985799 2.113724
-4.633969 -3.985088 2.116949
-4.635772 -3.987679 2.113998
-4.636891 -3.983975 2.118601
-4.63599 -3.984494 2.118617
-4.636881 -3.984533 2.115352
-4.636167 -3.985012 2.11541
-4.637562 -3.982757 2.118441
-4.638779 -3.984263 2.118568
-4.638803 -3.984123 2.118647
-4.638406 -3.981884 2.118506
-4.638898 -3.984265 2.117055
-4.639592 -3.982907 2.116974
-4.639417 -3.982551 2.118568
-4.641024 -3.980277 2.120106
-4.641507 -3.982728 2.116985
-4.640186 -3.981149 2.116781
-4.641412 -3.982586 2.118578
-4.64219 -3.981115 2.118461
-4.640532 -3.977896 2.121557
-4.640822 -3.979274 2.118394
-4.642867 -3.984639 2.115383
-4.643629 -3.97976 2.119981
-4.644076 -3.979964 2.118393
-4.645006 -3.980417 2.118457
-4.645006 -3.980417 2.118457
-4.64438 -3.982385 2.1169
-4.644869 -3.979699 2.118334
-4.643897 -3.979934 2.120021
-4.6441 -3.979824 2.118472
-4.642895 -3.979198 2.121629
-4.641 -3.979142 2.118379
-4.644857 -3.978818 2.11505
-4.644076 -3.979964 2.118393
-4.6444 -3.977014 2.121477
-4.645179 -3.980449 2.120089
-4.646453 -3.977566 2.119793
-4.645289 -3.976891 2.119825
-4.647058 -3.980807 2.118386
-4.647009 -3.975477 2.121408
-4.647037 -3.976287 2.123101
-4.647392 -3.976673 2.119878
-4.645863 -3.978997 2.119952
-4.64608 -3.975187 2.119731
-4.64708 -3.980504 2.120079
-4.648919 -3.974186 2.121419
-4.648117 -3.975798 2.121456
-4.647019 -3.974294 2.119816
-4.646685 -3.978427 2.118324
-4.646219 -3.976068 2.11824
-4.649518 -3.972685 2.12293
-4.650216 -3.975906 2.121544
-4.649533 -3.972614 2.121339
-4.648386 -3.976134 2.119883
-4.648316 -3.976014 2.119941
-4.648049 -3.97584 2.119901
-4.649878 -3.970706 2.122833
-4.649385 -3.976546 2.121502
-4.649519 -3.972848 2.121317
-4.649495 -3.972988 2.121238
-4.649928 -3.974691 2.123094
-4.650735 -3.974192 2.123057
-4.64912 -3.970284 2.124402
-4.649876 -3.974022 2.121322
-4.649511 -3.972918 2.119647
-4.650337 -3.97179 2.124529
-4.651238 -3.971272 2.124513
-4.650626 -3.973006 2.122979
-4.650944 -3.970451 2.121166
-4.650791 -3.973269 2.121328
-4.650504 -3.972216 2.121265
-4.650956 -3.970055 2.122802
-4.649958 -3.97092 2.122831
-4.650504 -3.972216 2.121265
-4.650231 -3.97093 2.121224
-4.650523 -3.973096 2.121288
-4.651136 -3.971361 2.122822
-4.651132 -3.970411 2.121208
-4.651598 -3.97277 2.121291
-4.652718 -3.973346 2.119783
-4.65307 -3.966463 2.124218
-4.653357 -3.972259 2.124623
-4.653524 -3.972685 2.121359
-4.65416 -3.966067 2.12263
-4.653941 -3.969715 2.124464
-4.654433 -3.972096 2.123013
-4.654777 -3.965282 2.125778
-4.654819 -3.969337 2.124369
-4.654259 -3.971902 2.122994
-4.654324 -3.966168 2.122592
-4.655029 -3.970501 2.121207
-4.656133 -3.971148 2.12129
-4.655146 -3.970341 2.121307
-4.656278 -3.962149 2.124011
-4.656918 -3.970952 2.119561
-4.657833 -3.9702 2.119567
-4.656772 -3.965318 2.125788
-4.657278 -3.967465 2.124359
-4.65783 -3.969875 2.122793
-4.657031 -3.965561 2.124158
-4.657787 -3.969136 2.122691
-4.657027 -3.969354 2.122886
-4.658806 -3.965141 2.124286
-4.658078 -3.965691 2.125935
-4.658424 -3.967423 2.122691
-4.655807 -3.96903 2.12109
-4.656608 -3.967418 2.121052
-4.657754 -3.968641 2.122851
-4.658068 -3.965599 2.125878
-4.658466 -3.968 2.124406
-4.65784 -3.965225 2.122508
-4.658193 -3.970191 2.121241
-4.65923 -3.966762 2.124267
-4.658955 -3.965313 2.12584
-4.658984 -3.966285 2.125919
-4.660014 -3.970033 2.121232
-4.657833 -3.963949 2.12412
