1429908512.28
651.704042165 -226.370028757 45.8365495232 0.662070880997 0.651275973226 -0.260142372529 -0.264268415525
1429908512.29
651.697624505 -226.380928327 45.8410273967 0.662008450132 0.651345037575 -0.260194704416 -0.264202782376
1429908512.31
651.699732574 -226.377744087 45.833132097 0.662041677999 0.651319140034 -0.260089847142 -0.264286845769
1429908512.33
651.696569896 -226.37900359 45.8388928556 0.662010387605 0.65133437347 -0.260247553327 -0.264172393202
1429908512.34
651.696141229 -226.374238169 45.8271790456 0.662048129202 0.651333661567 -0.260018553213 -0.264305076126
1429908512.36
651.698478246 -226.377133974 45.8342048376 0.662046193085 0.651323413104 -0.260131188893 -0.264224158416
1429908512.38
651.696500701 -226.377353259 45.8374209356 0.662062721767 0.651264816403 -0.260139355716 -0.264319187597
1429908512.39
651.701444523 -226.379840498 45.83748788 0.66193874578 0.651374923854 -0.260227923553 -0.264271343702
1429908512.41
651.700687743 -226.371817174 45.8306572235 0.662009636037 0.651336614389 -0.26009299145 -0.264320864504
1429908512.43
651.692409534 -226.380406614 45.83406261 0.661876407968 0.651448684512 -0.260203086659 -0.264269943974
1429908512.44
651.695580392 -226.37588136 45.8351872477 0.662023538806 0.651353161395 -0.260113559705 -0.264224910923
1429908512.46
651.695087032 -226.376596709 45.8362380953 0.661936452259 0.651393423476 -0.260197379302 -0.264261319141
1429908512.48
651.694476115 -226.379332 45.8388545272 0.661930004832 0.651409861501 -0.259982689658 -0.264448418624
1429908512.49
651.698029638 -226.37670153 45.8324523791 0.662031606376 0.651318774161 -0.260207977221 -0.264196707828
1429908512.51
651.699252565 -226.377713228 45.8363302362 0.66193076166 0.65140128276 -0.260103188622 -0.264349096557
1429908512.53
651.698556522 -226.376331353 45.8366569282 0.661887278346 0.65143074281 -0.260102521721 -0.264385946074
1429908512.54
651.695107306 -226.380174985 45.8351256792 0.662021911383 0.651361952968 -0.260126980367 -0.26419441391
1429908512.56
651.701674944 -226.3764994 45.8338799353 0.661961651076 0.651378658288 -0.260124805813 -0.2643060865
1429908512.58
651.696375892 -226.374553648 45.8403099241 0.662037019527 0.651322704177 -0.260136542306 -0.264243753382
1429908512.59
651.698878694 -226.374698662 45.834441305 0.662004327559 0.651315440593 -0.260241869608 -0.264239675721
1429908512.61
651.694236453 -226.373314005 45.8272185035 0.662005697551 0.651351674868 -0.260126508675 -0.264260725452
1429908512.63
651.691959054 -226.377601769 45.829736413 0.66204498031 0.651316631295 -0.260176358217 -0.264199550479
1429908512.64
651.695236084 -226.376057167 45.8379162837 0.661904143118 0.651409850297 -0.260072234467 -0.264425156441
1429908512.66
651.69904916 -226.376775002 45.8373276221 0.662057401691 0.651304134886 -0.260178132328 -0.264197684862
1429908512.68
651.702405015 -226.380852291 45.8417617897 0.661920074394 0.651404245517 -0.259941682119 -0.264527256138
1429908512.69
651.692622155 -226.37048047 45.8330289184 0.662020494067 0.651320589776 -0.26012962581 -0.264296944902
1429908512.71
651.701328037 -226.375534094 45.8303574919 0.662013225392 0.651354299071 -0.260200088181 -0.264162915294
1429908512.73
651.698622147 -226.378166825 45.8328622418 0.661924001882 0.651400421879 -0.260110567483 -0.264360898208
1429908512.74
651.70255719 -226.378056917 45.842722582 0.661930027639 0.651403032795 -0.259971054153 -0.264476658932
1429908512.76
651.694472078 -226.371310406 45.8358198244 0.6620971681 0.651249760516 -0.260277644676 -0.264134082306
1429908512.78
651.70079169 -226.379694593 45.8354794611 0.661902618787 0.651424086698 -0.259918113863 -0.264545575859
1429908512.79
651.69903786 -226.375088206 45.8328513389 0.661974823803 0.651382375666 -0.26018142647 -0.264208433951
1429908512.81
651.696697307 -226.379583539 45.8328701072 0.661944552853 0.651357954755 -0.259950132128 -0.26457156851
1429908512.83
651.696656684 -226.37038155 45.8291542679 0.662007071427 0.651349816986 -0.260051594083 -0.26433563958
1429908512.84
651.692439957 -226.378385508 45.8293944606 0.662111738319 0.651254284276 -0.260166331294 -0.264195753799
1429908512.86
651.697491405 -226.378482307 45.8380362411 0.662044444822 0.65132492824 -0.260205882396 -0.264151596411
1429908512.88
651.697309085 -226.3783517 45.8436886985 0.661988621048 0.651388124917 -0.260227779182 -0.264113966872
1429908512.89
651.698072954 -226.374984963 45.8386971979 0.6621008124 0.651276126207 -0.260169654425 -0.264166145982
1429908512.91
651.69960075 -226.374737537 45.8323069585 0.661932516744 0.651419477702 -0.259929440311 -0.264470879762
1429908512.93
651.689658236 -226.373723673 45.8201995165 0.662008923069 0.651318455031 -0.260229913574 -0.264232407332
1429908512.94
651.696425355 -226.374799322 45.8369719412 0.661863258278 0.651439460302 -0.260031026316 -0.264494910032
1429908512.96
651.699008683 -226.375825882 45.83720258 0.662057032826 0.651298602854 -0.260174634306 -0.264215445058
1429908512.98
651.700374419 -226.378124348 45.8440866771 0.662031771515 0.651355463781 -0.260067724432 -0.264243844935
1429908512.99
651.699034885 -226.379654172 45.844831205 0.66192769611 0.651415784983 -0.260099028686 -0.264325151237
1429908513.01
651.689847601 -226.372848668 45.8242147285 0.66190721457 0.651406095044 -0.260055499298 -0.2644428838
1429908513.03
651.693660172 -226.375490565 45.8283419476 0.662057167987 0.651322753875 -0.260088821691 -0.264240082553
1429908513.04
651.69948598 -226.37590171 45.8444469908 0.661891373925 0.651435367554 -0.259974562294 -0.26449022039
1429908513.06
651.700262964 -226.378677064 45.8396962909 0.662036234285 0.651319218054 -0.26024047328 -0.264152106323
1429908513.08
651.704413967 -226.378102629 45.8383721468 0.662022798672 0.651321310762 -0.260017626779 -0.264399748448
1429908513.09
651.692567988 -226.370904491 45.8290073791 0.66197327579 0.651346329636 -0.260279987397 -0.264203980203
1429908513.11
651.694280801 -226.37891525 45.8267606245 0.662027986823 0.651348541309 -0.260103220788 -0.264235530131
1429908513.13
651.697352943 -226.377114196 45.8348121775 0.66203439905 0.651296496066 -0.260272939758 -0.26418061667
1429908513.14
651.696593023 -226.375135804 45.8304944549 0.662044698253 0.651348353072 -0.260118805634 -0.264178750912
1429908513.16
651.695275343 -226.37584509 45.8377603375 0.662012577127 0.651320512337 -0.260360707858 -0.264089478491
1429908513.18
651.697682971 -226.379198909 45.8414833181 0.661967682769 0.651394745219 -0.260104359359 -0.264271628544
1429908513.19
651.693916376 -226.37218318 45.8278033103 0.662009635425 0.651338839944 -0.260191034059 -0.264218768572
1429908513.21
651.704762533 -226.378219678 45.8446682685 0.661938559338 0.651423796165 -0.260090673776 -0.264286328322
1429908513.23
651.694023952 -226.37980459 45.8428386126 0.661977352096 0.651388345458 -0.260215138681 -0.26415405
1429908513.24
651.696619009 -226.380325561 45.8359815158 0.662020699754 0.651314176613 -0.259899647904 -0.264538620527
1429908513.26
651.698915058 -226.375727511 45.8329652815 0.661896328738 0.651444550856 -0.26011232271 -0.264319620844
1429908513.28
651.696016323 -226.37524452 45.8300524946 0.661888915811 0.651435143048 -0.260119457888 -0.264354513138
1429908513.29
651.697393378 -226.373110039 45.8255982422 0.662066449378 0.651268360914 -0.260154206226 -0.264286313507
1429908513.31
651.700063909 -226.383759091 45.847138107 0.661977596943 0.651338944654 -0.259977825948 -0.264508637001
1429908513.33
651.695242299 -226.376051743 45.837250728 0.661902201017 0.651434162177 -0.260192271763 -0.264251882096
1429908513.34
651.695740091 -226.374725528 45.8215423417 0.661954585771 0.651387072515 -0.260144052791 -0.264284217326
1429908513.36
651.69791378 -226.37381638 45.8336324865 0.662029542404 0.651298886472 -0.260226901112 -0.264232242861
1429908513.38
651.700201282 -226.379758181 45.839602757 0.662006271717 0.651362983881 -0.260252497693 -0.264107589854
1429908513.39
651.69486264 -226.379935355 45.8466348596 0.662044912842 0.651315203396 -0.260368953762 -0.264013402004
1429908513.41
651.6946815 -226.376906436 45.8335724102 0.662011616722 0.651334338963 -0.260186131379 -0.264229828722
1429908513.43
651.695472169 -226.372151651 45.8227973695 0.66198327424 0.65137379765 -0.260078667455 -0.264309447359
1429908513.44
651.695096522 -226.374426664 45.8235468077 0.661950298231 0.651356728997 -0.260273830983 -0.264241920557
1429908513.46
651.691025884 -226.38223814 45.8459767883 0.662011728423 0.651347393806 -0.260341832201 -0.264043930214
1429908513.48
651.702526535 -226.383218844 45.8409947562 0.66194673411 0.651382961743 -0.259903280386 -0.264551003285
1429908513.49
651.701339736 -226.372309549 45.8290606066 0.661987954185 0.651395606005 -0.260089713733 -0.264232988697
1429908513.51
651.688890993 -226.382649032 45.8192359678 0.661965198356 0.651353729291 -0.260167488838 -0.264316873089
1429908513.53
651.691665931 -226.370893844 45.8286942919 0.661851888362 0.65148751112 -0.260135531992 -0.264302341065
1429908513.54
651.696789894 -226.377519627 45.8414999536 0.662044800728 0.65128987235 -0.260146600855 -0.264295317939
1429908513.56
651.70704223 -226.380572346 45.8488991624 0.662023071544 0.651306101235 -0.259934331735 -0.264518591977
1429908513.58
651.69785255 -226.377259392 45.8282799068 0.66195899575 0.651356328761 -0.260015605164 -0.264475251856
1429908513.59
651.702373484 -226.375324546 45.8396285017 0.662055836069 0.65133528089 -0.26012912988 -0.264172633029
1429908513.61
651.694229297 -226.383450947 45.8272875771 0.661992886685 0.651343262393 -0.260097874205 -0.264341819455
1429908513.63
651.701642711 -226.382545753 45.8499716575 0.662026199726 0.651329341261 -0.260302189409 -0.26409129575
1429908513.65
651.700132163 -226.376704139 45.8435682755 0.661936079814 0.651392414344 -0.260153232388 -0.264308323488
1429908513.66
651.69345929 -226.378767762 45.829735876 0.661935449336 0.651418169055 -0.260180940036 -0.264219300059
1429908513.68
651.698396827 -226.366418493 45.8275895936 0.662003028087 0.651336179185 -0.260094151891 -0.26433723182
1429908513.7
651.693615515 -226.376337679 45.8350754374 0.661941274762 0.651407100575 -0.260089695447 -0.264321689806
1429908513.71
651.698927756 -226.378105534 45.8396405923 0.661951739595 0.651389999476 -0.260193029863 -0.264236154054
1429908513.73
651.689177664 -226.383723855 45.8437104779 0.662053717935 0.651312957416 -0.260155494858 -0.264207508573
1429908513.75
651.692243465 -226.382125476 45.8366598578 0.661996339288 0.651357240008 -0.260278850493 -0.264120489542
1429908513.76
651.689898494 -226.379783586 45.8270357403 0.661957125001 0.651381685764 -0.260300668471 -0.264136780375
1429908513.78
651.700055892 -226.383827357 45.8309041029 0.661988585866 0.651345098829 -0.26006442016 -0.264380897668
1429908513.79
651.702130579 -226.378604355 45.8408315819 0.661911236401 0.651413669657 -0.260186711851 -0.26428525855
1429908513.81
651.692869872 -226.382567816 45.8423346174 0.661995729077 0.651337640475 -0.260114019486 -0.264332487272
1429908513.83
651.700839317 -226.373154132 45.8406227969 0.66199675668 0.651334408401 -0.260018473332 -0.264431789759
1429908513.85
651.696518329 -226.375157289 45.8308172651 0.662048180921 0.651337402243 -0.260090640525 -0.264224727376
1429908513.86
651.707145512 -226.371251428 45.8328126289 0.661962300082 0.651370114053 -0.259994776215 -0.264453313895
1429908513.88
651.699464771 -226.374710457 45.8399672909 0.662008918637 0.651373313139 -0.260120917925 -0.264204648188
1429908513.9
651.696037161 -226.38249683 45.8386983586 0.66203419393 0.651280637934 -0.260330120497 -0.264163994471
1429908513.91
651.69842238 -226.380640747 45.8311213059 0.662058282378 0.651312300208 -0.260140879243 -0.264211909867
1429908513.93
651.694935929 -226.374019907 45.8296258445 0.662003868272 0.651342801162 -0.260216189128 -0.264198895188
1429908513.95
651.695468372 -226.376057998 45.8370513807 0.661982626335 0.651355136689 -0.260055779957 -0.264379414409
1429908513.96
651.69498454 -226.385563435 45.8336951631 0.661916589746 0.65141437261 -0.260400095556 -0.264059765908
1429908513.98
651.696627769 -226.371371389 45.837755508 0.661965997249 0.651417025302 -0.260134041399 -0.264191910902
1429908513.99
651.688678389 -226.38145724 45.8276420994 0.661968466443 0.651350446251 -0.260114310943 -0.264369171652
1429908514.01
651.698817737 -226.369749 45.8381452426 0.662017020536 0.651368218554 -0.260207475846 -0.264111971333
1429908514.03
651.703305743 -226.368741674 45.832745602 0.661970667468 0.651349710292 -0.260049054151 -0.264429531281
1429908514.05
651.697268687 -226.381871733 45.827399713 0.662030052165 0.651297818776 -0.260245119282 -0.26421556269
1429908514.06
651.690377675 -226.386310541 45.8362341206 0.661993234454 0.651325179891 -0.260129457414 -0.264354189941
1429908514.08
651.705962114 -226.366066755 45.8412624958 0.6620597139 0.651319069909 -0.260039068735 -0.264291959346
1429908514.1
651.694779097 -226.383595118 45.8427442594 0.661941248703 0.651369714745 -0.260003058419 -0.26449922086
1429908514.11
651.69950686 -226.383215548 45.8294172522 0.662027816153 0.651327080321 -0.260079093109 -0.264312307506
1429908514.13
651.697443248 -226.369278107 45.824724982 0.661981970192 0.651360571137 -0.26017625452 -0.26424935146
1429908514.15
651.679273642 -226.372691054 45.8160490742 0.661985196804 0.651376887661 -0.260273182634 -0.26410538694
1429908514.16
651.699505089 -226.365430507 45.8321629873 0.662084496228 0.651296072434 -0.260028284072 -0.264296720867
1429908514.18
651.707899058 -226.375794179 45.8654588593 0.662032510293 0.651337828986 -0.260217480104 -0.264138000117
1429908514.19
651.704525366 -226.387452214 45.8597557355 0.662113504586 0.651275580335 -0.260060998173 -0.264242664458
1429908514.21
651.682448739 -226.375398055 45.8076143119 0.662027887667 0.65135065894 -0.260204369216 -0.264130900704
1429908514.23
651.693570863 -226.370604671 45.8314160482 0.661934691109 0.651401191423 -0.260265600379 -0.264179520901
1429908514.24
651.69966839 -226.37740445 45.8404828176 0.661960907247 0.651393853678 -0.260195412983 -0.264200939704
1429908514.26
651.709485339 -226.397036229 45.8722133734 0.662101849698 0.651256634278 -0.260101075241 -0.264279037774
1429908514.28
651.700092462 -226.386161452 45.8659043801 0.662051192712 0.651285982339 -0.26029550118 -0.264142221568
1429908514.29
651.691402287 -226.378794922 45.8179242899 0.661960041055 0.651368854637 -0.259971781067 -0.264484666117
1429908514.31
651.697539661 -226.354693192 45.7997391553 0.661879038388 0.651450680472 -0.260068921684 -0.264390556688
1429908514.33
651.689156159 -226.363630551 45.8194787097 0.662026378584 0.651350238768 -0.2600626566 -0.26427539799
1429908514.34
651.703870239 -226.388311954 45.849795885 0.6619495114 0.651369886313 -0.260254165384 -0.264230763954
1429908514.36
651.699538127 -226.391572425 45.8427669378 0.661970862292 0.651330533491 -0.26001250983 -0.264512281383
1429908514.38
651.720352131 -226.377671589 45.8725124287 0.662102284725 0.651253719462 -0.260168678902 -0.264218592282
1429908514.4
651.680683355 -226.364837412 45.7987779997 0.661958624977 0.651358331756 -0.260073630047 -0.264413999739
1429908514.41
651.686463419 -226.381497097 45.8404469868 0.661989835297 0.651373340058 -0.260195948472 -0.264178749304
1429908514.43
651.714505899 -226.379776549 45.8672121014 0.66208254124 0.651245339974 -0.260336389063 -0.264123690689
1429908514.45
651.710992136 -226.379559087 45.8510510417 0.662083105735 0.651313701367 -0.260100569656 -0.26418578806
1429908514.46
651.691682549 -226.371788109 45.8247395186 0.662034833837 0.651313351029 -0.260233561702 -0.264176971999
1429908514.48
651.694936767 -226.371568219 45.8193110953 0.661937272319 0.65137647715 -0.260054476154 -0.264441720469
1429908514.5
651.688974611 -226.371523345 45.8225547505 0.661981849351 0.651366693089 -0.260242750622 -0.264168951392
1429908514.51
651.711831643 -226.385508489 45.8632056131 0.662072021986 0.651288042255 -0.260327147288 -0.264053495843
1429908514.53
651.6997312 -226.377381711 45.8428699242 0.661962092582 0.651330017859 -0.26007214055 -0.264476448271
1429908514.55
651.689413642 -226.38101642 45.8172911421 0.661982155807 0.651341278899 -0.260149284709 -0.264322670763
1429908514.56
651.688633322 -226.383228308 45.8279320628 0.661963639598 0.651360287231 -0.260053761627 -0.2644162589
1429908514.58
651.702126841 -226.371363889 45.8342671318 0.66192200017 0.651364043347 -0.26009946942 -0.264466526226
1429908514.6
651.695060216 -226.376893385 45.8444553093 0.662100615447 0.651234152193 -0.260082908158 -0.264355454288
1429908514.61
651.715670798 -226.374264525 45.8526060765 0.662047282308 0.651272465354 -0.260048287203 -0.264428873611
1429908514.63
651.700373014 -226.362838591 45.8269580587 0.66198659421 0.651384140971 -0.260133634635 -0.26422173527
1429908514.65
651.688362079 -226.373590421 45.8033528402 0.661871974244 0.651428658054 -0.260016936273 -0.264513578401
1429908514.66
651.695119378 -226.382855518 45.8404388654 0.662078558337 0.651273453507 -0.260146344684 -0.264251747242
1429908514.68
651.702547064 -226.376084716 45.8387365787 0.661980541387 0.651381655814 -0.26017828259 -0.264198564167
1429908514.69
651.699979436 -226.378787888 45.8454434378 0.662057977957 0.651308286746 -0.260065524951 -0.264296590203
1429908514.71
651.687163534 -226.371936384 45.8126917586 0.662056309111 0.651293043829 -0.25997178619 -0.264430713117
1429908514.73
651.693914179 -226.366522494 45.8142374446 0.661958379213 0.651412589155 -0.260295116438 -0.264063178958
1429908514.74
651.707437088 -226.381653186 45.8465933198 0.661990766069 0.651336311469 -0.259958775821 -0.264500820423
1429908514.76
651.705226435 -226.377457153 45.8568225827 0.662049537759 0.651335885601 -0.260237462478 -0.264080556502
1429908514.78
651.703764256 -226.371861322 45.8461233679 0.661999816014 0.651307296867 -0.260044575741 -0.264465243463
1429908514.8
651.693970474 -226.382097955 45.8292121503 0.662011950129 0.65129629921 -0.260214554593 -0.264294693805
1429908514.81
651.696724312 -226.379027117 45.8158462898 0.661966284576 0.651364342527 -0.260112282322 -0.264341951832
1429908514.83
651.692313131 -226.369968288 45.8041601181 0.661911387214 0.651396272061 -0.26022216693 -0.264292745527
1429908514.85
651.699601409 -226.383039421 45.8531740446 0.662038197375 0.651269011209 -0.26023274897 -0.264278455076
1429908514.86
651.698266047 -226.379298443 45.8373949744 0.662022959739 0.651315757233 -0.260274478364 -0.264160437294
1429908514.88
651.702276503 -226.369507223 45.8261272665 0.661975799618 0.651350260572 -0.259908659558 -0.264553096029
1429908514.9
651.687881254 -226.372850176 45.8220127281 0.662015181723 0.651338217298 -0.260169552077 -0.264227598558
1429908514.91
651.708511025 -226.37455469 45.8327422409 0.661938237583 0.651357405887 -0.26004826524 -0.264492500162
1429908514.93
651.699446038 -226.377590063 45.8489637201 0.6620503329 0.651327478609 -0.260284757793 -0.264052419632
1429908514.95
651.703693831 -226.381574913 45.841461838 0.662038445101 0.651305944884 -0.26012343466 -0.264294393119
1429908514.96
651.692618631 -226.38140121 45.8224008885 0.662006802576 0.651359645972 -0.260128674955 -0.264236183489
1429908514.98
651.703318007 -226.369015416 45.8355309365 0.661972205311 0.651382491092 -0.260153725547 -0.264241742795
1429908515.0
651.699213363 -226.380304191 45.8385364236 0.661960277361 0.651387604182 -0.26023311691 -0.264180788501
1429908515.01
651.701573357 -226.387614503 45.8392531323 0.661949296878 0.651345042599 -0.259952932358 -0.26458901971
1429908515.03
651.704760785 -226.371803494 45.8401711722 0.662041078668 0.651336428755 -0.260254286869 -0.264083781448
1429908515.04
651.69874381 -226.375115152 45.8318342343 0.661949785368 0.651346936196 -0.260092856681 -0.264445320963
1429908515.06
651.695192298 -226.373030819 45.8275731364 0.662030123756 0.651302832168 -0.260131269875 -0.264315047841
1429908515.08
651.70106902 -226.375824005 45.842024278 0.662041849607 0.651269093725 -0.26019024306 -0.264310926752
1429908515.09
651.70386087 -226.381085974 45.8421043848 0.661984608022 0.651307134841 -0.260058285203 -0.264490449726
1429908515.11
651.70534733 -226.383133509 45.8355238116 0.66192341594 0.651393029677 -0.260027865263 -0.264461769009
1429908515.13
651.699506256 -226.369067025 45.8295743338 0.661959278542 0.651384000513 -0.260164878651 -0.264259281476
1429908515.14
651.698907879 -226.385273533 45.8354178682 0.661939597209 0.651362660893 -0.260083256539 -0.264441866542
1429908515.16
651.701070069 -226.385377688 45.8423858688 0.662005773945 0.651342441907 -0.260313157868 -0.264099493612
1429908515.18
651.697171463 -226.376694096 45.8377401726 0.661985151138 0.651335221759 -0.260129302292 -0.264349781046
1429908515.19
651.69767169 -226.377344485 45.8223598605 0.662023393755 0.651342506172 -0.26018733824 -0.264178916556
1429908515.21
651.695831644 -226.367481425 45.8255624298 0.662007412963 0.651353791608 -0.260213634445 -0.264165432093
1429908515.23
651.700883739 -226.375812477 45.8377946427 0.662013683746 0.651309711591 -0.260161827108 -0.264309350882
1429908515.24
651.700883958 -226.379905502 45.8486156483 0.661972338681 0.651360768685 -0.260195682083 -0.264253826822
1429908515.26
651.70005319 -226.380242338 45.8333353655 0.661991852716 0.651345972891 -0.260153683628 -0.264282893737
1429908515.28
651.708573508 -226.375574584 45.8429779864 0.662017527046 0.65130275211 -0.260178387329 -0.264300600183
1429908515.29
651.694455462 -226.380119655 45.8218424361 0.661963316963 0.651322841805 -0.260176380955 -0.264388828172
1429908515.31
651.70559498 -226.383076641 45.8446592585 0.661925805127 0.651355469094 -0.260046917726 -0.264529846911
1429908515.33
651.703606418 -226.380582459 45.8457650122 0.662024790181 0.651278234539 -0.260182062879 -0.26433903879
1429908515.34
651.700987557 -226.38420948 45.8366464954 0.661951914507 0.651350137761 -0.260150501218 -0.264375448654
1429908515.36
651.700097468 -226.372067495 45.8282969336 0.661966169545 0.651353456817 -0.260223148023 -0.264260467386
1429908515.38
651.692286063 -226.375167343 45.8262140321 0.661949309534 0.651382316186 -0.260372840531 -0.264083776681
1429908515.39
651.702298815 -226.373072177 45.834064085 0.66197203947 0.651298881701 -0.260017788709 -0.264581877447
1429908515.41
651.704818168 -226.382546747 45.837920636 0.661929792512 0.651371428027 -0.260093968769 -0.264434262864
1429908515.43
651.703276991 -226.375250858 45.8461475366 0.66197824411 0.651374306603 -0.260241688358 -0.264160007649
1429908515.44
651.684521276 -226.379613536 45.8319526637 0.661959012582 0.651401506928 -0.260450950719 -0.263935074027
1429908515.46
651.669947971 -226.3707434 45.826564055 0.661982268535 0.65135760862 -0.260469830675 -0.263966185233
1429908515.48
651.667901843 -226.372903934 45.8367585825 0.662026785087 0.651384262434 -0.260461562757 -0.263797138341
1429908515.49
651.654750357 -226.370633451 45.8322569593 0.662056739433 0.651336852321 -0.260494493054 -0.263806647336
1429908515.51
651.647022788 -226.357336704 45.8321817313 0.661912911256 0.651531382423 -0.260563354729 -0.263618942151
1429908515.53
651.626976514 -226.364552628 45.8252535125 0.661934711513 0.651484615782 -0.260745522322 -0.263499569858
1429908515.54
651.632771779 -226.349279032 45.8321843212 0.661890411046 0.651531637884 -0.260809562313 -0.263431349461
1429908515.56
651.618965032 -226.357696908 45.8398059539 0.661963746989 0.651551819433 -0.260615720518 -0.263389094202
1429908515.58
651.624270164 -226.346926143 45.8407329013 0.661986792471 0.651475036682 -0.260826851779 -0.263312169476
1429908515.59
651.596275583 -226.357182132 45.826217198 0.661889257967 0.651622223634 -0.260990685584 -0.263030397324
1429908515.61
651.595460126 -226.345651181 45.8193141557 0.661893397172 0.651683072578 -0.260879578927 -0.26297931884
1429908515.63
651.585087815 -226.344867268 45.8363402308 0.661954489841 0.651689162922 -0.260840670621 -0.262849330525
1429908515.64
651.473883876 -226.314363696 45.8283481337 0.662538222473 0.65210819211 -0.259497029825 -0.261666486675
1429908515.66
651.216987023 -226.200719148 45.8504277865 0.663099795473 0.653057250606 -0.257703567409 -0.259641687374
1429908515.68
649.790649855 -225.634075043 45.8626799288 0.665943459373 0.656167167685 -0.249715718235 -0.252222210981
1429908515.69
647.610249836 -224.789095891 45.9633489798 0.668690103162 0.660132108072 -0.242674073873 -0.241243505343
1429908515.71
626.406877364 -216.980041667 46.2923239771 0.693102787565 0.683327887036 -0.153644565191 -0.170511954326
1429908515.73
636.045585685 -220.598657571 46.4355975723 0.680065260355 0.677471332601 -0.200194787819 -0.196152248188
1429908515.74
589.546391429 -205.816816768 46.6259351652 0.709517823022 0.702657986354 -0.0367120437485 -0.0389587270947
1429908515.76
567.342343613 -198.846653861 46.5138544115 0.709037555662 0.701929187079 0.0539688582506 0.040718940879
1429908515.78
557.318206712 -195.372567115 46.6313798133 0.704861181649 0.699490131281 0.0893137623643 0.0769199212388
1429908515.79
538.680137936 -189.189731344 46.7382355041 0.692494698885 0.685239686444 0.165549877831 0.15329913991
1429908515.81
530.140373025 -186.261437967 46.7547640662 0.684059421103 0.673820250377 0.204150155384 0.190686676769
1429908515.83
515.330595279 -181.061269662 47.1528540997 0.664551868973 0.641368850265 0.285847861492 0.255573519018
1429908515.84
508.97572595 -178.403279976 47.2774982166 0.651504384286 0.618445263214 0.333677967745 0.285896409794
1429908515.86
490.537986333 -171.317622889 47.055995187 0.590583909548 0.580539421147 0.409605554337 0.382647766751
1429908515.88
501.740306185 -175.808270829 46.9833106308 0.62585643434 0.615865761243 0.351345361114 0.324931031558
1429908515.89
477.807790043 -165.313540742 47.1067394647 0.530691889 0.518889856565 0.487143037889 0.460243756753
1429908515.91
474.469201684 -163.428712735 46.7535180086 0.497269387064 0.510641335528 0.503645296887 0.488184151388
1429908515.93
469.695111765 -160.101058225 46.8474630228 0.459204971081 0.464446230258 0.546053883953 0.524650656174
1429908515.94
467.953403801 -158.598043727 46.8595690226 0.439999949627 0.443312120307 0.562622514581 0.541610985695
1429908515.96
465.602004513 -155.921278063 46.8298560865 0.40186068989 0.407078816942 0.591189062178 0.568596351964
1429908515.98
464.870632016 -154.801387107 46.8498259102 0.386393718715 0.391441345564 0.601640739583 0.579235074751
1429908515.99
463.978319207 -153.122276844 46.7834081724 0.363012005682 0.366678402867 0.616941415656 0.594275590728
1429908516.01
463.660943567 -152.285225834 46.7757867869 0.349549603616 0.354724660997 0.624147921396 0.602026348993
1429908516.03
463.78925106 -152.602495391 46.7773912707 0.35492319257 0.359258469901 0.621140451713 0.5992982766
1429908516.04
463.684503617 -152.299506251 46.7698212841 0.349578123788 0.354709604609 0.624157901372 0.602008317952
1429908516.06
463.69151028 -152.297617014 46.7731231454 0.349322341701 0.354945911102 0.624315830692 0.601853715085
1429908516.08
463.684441124 -152.305993702 46.7696437537 0.349373993843 0.354855648428 0.624209146662 0.601987412145
1429908516.09
463.686323728 -152.296274951 46.7686859036 0.349599646345 0.354704023064 0.624237950552 0.601915937262
1429908516.11
463.687605859 -152.298125509 46.7555208246 0.349635320811 0.354602365766 0.62410792403 0.602089999491
1429908516.13
463.690479211 -152.298074708 46.7601498155 0.349556584428 0.354734533008 0.624221048084 0.601940547506
1429908516.14
463.690915807 -152.299950353 46.7715478232 0.34948002491 0.354829187877 0.624383773764 0.601760410089
1429908516.16
463.691242288 -152.301271987 46.758955704 0.349697772958 0.354507934998 0.624361677606 0.601846077739
1429908516.18
463.690521348 -152.30326328 46.7579230981 0.349478597904 0.35475302642 0.624130266841 0.602069033435
1429908516.19
463.689886529 -152.294506272 46.7660605388 0.349399272058 0.354938240871 0.624324253313 0.601804725609
1429908516.21
463.685354082 -152.304534244 46.7620625741 0.349602871818 0.354568493857 0.624222516442 0.602009950837
1429908516.23
463.691601316 -152.298356563 46.7636622982 0.349512247446 0.354749956607 0.624402325216 0.601769237133
1429908516.24
463.692508816 -152.298637501 46.7547575153 0.349543257835 0.35456284407 0.62434432743 0.601921595408
1429908516.26
463.687683425 -152.303485668 46.7567589984 0.349683509521 0.354543413847 0.624116231146 0.602088103379
1429908516.28
463.692105251 -152.298811346 46.7658722362 0.349489981181 0.354765249341 0.624329790697 0.601848168804
1429908516.29
463.686037741 -152.301701549 46.7648953102 0.349258890349 0.354789373399 0.624303888033 0.601995154861
1429908516.31
463.686700026 -152.301664599 46.7578001769 0.349721442213 0.354602295321 0.624121410677 0.602026005221
1429908516.33
463.691384282 -152.293503133 46.7633839024 0.349449008658 0.354893452201 0.624338682833 0.601787305837
1429908516.34
463.685720517 -152.294198584 46.7520870151 0.349719458858 0.354563099518 0.624158251318 0.602012080158
1429908516.36
463.688228655 -152.298983581 46.753292653 0.349521802023 0.354781293216 0.624281027963 0.601870934409
1429908516.38
463.68871468 -152.296310439 46.7701530538 0.349445596169 0.354773345465 0.62439798646 0.601798561831
1429908516.39
463.688617843 -152.302927671 46.7522785693 0.349660584252 0.354662781349 0.624023123592 0.602127583518
1429908516.41
463.69234313 -152.293784516 46.7632739349 0.349503224623 0.354795777099 0.624352885579 0.601798645939
1429908516.43
463.690249919 -152.296563074 46.7521433638 0.349664460223 0.354469073473 0.624295396748 0.60195714402
1429908516.44
463.689969787 -152.294406882 46.7602161199 0.349438299292 0.35479369646 0.624404797143 0.601783690636
1429908516.46
463.690204608 -152.295364289 46.7672205181 0.349313943739 0.35493157833 0.624389704353 0.601790347667
1429908516.48
463.689737654 -152.302680161 46.7569327801 0.349476433705 0.354664441676 0.624212741691 0.602036998487
1429908516.49
463.687506763 -152.295368415 46.7617905065 0.349594736139 0.35472616682 0.624322175378 0.601818482749
1429908516.51
463.690712718 -152.298955955 46.7524025801 0.349610852276 0.354619139315 0.624310232588 0.60188457843
1429908516.53
463.688138045 -152.294882299 46.7456213359 0.349606225718 0.354557775327 0.624248508961 0.601987490455
1429908516.54
463.689635826 -152.29552901 46.7679255207 0.349298972051 0.354949385349 0.624395599322 0.601782325345
1429908516.56
463.687060673 -152.302289006 46.7640906921 0.34960716289 0.35468735295 0.624150458312 0.602012180529
1429908516.58
463.687120243 -152.293545351 46.7500605249 0.349491612098 0.354971771951 0.624261573265 0.601796393086
1429908516.59
463.681796537 -152.295165266 46.747592951 0.349531193145 0.3546547948 0.62422849275 0.60199473009
1429908516.61
463.692275574 -152.303107833 46.7587503045 0.349633945394 0.354535848636 0.624142695779 0.602093887865
1429908516.63
463.68763667 -152.297358053 46.7589661918 0.34950722814 0.354807173719 0.624280743104 0.601864424624
1429908516.65
463.688637464 -152.293983472 46.7583126194 0.349394454978 0.354891121553 0.624432309408 0.601723196198
1429908516.66
463.688152098 -152.302979396 46.7558469037 0.349625704485 0.354613694285 0.624158402229 0.602036598454
1429908516.68
463.689686238 -152.299265566 46.7534553521 0.349498932039 0.354698116844 0.624357356335 0.601854018659
1429908516.7
463.68844561 -152.297990773 46.7494741877 0.349658162604 0.354513428526 0.624203090267 0.602030318683
1429908516.71
463.68866671 -152.295951415 46.7629223628 0.349572646044 0.354702707635 0.624395675748 0.601768844005
1429908516.73
463.689480884 -152.300519583 46.7519505007 0.34965159065 0.354490227132 0.624371504591 0.601873207919
1429908516.75
463.689723401 -152.29489525 46.763487198 0.349577707377 0.35476304701 0.624359592366 0.601767715074
1429908516.76
463.688377912 -152.295777526 46.7527623356 0.349563014135 0.354694126024 0.624194062066 0.601988672417
1429908516.78
463.685612859 -152.296065968 46.7449055532 0.349621551362 0.354640009712 0.624195699893 0.601984858167
1429908516.8
463.685698272 -152.296466797 46.7439698976 0.349710674161 0.354566714807 0.624191159717 0.60198097523
1429908516.81
463.691356908 -152.298017582 46.7703522407 0.349490776317 0.354734076563 0.624440411762 0.601751439356
1429908516.83
463.690349405 -152.299159309 46.7517986707 0.349758489926 0.354451773308 0.624148713759 0.602064823123
1429908516.85
463.685219854 -152.297892077 46.766820908 0.349376047473 0.354854054167 0.624372888661 0.601817332915
1429908516.86
463.687857147 -152.294595771 46.7484443946 0.349581404513 0.354633434705 0.624204571047 0.602002822567
1429908516.88
463.686099813 -152.298468308 46.744335052 0.349599822353 0.354662551793 0.624185545618 0.601994586779
1429908516.9
463.687755608 -152.300877826 46.7507052405 0.349668824011 0.354517261836 0.624249081228 0.601974348932
1429908516.91
463.689375076 -152.300942506 46.7511467688 0.349602709979 0.354666496516 0.624048651092 0.602132532957
1429908516.93
463.68386283 -152.304302614 46.7551014718 0.349517502631 0.354648001798 0.624165307857 0.602072160916
1429908516.95
463.686326247 -152.296811695 46.7462510603 0.349413753763 0.354843158599 0.624251354642 0.601928017054
1429908516.96
463.686900567 -152.298842946 46.7506601496 0.349735862176 0.354423902732 0.624251970647 0.601987312393
1429908516.98
463.690245348 -152.294312285 46.7555317193 0.349304175412 0.354943519675 0.624365316417 0.60181439649
1429908517.0
463.688093222 -152.296315408 46.7466093283 0.349507791463 0.354661683166 0.624189281221 0.602044816682
1429908517.01
463.692319329 -152.299310528 46.7502073631 0.349757413928 0.354474943903 0.624109702191 0.602092369317
1429908517.03
463.687119921 -152.2933777 46.7589932188 0.349607819107 0.354721602662 0.624307990348 0.601828232323
1429908517.05
463.686822425 -152.292329201 46.7432391621 0.349647410399 0.354641239981 0.624242858557 0.6019201052
1429908517.06
463.682752225 -152.296260303 46.7440005278 0.349527455287 0.354702521064 0.624145627689 0.602054487235
1429908517.08
463.691059909 -152.293306473 46.7596611343 0.349418303986 0.35486878355 0.624332696197 0.6018259057
1429908517.09
463.683406516 -152.301241045 46.748271502 0.349583376858 0.354577809066 0.624172879704 0.602067285295
1429908517.11
463.688255623 -152.294060952 46.7428074796 0.349529539786 0.354800255382 0.624287351275 0.601848722178
1429908517.13
463.689799147 -152.296051914 46.7593476918 0.349373989019 0.354877191681 0.624283072079 0.601898209449
1429908517.14
463.691653436 -152.303016646 46.7667327989 0.349374163328 0.354726788917 0.62432433625 0.601944024587
1429908517.16
463.690527849 -152.294059166 46.7570424067 0.349431947851 0.354830826833 0.624390265393 0.601780654496
1429908517.18
463.693416839 -152.292029949 46.7454875103 0.349811675991 0.354474190394 0.624218492383 0.601948340029
1429908517.19
463.690059784 -152.302922326 46.7575703796 0.349387927898 0.354851915862 0.624367538834 0.601817319944
1429908517.21
463.683558305 -152.292626097 46.7308441613 0.349543687424 0.354679001398 0.624297477732 0.60190151253
1429908517.23
463.687318069 -152.306490402 46.760417994 0.349741967941 0.354618788204 0.62409944798 0.602027140687
1429908517.24
463.686629831 -152.29379798 46.7650234718 0.349581112767 0.354600607972 0.624244071578 0.601981322351
1429908517.26
463.686773905 -152.297066866 46.7471578492 0.349500797463 0.354765977843 0.624115831945 0.602063547982
1429908517.28
463.687979903 -152.302127925 46.7393405574 0.349738270166 0.354598405683 0.624231689034 0.601904211525
1429908517.29
463.685192902 -152.288632931 46.773645909 0.349590209337 0.354622086896 0.624306141231 0.601899110746
1429908517.31
463.690691553 -152.303010896 46.7250144473 0.349535273603 0.354646607151 0.624279772865 0.601943807084
1429908517.33
463.682733496 -152.285736014 46.7320910449 0.349421319079 0.354824989456 0.624346128277 0.601835900344
1429908517.34
463.687729522 -152.314704158 46.7705612889 0.349685600613 0.354571941704 0.624095561512 0.602091570087
1429908517.36
463.679547652 -152.283722067 46.7483196361 0.349581949555 0.354642135463 0.624283808492 0.601915163482
1429908517.38
463.694898747 -152.306702687 46.7675861173 0.349602109611 0.354713915295 0.624421159141 0.601718667946
1429908517.39
463.685452702 -152.301712226 46.7665910908 0.349513671173 0.354676146946 0.62418314975 0.602039214364
1429908517.41
463.690731283 -152.29133778 46.7227332289 0.349734580444 0.354435917928 0.624253668343 0.601979308368
1429908517.43
463.68782947 -152.30210847 46.7800594167 0.349680399642 0.354591110674 0.624421237176 0.601745398282
1429908517.44
463.687424318 -152.303280535 46.7489941993 0.349493633025 0.354670332604 0.624214586736 0.602021579366
1429908517.46
463.696690428 -152.289413348 46.755678475 0.349398918713 0.354847055819 0.624373934804 0.601807211134
1429908517.48
463.686045069 -152.280248566 46.7351469798 0.349550122957 0.35471105497 0.624197383793 0.601982721387
1429908517.49
463.686638697 -152.28643942 46.7468165589 0.349478065391 0.354891970724 0.624353509322 0.60175588178
1429908517.51
463.691555467 -152.295373985 46.762112395 0.349371974292 0.354874056485 0.624387600734 0.601792695392
1429908517.53
463.69180918 -152.305736718 46.7609082584 0.349635548201 0.354576781433 0.624168889962 0.602041879471
1429908517.54
463.688130592 -152.298852075 46.7503593432 0.349651217212 0.354591914433 0.62418352382 0.602008667547
1429908517.56
463.690116584 -152.296129989 46.747432964 0.349557448604 0.354766061944 0.624262588269 0.601878290758
1429908517.58
463.69230428 -152.295786648 46.7523549643 0.349608755285 0.35453073118 0.62427659451 0.601972687616
1429908517.59
463.686624342 -152.296240343 46.7510874123 0.349594887241 0.354670703455 0.624377435996 0.601793608415
1429908517.61
463.683214584 -152.284667176 46.7481060565 0.349668621934 0.354630856217 0.624194708798 0.601963869776
1429908517.63
463.685613879 -152.279139086 46.7333495888 0.349721884372 0.35459638777 0.624257156793 0.601888464263
1429908517.64
463.681579095 -152.296475151 46.743221412 0.349625585261 0.354603556924 0.624124857845 0.602077411913
1429908517.66
463.690015852 -152.297579114 46.7498091603 0.349331399446 0.354906923828 0.624341802822 0.601844560537
1429908517.68
463.692117977 -152.300743856 46.7521105641 0.349657153295 0.354564479181 0.624327003955 0.601872378911
1429908517.69
463.684336317 -152.295699482 46.7508231748 0.349361316191 0.35488311575 0.624410620403 0.601769784847
1429908517.71
463.683558128 -152.301768284 46.7520067119 0.349669603197 0.354632207733 0.624038626464 0.602124396544
1429908517.73
463.692666095 -152.293877453 46.7449039139 0.349529040964 0.354743617455 0.62430525497 0.601863887743
1429908517.74
463.688103024 -152.295969468 46.7490587312 0.349775270111 0.354511707739 0.624124527137 0.602044850121
1429908517.76
463.691453384 -152.301914762 46.7591601319 0.349325566193 0.354901955393 0.624394067643 0.601796533607
1429908517.78
463.683231218 -152.288844902 46.7510155001 0.349432867944 0.354857508177 0.624117805944 0.602046821151
1429908517.79
463.685536353 -152.309926154 46.7572607358 0.349427236377 0.354736979194 0.624201628148 0.60203438791
1429908517.81
463.690022799 -152.293106397 46.7414444389 0.34952487749 0.354752125049 0.624264546463 0.601903604692
1429908517.83
463.684503872 -152.286503548 46.73643512 0.349501317535 0.354740463638 0.624349260452 0.601836147902
1429908517.84
463.683234776 -152.295933127 46.7499438549 0.34954837413 0.35474328561 0.624138652041 0.602025591579
1429908517.86
463.684748716 -152.295883559 46.7526463803 0.349393464721 0.354902568893 0.624330807025 0.60182240147
1429908517.88
463.684721723 -152.297424313 46.7508294152 0.349783717097 0.354412113009 0.624187968459 0.602032825749
1429908517.89
463.693084366 -152.307548582 46.7626382044 0.349587713036 0.354619006067 0.624372369387 0.601833604503
1429908517.91
463.692195789 -152.302646036 46.7434081696 0.349618716855 0.354570730631 0.624214650728 0.602007628109
1429908517.93
463.687687395 -152.293081437 46.7379951149 0.349863963165 0.354389313851 0.624290026142 0.601893707233
1429908517.94
463.682856872 -152.299239126 46.7564713238 0.349401267903 0.354860160071 0.624195712618 0.601982986833
1429908517.96
463.687442307 -152.29287439 46.7356715785 0.349759298529 0.35449845017 0.624230934909 0.601951547168
1429908517.98
463.688548027 -152.291807309 46.7437060676 0.349534139313 0.354670547215 0.624269767401 0.601940740337
1429908517.99
463.690997731 -152.29792762 46.7561944589 0.349442435426 0.354855311837 0.624324364488 0.601828463011
1429908518.01
463.685191216 -152.295497793 46.7489735342 0.349698194771 0.354542610308 0.624220977624 0.601971449893
1429908518.03
463.687838001 -152.291734352 46.7609065011 0.349410720828 0.354869385618 0.624375756706 0.60178537092
1429908518.04
463.686216549 -152.302997831 46.7450272661 0.349385729864 0.354845876293 0.624229419103 0.601965480956
1429908518.06
463.694669891 -152.299801248 46.743227221 0.349792644157 0.354521288101 0.624235021935 0.601914626337
1429908518.08
463.685646825 -152.296809042 46.756864309 0.34953967786 0.354722585135 0.624353157446 0.601820347293
1429908518.09
463.686229306 -152.307273364 46.7448432541 0.349765876511 0.354528442048 0.624213458628 0.601948283079
1429908518.11
463.683780994 -152.295474708 46.7485983765 0.349548559263 0.354615147313 0.624158554172 0.602080411436
1429908518.13
463.684972277 -152.28635756 46.7608782484 0.349504127197 0.354727661782 0.624387728133 0.601802139642
1429908518.14
463.692360552 -152.297725473 46.75012042 0.349692000505 0.354524773678 0.624187821523 0.602019902242
1429908518.16
463.691072092 -152.294374335 46.7333430876 0.349686370533 0.35454830177 0.624247273335 0.601947608568
1429908518.18
463.683368721 -152.294744806 46.7510417483 0.349475518947 0.354648975071 0.624327164143 0.601927919696
1429908518.19
463.693195508 -152.306298895 46.7493412253 0.349746837602 0.354545909638 0.624207356688 0.601955333757
1429908518.21
463.683261412 -152.295811013 46.7356733193 0.349561796837 0.35481710148 0.624214275075 0.601895981833
1429908518.23
463.690393979 -152.298800165 46.7568708728 0.349588892238 0.354524279575 0.624331362848 0.601931312283
1429908518.24
463.684535791 -152.300853371 46.7726394846 0.349392981608 0.354954668237 0.624094875206 0.60203657901
1429908518.26
463.689330955 -152.304684711 46.7541333485 0.349763111272 0.35452057004 0.624261273608 0.601904894388
1429908518.28
463.691073657 -152.287652917 46.7271181838 0.349620863382 0.354494934294 0.624175104203 0.60209197419
1429908518.29
463.692264437 -152.302741376 46.7511886984 0.349507283314 0.354715192191 0.624314989855 0.601883236609
1429908518.31
463.684808914 -152.290512445 46.7612833842 0.349593506362 0.35488642403 0.624085725799 0.601969978671
1429908518.33
463.689371872 -152.301750445 46.74034966 0.349677453328 0.354534978837 0.62418286222 0.60202747738
1429908518.34
463.687179387 -152.29479181 46.7538675693 0.349503359233 0.354906937919 0.624202890866 0.60188866163
1429908518.36
463.685251681 -152.304731498 46.7495773015 0.349551033157 0.354620045139 0.624177708982 0.602056208033
1429908518.38
463.689305485 -152.296237433 46.7351351635 0.3496445766 0.354540597608 0.624291723257 0.601930296645
1429908518.39
463.689910095 -152.293877156 46.7620581186 0.349535882158 0.354818195843 0.624192288091 0.601933087941
1429908518.41
463.687850401 -152.301821487 46.7605007939 0.349509388196 0.354695479288 0.624239307517 0.601972012472
1429908518.43
463.692354895 -152.29346929 46.7573135398 0.349446342911 0.354704709776 0.624421642236 0.601814105433
1429908518.44
463.686981616 -152.299051441 46.7602911802 0.349480387765 0.354767505076 0.624257541621 0.601927463755
1429908518.46
463.687588353 -152.29809075 46.7431986227 0.349695622179 0.354575230556 0.624257746542 0.601915686717
1429908518.48
463.693924331 -152.295502054 46.7633899014 0.349649540095 0.354600277588 0.624365210653 0.601816186248
1429908518.49
463.685915005 -152.299476131 46.7531362069 0.349671798997 0.354603887728 0.624067570818 0.602109804281
1429908518.51
463.696284624 -152.295949149 46.7384922454 0.349736163437 0.354481265948 0.624267636809 0.601937121884
1429908518.53
463.684225023 -152.297428028 46.7488180605 0.349435108369 0.354901521315 0.624124935735 0.602012301124
1429908518.54
463.691813383 -152.301142062 46.7522953049 0.349482270466 0.354693398403 0.624405631128 0.601816475098
1429908518.56
463.688799594 -152.299822473 46.7550143382 0.349575223157 0.354666889556 0.62429078436 0.601897238569
1429908518.58
463.683266212 -152.294743593 46.7486812712 0.349345701445 0.354896564332 0.624153157215 0.602037824635
1429908518.59
463.689526228 -152.304208728 46.7524422341 0.349594892073 0.354569201226 0.624228914129 0.602007543131
1429908518.61
463.685305118 -152.301901457 46.7449454438 0.349512418828 0.354720322544 0.624301439708 0.601891162144
1429908518.63
463.690865345 -152.306734014 46.7399221193 0.349667852778 0.354594913187 0.62426451585 0.601913120066
1429908518.64
463.686184136 -152.296351472 46.7600270661 0.349496792192 0.354686044514 0.624376029195 0.601843036189
1429908518.66
463.687929238 -152.303276384 46.7556027886 0.349642755157 0.354568257509 0.624172158902 0.602039094478
1429908518.68
463.692520875 -152.287691732 46.7320659359 0.349693531095 0.354610697626 0.62425086528 0.601902995476
1429908518.69
463.682926944 -152.292327353 46.7436980789 0.349425233001 0.354758626436 0.624267734416 0.601954181396
1429908518.71
463.686556307 -152.289084349 46.7372731212 0.349688129849 0.354618795423 0.62424194729 0.601910706789
1429908518.73
463.698438695 -152.308970963 46.7624473687 0.349730176031 0.354435566828 0.6244063458 0.601823645061
1429908518.74
463.693202302 -152.301268814 46.7519163449 0.349526834294 0.354667635068 0.624334200935 0.601879893435
1429908518.76
463.684901991 -152.30334151 46.7477501993 0.349572521597 0.354643615975 0.6242017811 0.602004958691
1429908518.78
463.685660083 -152.292391527 46.7354237436 0.349535164933 0.354715485683 0.624252334873 0.601931660817
1429908518.79
463.679895827 -152.291152264 46.7397822138 0.349438109456 0.354843919733 0.624290316039 0.601873078297
1429908518.81
463.691898956 -152.304080018 46.7523730066 0.349508020358 0.354802874742 0.624305194556 0.601841054434
1429908518.83
463.682475119 -152.290594257 46.7561923648 0.349542297275 0.354772992977 0.62422665226 0.601920390127
1429908518.84
463.684118231 -152.297754168 46.7289909742 0.349642725868 0.35458935968 0.624221859443 0.601975351711
1429908518.86
463.685027511 -152.292528456 46.751150259 0.349425011707 0.354808946769 0.624414902365 0.601771981609
1429908518.88
463.686977053 -152.298919308 46.7514330675 0.349467850793 0.354773294626 0.624204394279 0.601986504498
1429908518.89
463.68549516 -152.291746036 46.7255330915 0.349555190437 0.354651096185 0.624262347162 0.601947675362
1429908518.91
463.690086453 -152.299107265 46.7525720558 0.349587101527 0.354652267216 0.624370690399 0.601816175557
1429908518.93
463.684586127 -152.298157096 46.7588973372 0.349548058831 0.354722309234 0.624188232104 0.601986643309
1429908518.94
463.693100028 -152.297932138 46.7440138009 0.349662183754 0.354574101653 0.624333494984 0.601856956443
1429908518.96
463.685593872 -152.288719541 46.7420144556 0.349604661485 0.354637659081 0.624263845637 0.601925370788
1429908518.98
463.685620811 -152.294207073 46.7370654985 0.349700939013 0.354510202412 0.624253723235 0.601955014869
1429908518.99
463.689505824 -152.298014594 46.7459091892 0.34952521495 0.354606504977 0.624455521888 0.601790953191
1429908519.01
463.685508301 -152.285806525 46.7303960837 0.349596734512 0.354682724489 0.624295606135 0.601870392393
1429908519.03
463.687513963 -152.299791217 46.7548464945 0.349717257036 0.35453915947 0.624130213798 0.602056582285
1429908519.04
463.688254667 -152.296476344 46.7454659638 0.349579234595 0.354618891726 0.624297097977 0.601916763924
1429908519.06
463.683029373 -152.294261893 46.7421257331 0.349514719561 0.354831733961 0.624174151296 0.60195627437
1429908519.08
463.690635562 -152.298878699 46.7467303139 0.349735382624 0.354497552195 0.624224721294 0.601972441126
1429908519.09
463.685657224 -152.298877463 46.7498570131 0.349376038351 0.354920668502 0.624260154911 0.601895089262
1429908519.11
463.693100845 -152.304193565 46.7546932084 0.34950376845 0.3546475184 0.624439948786 0.601795397146
1429908519.13
463.682369347 -152.287998648 46.7355794218 0.349678473014 0.354590625363 0.624286805968 0.601886431856
1429908519.14
463.688918549 -152.295804915 46.7425984212 0.349572290781 0.35471119965 0.62417575861 0.601992215762
1429908519.16
463.688300876 -152.297537136 46.7442754263 0.349623310102 0.35461841235 0.624142599288 0.602051505395
1429908519.18
463.693535805 -152.297526375 46.7637901541 0.34969863877 0.354516069467 0.624337235667 0.601866265385
1429908519.19
463.684535145 -152.293356216 46.7447563495 0.349405114672 0.354894120498 0.624244834002 0.601909713496
1429908519.21
463.691812635 -152.301956694 46.7586543661 0.349712725464 0.354466239022 0.624353344451 0.601870725132
1429908519.23
463.696766414 -152.300771359 46.7544174895 0.349594992302 0.354553840118 0.624395557078 0.601843688259
1429908519.24
463.693718947 -152.292245009 46.7410151648 0.349734568219 0.354445950704 0.624189581601 0.602039834739
1429908519.26
463.686694762 -152.300568465 46.7581876826 0.349313150438 0.354929887958 0.62429555903 0.601889410505
1429908519.28
463.687386741 -152.29295562 46.752368443 0.349658504996 0.35463659418 0.624230038921 0.60192976053
1429908519.29
463.686061217 -152.291329307 46.7414837793 0.349626110659 0.354680051554 0.624188854934 0.601965680528
1429908519.31
463.692661863 -152.296067704 46.7483949649 0.349499226387 0.354802939813 0.62434838566 0.6018013357
1429908519.33
463.682469319 -152.293954524 46.7475308441 0.349468141069 0.354845396906 0.624193234559 0.601955390341
1429908519.34
463.688248864 -152.296258974 46.7443773913 0.349656300641 0.354588211216 0.62422095199 0.601969096974
