1431890963.34
599.796295414 -42.9488197588 43.6197848894 0.676935627923 0.679546455557 0.211290299582 0.187991895002
1431890963.35
599.808297406 -42.9461281712 43.6145810355 0.676934764132 0.679559589895 0.210783029296 0.1885164319
1431890963.37
599.806255389 -42.9497360909 43.606467109 0.677096187896 0.67943716789 0.211233223756 0.187872852251
1431890963.39
599.803223619 -42.9474132775 43.5991117308 0.67709345067 0.679444122698 0.211211023229 0.18788232569
1431890963.4
599.799671475 -42.9452417203 43.6084270314 0.676831206425 0.679723173598 0.210752925974 0.188331995801
1431890963.42
599.805493674 -42.9535214059 43.6724446352 0.67589184778 0.680663798983 0.208614218526 0.190675118639
1431890963.44
599.796854709 -42.9565083524 43.664908825 0.675955121271 0.680632233476 0.208727542437 0.190439250498
1431890963.45
599.807406094 -42.9544446917 43.6279642103 0.676992269501 0.679514543443 0.211278273179 0.187916794345
1431890963.47
599.800059004 -42.9621477679 43.5983795993 0.676948708282 0.679624894754 0.211083451001 0.187893349878
1431890963.49
599.802997666 -42.9455064755 43.6048043359 0.677033774463 0.679400719918 0.211213465831 0.188251009911
1431890963.5
599.802762006 -42.9447362666 43.6141098152 0.676910588393 0.679617890146 0.210982546811 0.188169465711
1431890963.52
599.804709969 -42.9499302857 43.6279089059 0.676872830245 0.679590532909 0.210838896335 0.188564873566
1431890963.54
599.800671167 -42.9412492392 43.6164758835 0.676807351575 0.679679866493 0.210582295824 0.188764266949
1431890963.55
599.7965899 -42.9412057178 43.6032134011 0.677059693241 0.679458468765 0.211126281662 0.188047457016
1431890963.57
599.801131541 -42.9458003313 43.6230040948 0.676943634035 0.679587606029 0.211260662793 0.187847624233
1431890963.59
599.802727948 -42.9430813057 43.6072176423 0.677049991161 0.679496280853 0.211142371831 0.187927899059
1431890963.6
599.807228547 -42.9500416076 43.6112304985 0.676971213146 0.67955930922 0.211058408293 0.188077567028
1431890963.62
599.804413706 -42.9468864968 43.6002348705 0.676903608692 0.679520735748 0.211112982376 0.188398933792
1431890963.64
599.805902903 -42.9510617514 43.6273470088 0.676662481465 0.679827787589 0.210980907073 0.188305479078
1431890963.65
599.817951307 -42.93289266 43.6207569503 0.676536603792 0.679992915154 0.209925086984 0.189338590513
1431890963.67
599.800724756 -42.9548215839 43.6079446927 0.67696092432 0.67955284106 0.211536789663 0.18760002879
1431890963.69
599.804469139 -42.9464855499 43.6078348859 0.676896187328 0.679588517568 0.210866023621 0.188458027082
1431890963.7
599.803408026 -42.9457067042 43.6050401292 0.676820317248 0.679672701788 0.211253262363 0.187992229518
1431890963.72
599.804084811 -42.9431491834 43.603332978 0.676882697147 0.679629021854 0.211036000504 0.188169519106
1431890963.74
599.806405839 -42.9409585554 43.6049386403 0.67700585218 0.679560807211 0.210886628018 0.188140565797
1431890963.75
599.806333127 -42.949563581 43.5978801198 0.676887362736 0.679669531043 0.210819140477 0.18824941838
1431890963.77
599.802372807 -42.9517656244 43.6109391701 0.676939698487 0.67956523683 0.211197857035 0.188013190022
1431890963.79
599.80440196 -42.9450657628 43.5995484455 0.677015077509 0.679529894185 0.210802892857 0.188312717881
1431890963.8
599.804864223 -42.9431081316 43.6064957018 0.676976880449 0.67955967125 0.210884464109 0.188251030821
1431890963.82
599.795518081 -42.9437462158 43.664575806 0.67607845446 0.680488974043 0.208545116018 0.190712763001
1431890963.84
599.807744893 -42.9518454055 43.6096695532 0.676825836542 0.679664110346 0.211018516816 0.18826679185
1431890963.85
599.801051698 -42.9481341371 43.6034752404 0.677039578274 0.679488234052 0.210877112873 0.188291778834
1431890963.87
599.799368562 -42.9417767236 43.5976683464 0.677018048726 0.679520094272 0.210987498581 0.188130740454
1431890963.89
599.804573274 -42.9417583272 43.6049809725 0.676967302514 0.67957663053 0.210822125933 0.188294167004
1431890963.9
599.806586222 -42.9525001649 43.6081455175 0.67717254131 0.679380833608 0.211050142346 0.188007029517
1431890963.92
599.793057462 -42.9521937987 43.6569515863 0.676100075941 0.680552624408 0.208557935036 0.190394883803
1431890963.94
599.79560626 -42.9524162147 43.6635506231 0.676051149356 0.680588489795 0.20860095541 0.190393433753
1431890963.95
599.786620275 -42.9509656628 43.5723486713 0.676942763781 0.679643843058 0.210868106178 0.188088487037
1431890963.97
599.784788762 -42.9478891207 43.5997662486 0.676995868719 0.679610982838 0.211009803094 0.187856594635
1431890963.99
599.787324655 -42.9521511311 43.6079143042 0.676911167166 0.679640299269 0.211034496547 0.188028119061
1431890964.0
599.778557672 -42.9571491282 43.6040947414 0.677001137662 0.679627448882 0.210833933404 0.187975585957
1431890964.02
597.3391409 -43.263497364 43.7344986097 0.673974867578 0.678725667165 0.217976376709 0.193869754352
1431890964.04
584.145469505 -45.4478260324 44.4908099838 0.67169362157 0.666883454719 0.226688296287 0.229600886602
1431890964.05
573.752943235 -47.293573164 45.190381875 0.661843178641 0.664018926163 0.234943336672 0.256620239203
1431890964.07
562.716315835 -49.1517318272 45.6615515778 0.656259302456 0.653757433564 0.258573707587 0.273997640335
1431890964.09
531.996958986 -53.4629298447 45.0775314189 0.626890355735 0.629201716367 0.32004092038 0.329693976587
1431890964.1
523.032827736 -54.5258089347 45.1771070115 0.617452827801 0.619581224598 0.341564539581 0.343825180717
1431890964.12
506.630575968 -56.1859013825 45.5435794845 0.594861656353 0.600487504662 0.370417612682 0.385170594077
1431890964.14
499.324598472 -56.7523091046 45.804637441 0.581787356852 0.594226118598 0.38246903131 0.402675799871
1431890964.15
492.849470636 -57.1475372443 45.7444140908 0.572170322399 0.584127326026 0.399260609778 0.414751618573
1431890964.17
476.478824615 -57.6598077863 45.7615261991 0.546335199996 0.55768167512 0.435858459359 0.44782644464
1431890964.19
468.292541322 -57.4472928325 45.8717589759 0.535269671538 0.538540322165 0.462972012429 0.457307890054
1431890964.2
465.090456268 -57.2363586073 45.9414735216 0.527092728606 0.534764049583 0.467645230532 0.466392180829
1431890964.22
462.421157541 -57.052941741 45.9994678741 0.521156314801 0.527800841522 0.478287487347 0.47018769351
1431890964.24
458.602389228 -56.7241356247 45.9219170525 0.512621848776 0.518371588739 0.488361899479 0.479610221994
1431890964.25
457.109928267 -56.3342379291 45.9486169351 0.508844436473 0.512607451296 0.494583448029 0.483437514866
1431890964.27
457.319396074 -56.1971571097 45.9346823226 0.5081012534 0.512534426978 0.497623609749 0.481171666127
1431890964.29
457.258718836 -56.2250219116 45.9261029438 0.508089202528 0.512506901883 0.497008087455 0.481848992627
1431890964.3
457.249570455 -56.2237659181 45.9396064462 0.50800309485 0.512503191932 0.496476101381 0.482491754478
1431890964.32
457.28831015 -56.2041624645 45.9499847422 0.508094743737 0.51258785886 0.497062627294 0.481701068181
1431890964.34
457.256694707 -56.2441510145 46.0085094059 0.506697337862 0.513763941626 0.495873407894 0.483143427681
1431890964.35
457.275759659 -56.2174939301 45.951676567 0.508295921873 0.512340978102 0.49692290657 0.481895433435
1431890964.37
457.261848247 -56.2112416553 45.9556891712 0.508081253096 0.512556904646 0.496554602879 0.482271865317
1431890964.39
457.26815837 -56.2129143103 45.9436603552 0.508371437655 0.51228548388 0.496820595279 0.481980264909
1431890964.4
457.280869921 -56.1905521381 45.9427216148 0.508264418667 0.512372299511 0.496888230745 0.481931072023
1431890964.42
457.254390522 -56.213693982 45.9443399538 0.507979458587 0.512573187581 0.496944165551 0.481960148471
1431890964.44
457.27192109 -56.2127673278 45.9236101391 0.508286096282 0.512508923101 0.49707448005 0.4815707501
1431890964.45
457.264620527 -56.2172366354 45.9251930002 0.50833077506 0.5124793912 0.496908759314 0.481725956887
1431890964.47
457.265392624 -56.208432265 45.9334918997 0.508307239895 0.512437120556 0.496754965453 0.481954575621
1431890964.49
457.263434252 -56.2102318734 45.9279916592 0.508250746116 0.512391507712 0.496929633122 0.481882357067
1431890964.5
457.273863987 -56.220072002 45.9392551186 0.508364012038 0.512408439718 0.496704565722 0.48197712996
1431890964.52
457.265220127 -56.2098292325 45.930444026 0.508205849714 0.512507755431 0.49690857684 0.481827826627
1431890964.54
457.253874825 -56.2031588761 45.9425693804 0.50830537057 0.512197541405 0.49711533585 0.481839405887
1431890964.55
457.260921811 -56.2157128255 45.9392931257 0.508080735526 0.512646081943 0.496618245688 0.482111986047
1431890964.57
457.249051152 -56.221299124 45.9339130486 0.508219262913 0.512252507105 0.497190308732 0.481794452727
1431890964.59
457.267844163 -56.2138027781 45.9397379719 0.508419476373 0.512371159797 0.496871072254 0.481786316234
1431890964.6
457.268129818 -56.2131927601 45.9385433626 0.508345899836 0.512488786217 0.496619458681 0.481998435795
1431890964.62
457.254351085 -56.2143631784 45.9185132268 0.50826679352 0.512465612354 0.496759829331 0.481961826054
1431890964.64
457.273982871 -56.2134661124 45.931861004 0.50816255576 0.512725651175 0.49689416243 0.481656403595
1431890964.65
457.272211675 -56.2101925691 45.9283379387 0.508211834817 0.512627189561 0.496723768749 0.481885147309
1431890964.67
457.263025394 -56.209417523 45.9438753395 0.508302825114 0.512355974774 0.49656572838 0.482240327023
1431890964.69
457.249736917 -56.2116352464 45.9243317085 0.508244137866 0.512407565758 0.497072315922 0.481725182027
1431890964.7
457.261301955 -56.2145002886 45.9339774206 0.508174874865 0.512442756203 0.497011692383 0.481823330889
1431890964.72
457.257831028 -56.2136214615 45.9276555103 0.507974822234 0.512618539062 0.496762234573 0.482104552075
1431890964.74
457.268212434 -56.2139152524 45.9360260971 0.508284338498 0.512294511222 0.496933816832 0.481945727164
1431890964.75
457.261439666 -56.2142471996 45.9417533537 0.508123938014 0.512393633872 0.496686404056 0.482264717597
1431890964.77
457.26239922 -56.2183187903 45.9270301171 0.508004359426 0.512780679473 0.496776480646 0.481886033561
1431890964.79
457.255716535 -56.2114684529 45.9235435336 0.508085685334 0.512569191584 0.496877973037 0.481920793829
1431890964.8
457.263547516 -56.2120194249 45.9419193705 0.508096197493 0.512490989368 0.496574684418 0.482305366625
1431890964.82
457.265365514 -56.2166554648 45.9330444422 0.508122804113 0.512630293837 0.496823965316 0.481872377407
1431890964.84
457.268173446 -56.2166615505 45.928976961 0.508113411625 0.512703195272 0.496790669145 0.481839127184
1431890964.85
457.277660082 -56.1970598217 45.9394793186 0.508254656626 0.512562141261 0.496783187709 0.481847736609
1431890964.87
457.272204222 -56.2160458385 45.943094791 0.507953337878 0.512536100715 0.496742855581 0.482234838328
1431890964.89
457.247968449 -56.2104226338 45.9274837916 0.508028659267 0.512613070067 0.49665466776 0.482164353518
1431890964.9
457.258829472 -56.212510058 45.9355222574 0.508224073303 0.512473633179 0.496772727481 0.481985203187
1431890964.92
457.261557352 -56.2132215085 45.9387157243 0.508074476532 0.512557899726 0.496617634738 0.482212981445
1431890964.94
457.278944275 -56.2035295817 45.9260773662 0.508201776211 0.512516767116 0.496678009922 0.482060233533
1431890964.95
457.247791575 -56.2145571657 45.9224435033 0.507942793885 0.512556856173 0.496797507029 0.482167449015
1431890964.97
457.271333135 -56.2110408952 45.9378597194 0.508226329292 0.51278473245 0.496426162592 0.482008964542
1431890964.99
457.250380297 -56.2145743326 45.925877027 0.508138008438 0.512693330007 0.496597651336 0.482022594092
1431890965.0
457.270437942 -56.2129000658 45.9246933462 0.508442635436 0.512365279025 0.496755240397 0.481887836436
1431890965.02
457.268814083 -56.2089343726 45.9209335917 0.50825569221 0.512436944307 0.496874051684 0.481886190896
1431890965.04
457.265080259 -56.2072766094 45.9364949687 0.508302212705 0.512503826625 0.496551158545 0.482098768997
1431890965.05
457.255166365 -56.2204782488 45.9324512577 0.508214219214 0.512336753877 0.496803207929 0.482109608856
1431890965.07
457.263598305 -56.2092876616 45.9391157465 0.508160331582 0.512486226861 0.496756444348 0.482055569521
1431890965.09
457.259149663 -56.2198315999 45.9245030551 0.508101528774 0.512686792139 0.496985851704 0.481667718364
1431890965.1
457.259233499 -56.209759194 45.9258104701 0.508242463841 0.512328226662 0.497243255486 0.481634885713
1431890965.12
457.251369743 -56.2008899473 45.9339476626 0.50803251926 0.512551588952 0.496710219888 0.482168524205
1431890965.14
457.266536343 -56.2166830603 45.9370447416 0.508272984219 0.512305833319 0.496729447781 0.482156479905
1431890965.15
457.254655417 -56.2111914978 45.9225268138 0.508408732992 0.512341032357 0.497173594008 0.481517591491
1431890965.17
457.267840957 -56.2190170493 45.9247287256 0.508285632286 0.512428612678 0.497217796041 0.48150890189
1431890965.19
457.26743195 -56.206183301 45.9399693062 0.508244840908 0.512450469689 0.496731755184 0.482030209914
1431890965.2
457.252826445 -56.2176641325 45.9275292014 0.508026831857 0.512623764704 0.49688110265 0.481921576376
1431890965.22
457.257040802 -56.2071983901 45.9271828322 0.508138137043 0.512472065237 0.497000779525 0.48184227209
1431890965.24
457.257933027 -56.2172911528 45.9231324321 0.508014193116 0.512625900518 0.49663525621 0.482186088863
1431890965.25
457.260996784 -56.2198698945 45.9311664705 0.508008388803 0.512462433164 0.496887651295 0.482105609358
1431890965.27
457.254640001 -56.2118072565 45.9177140505 0.508181376506 0.512566040567 0.496518230997 0.482194092009
1431890965.29
457.263119363 -56.2125711749 45.9207907685 0.507934861016 0.512753110348 0.496726817998 0.482040058954
1431890965.3
457.263264908 -56.2184430344 45.9272027687 0.508029409324 0.512674181521 0.496592221288 0.482163015859
1431890965.32
457.251427904 -56.215786588 45.9225156078 0.508145576312 0.512453629965 0.497036402388 0.481817083812
1431890965.34
457.264752076 -56.2141752964 45.9241012008 0.50820186412 0.51255496705 0.496586093659 0.482114469665
1431890965.35
457.252915723 -56.2048302149 45.9137973061 0.508248345461 0.512407256423 0.496702917992 0.48210207594
1431890965.37
457.260088796 -56.214863595 45.9335561961 0.508363551312 0.512250540864 0.496893292582 0.48195084073
1431890965.39
457.279305748 -56.2100524188 45.9170695855 0.508330243098 0.512525936157 0.496741158769 0.481850067036
1431890965.4
457.257819696 -56.2114529804 45.942428331 0.508225173942 0.512304248969 0.496901889983 0.482030759451
1431890965.42
457.261459141 -56.2154437284 45.9195299789 0.508246121735 0.512382229491 0.496981871331 0.481843223661
1431890965.44
457.261764156 -56.2168526901 45.9408646347 0.508262103134 0.512486479117 0.496729859638 0.481975471591
1431890965.45
457.265932738 -56.2120330525 45.9376482916 0.508107572957 0.512394689725 0.496694045872 0.482272854341
1431890965.47
457.261627714 -56.221817652 45.9201365419 0.508074997914 0.512590356206 0.496708354381 0.482084490809
1431890965.49
457.257542223 -56.2199708088 45.9266070068 0.508167420246 0.512342732179 0.496711364921 0.482247135343
1431890965.5
457.254044 -56.2109041786 45.9142884662 0.508222165832 0.512631221208 0.496608949829 0.481988266834
1431890965.52
457.262264056 -56.2185786843 45.9211923709 0.508390220644 0.512188803556 0.496675241886 0.48221296446
1431890965.54
457.266108459 -56.2123381771 45.9086318905 0.508397454381 0.512344831593 0.497010395049 0.481693976195
1431890965.55
457.260380732 -56.210227548 45.9476056974 0.508241013199 0.512299750835 0.497026270429 0.481890567753
1431890965.57
457.254676568 -56.2093869016 45.9073710473 0.508161711676 0.51269033832 0.496750279545 0.48184319828
1431890965.59
457.250810037 -56.2150518571 45.9135142027 0.508110176542 0.512523485359 0.496740912192 0.482084884266
1431890965.6
457.262119104 -56.2174773168 45.9231766306 0.507945775718 0.512917034303 0.496399610491 0.48219122575
1431890965.62
457.251094556 -56.2136282368 45.9393726998 0.50814620669 0.512529391182 0.496389224349 0.482402665458
1431890965.64
457.241353027 -56.2207555742 45.9191437815 0.508460393283 0.512189682361 0.49701283879 0.481789904975
1431890965.65
457.258749172 -56.207683072 45.9329412868 0.507904980443 0.51263294527 0.496549941863 0.482381469607
1431890965.67
457.250639508 -56.2241480919 45.9124476507 0.508425282317 0.512258608496 0.497152459247 0.481609549942
1431890965.69
457.26630948 -56.2086929302 45.9298175643 0.508080408447 0.512481317103 0.496632740029 0.482272522317
1431890965.7
457.249461474 -56.2200930688 45.9176593686 0.50812356283 0.512542383786 0.496823456365 0.481965622553
1431890965.72
457.262259307 -56.2080449607 45.9360247129 0.508172982403 0.512507138603 0.496603733378 0.482177369954
1431890965.74
457.258481243 -56.2098323376 45.9134415964 0.508214523332 0.512339622331 0.497060902443 0.481840331172
1431890965.75
457.246362201 -56.223473432 45.925790026 0.508039597673 0.512489049488 0.496835530368 0.482098281555
1431890965.77
457.249993939 -56.2229293158 45.9182140902 0.507942994313 0.512800103785 0.496688347588 0.482021121565
1431890965.79
457.274498493 -56.2111792351 45.9381838488 0.508199082604 0.512411389835 0.496986685683 0.481856715598
1431890965.8
457.260113594 -56.2201238335 45.9154796693 0.508146980748 0.512486098277 0.496873922728 0.48194872246
1431890965.82
457.242427025 -56.2207834079 45.9283235284 0.507962035804 0.512567212884 0.49642090967 0.482523994068
1431890965.84
457.249183495 -56.25307262 45.970539772 0.506521606125 0.514251635733 0.49547847008 0.483214042548
1431890965.85
457.259010153 -56.2207859445 45.9539691516 0.508295648984 0.512404364486 0.49670123327 0.482056901553
1431890965.87
457.266590554 -56.2269575803 45.9233337211 0.508024418405 0.51272189656 0.496689858894 0.482017003315
1431890965.89
457.256044315 -56.217771528 45.9257008621 0.508523627461 0.512104230104 0.496901667328 0.48192888151
1431890965.9
457.267550994 -56.2046781989 45.9218387624 0.508484305588 0.512319879731 0.49706470827 0.481572840262
1431890965.92
457.261640517 -56.2067330361 45.936691832 0.50810741697 0.512597323872 0.496634094266 0.482119297305
1431890965.94
457.261965846 -56.2208294269 45.9200534716 0.50810593646 0.512584171433 0.49695629648 0.481802759177
1431890965.95
457.254023262 -56.2173333915 45.9468034123 0.508221568173 0.512277101267 0.496939899255 0.482024105204
1431890965.97
457.262559092 -56.2129861102 45.933082436 0.507895145021 0.512864201433 0.496670661875 0.482021615424
1431890965.99
457.251699861 -56.2112502949 45.9352518105 0.508230813091 0.512301555304 0.496837140115 0.482094397475
1431890966.0
457.262504715 -56.2081659879 45.9126925898 0.508088416108 0.512424511432 0.496865753631 0.482084253376
1431890966.02
457.257466701 -56.225531297 45.9364308535 0.507971400079 0.512572451239 0.496597277579 0.482327103396
1431890966.04
457.272297575 -56.212619695 45.9217697588 0.508193885668 0.512543740031 0.496951444581 0.481758012041
1431890966.05
457.265308148 -56.2139965124 45.9514785159 0.508089903321 0.512526608805 0.496797635415 0.482044536614
1431890966.07
457.252300215 -56.2223344302 45.9136930649 0.508069776416 0.512578952355 0.496768648035 0.482039894322
1431890966.09
457.264681387 -56.2110714043 45.9256636622 0.508155598657 0.512510575078 0.496901849878 0.481884823141
1431890966.1
457.251085224 -56.2186196329 45.9159490575 0.508468429697 0.512138107853 0.497075886642 0.481771292964
1431890966.12
457.267215417 -56.2076019231 45.9357563435 0.508273368441 0.512382482294 0.496699369276 0.482105659975
1431890966.14
457.2600716 -56.2184806657 45.9125387048 0.507975318294 0.512679549957 0.496854669343 0.481943809601
1431890966.15
457.252897165 -56.2163003259 45.9355914109 0.507874360943 0.512657202041 0.496921971918 0.482004499921
1431890966.17
457.26298857 -56.2156610864 45.9249896755 0.508253337957 0.512481752388 0.496685385879 0.482035683349
1431890966.19
457.260832745 -56.2156487888 45.9477622421 0.50832213601 0.512473643821 0.496623817216 0.482035115322
1431890966.2
457.26505735 -56.2189109397 45.921762423 0.50825534777 0.512325106819 0.496817445199 0.48206385916
1431890966.22
457.261056221 -56.2110007067 45.9303858379 0.50812517062 0.512553202584 0.496577899704 0.482205484216
1431890966.24
457.256972145 -56.2104603355 45.9158449233 0.508255534352 0.512408579587 0.496964879224 0.481822893959
1431890966.25
457.245325285 -56.2213341575 45.9072421716 0.508006739328 0.512527713894 0.496875186687 0.482051038338
1431890966.27
457.259226355 -56.2207367129 45.9103792999 0.508240335595 0.512520129502 0.497012182979 0.481671250033
1431890966.29
457.259084449 -56.2116197803 45.9333708214 0.508326025701 0.512323806362 0.496891091556 0.481914573188
1431890966.3
457.266237816 -56.2134045959 45.911451665 0.508298027469 0.512362213173 0.497133616656 0.481653423044
1431890966.32
457.258702989 -56.2210421747 45.9100515449 0.508132574802 0.512545489843 0.496722176017 0.482057197758
1431890966.34
457.271111483 -56.2089910826 45.9173867295 0.508231142048 0.512525328918 0.496935022646 0.481755133707
1431890966.35
457.258007048 -56.2126624411 45.9319452752 0.50819244097 0.512527093896 0.496665444972 0.48207220003
1431890966.37
457.259976936 -56.210717235 45.9152248874 0.508121765726 0.512580200672 0.496773059768 0.481979235408
1431890966.39
457.263184236 -56.2131725149 45.9472484372 0.508045663727 0.512722024136 0.496199931733 0.482498679653
1431890966.4
457.260511294 -56.2126998917 45.922818912 0.508041817836 0.512669792044 0.496657938621 0.482086906902
1431890966.42
457.269666099 -56.2214266715 45.9465381571 0.508139306332 0.512526451435 0.496810488826 0.481979352766
1431890966.44
457.259498942 -56.2152925156 45.9154296744 0.507985150989 0.512641099377 0.496711517395 0.482121842475
1431890966.45
457.262332926 -56.2190168321 45.9202317454 0.508032525341 0.512633196874 0.49685721145 0.481929968718
1431890966.47
457.2643901 -56.214142831 45.9153731819 0.508503791771 0.512181669129 0.496964567627 0.481802499033
1431890966.49
457.233718831 -56.2231721854 45.9048109847 0.508063929383 0.512519258843 0.496753139805 0.482125697847
1431890966.5
457.264960986 -56.2140433577 45.9379640945 0.508015209915 0.512585950323 0.496551549989 0.482313649522
1431890966.52
457.266772292 -56.2150020702 45.9113138618 0.508194687385 0.512538434477 0.49685068293 0.481866597988
1431890966.54
457.252400351 -56.2173768282 45.907374225 0.508296312231 0.512314912264 0.496987624372 0.481855906993
1431890966.55
457.250166261 -56.22155875 45.9206754409 0.508290184223 0.512476117862 0.496657883954 0.482030953699
1431890966.57
457.270332919 -56.2051706386 45.9355186794 0.508187811151 0.512446622776 0.496798415698 0.482025496161
1431890966.59
457.255430184 -56.2224791109 45.9144058237 0.50825907435 0.512492814566 0.496894648889 0.481801998148
1431890966.6
457.265463357 -56.2154054937 45.9307727214 0.508211412211 0.512477276274 0.49669076213 0.482079084698
1431890966.62
457.254419777 -56.220296231 45.9133312575 0.508143079753 0.512568889238 0.496746727662 0.48199599998
1431890966.64
457.247843506 -56.2195750665 45.9076397453 0.508426924135 0.512293964487 0.496906161427 0.481824424727
1431890966.65
457.26936927 -56.217726574 45.9333298543 0.508129189686 0.512647001217 0.496661342814 0.482015542608
1431890966.67
457.261395014 -56.2139515003 45.9195070621 0.507955496962 0.512716557806 0.496571169595 0.482217450694
1431890966.69
457.268747732 -56.2126963146 45.9236434278 0.508383512617 0.512396190572 0.496713075929 0.481960830095
1431890966.7
457.262805628 -56.2076462988 45.9335323988 0.508253042205 0.51249619965 0.496647452666 0.482059678824
1431890966.72
457.253476101 -56.2226176575 45.9388869658 0.508386518893 0.512363344973 0.496360077596 0.482355897277
1431890966.74
457.258841402 -56.2142084354 45.9074625251 0.508479271414 0.512233072838 0.497129352396 0.48160371043
1431890966.75
457.177581254 -56.1944531798 45.6469934607 0.50409274757 0.514558371823 0.502265481418 0.478396665172
1431890966.77
457.185300558 -56.1745657811 45.672689229 0.504284640741 0.514586031856 0.50234432662 0.478081705042
1431890966.79
457.210269016 -56.1651612797 45.6740355023 0.503855706656 0.514603892944 0.502761800245 0.478075750508
1431890966.8
457.32681403 -56.6504910661 46.3687998506 0.507039151683 0.496555450994 0.534120020891 0.459426459477
1431890966.82
457.177404952 -56.1775916675 45.6520159728 0.504201343242 0.514493843022 0.502632061724 0.477966249604
1431890966.84
457.187993296 -56.0885494411 45.6963196461 0.502841287641 0.515809695743 0.501642427265 0.479019363905
1431890966.85
457.170035217 -56.1687427628 45.6499045587 0.504115792609 0.514495949262 0.502571840935 0.478117530911
1431890966.87
457.205889814 -56.1555035608 45.6488299763 0.504165228875 0.514698926476 0.502315812942 0.478116109971
1431890966.89
457.203786572 -56.1702461168 45.6689174451 0.504571531124 0.514298204436 0.502800767233 0.477608486764
1431890966.9
457.218030604 -56.1519364529 45.6565355863 0.504333551715 0.514575458745 0.502692712019 0.477675053838
1431890966.92
457.188421139 -56.1647381634 45.6405710055 0.504531322152 0.514248624837 0.502581927936 0.477934710693
