550.909885859 -10.1378491427 42.9116528311 -0.119925006292 -0.111211207682 0.708083649432 0.686933013308
550.904779789 -10.1275008192 42.9107944733 -0.12002024269 -0.111245957789 0.708063623041 0.686931396782
550.908446503 -10.134846709 42.9244180035 -0.119754964743 -0.111446413475 0.70787313876 0.687141534025
550.91476035 -10.1361458614 42.9200394686 -0.119918160547 -0.11147518599 0.708023453765 0.686953425675
550.908470459 -10.1396550735 42.9240686215 -0.119927733501 -0.111281979149 0.708033830761 0.686972413791
550.900334075 -10.1314242215 42.9083914097 -0.119976269449 -0.111224390767 0.708084524808 0.686920969857
550.907668127 -10.132657632 42.9163714606 -0.119855312659 -0.111367941473 0.707984732318 0.68702174174
550.910955808 -10.1424905983 42.9197310513 -0.119917562818 -0.111219716857 0.708084270289 0.686932293286
550.916939066 -10.1367971709 42.9171814455 -0.120072549154 -0.111302590218 0.707910757507 0.687070720689
550.904407289 -10.1357547163 42.9151530856 -0.119635410934 -0.11155039987 0.707956119544 0.68705994045
550.908416021 -10.125841468 42.9076363581 -0.119955263367 -0.111369716071 0.708072048504 0.686914049965
550.907703185 -10.1343178018 42.9123505907 -0.119873236518 -0.111304334972 0.708052390112 0.68695924985
550.913726092 -10.1337942387 42.9214557728 -0.120019897995 -0.111351796766 0.708009776352 0.686969798187
550.907089261 -10.1369356739 42.919431873 -0.120000369463 -0.111240272262 0.708021219843 0.686979568301
550.910345942 -10.142747653 42.9225148558 -0.119822927058 -0.111231795352 0.707973095838 0.687061365967
550.907182514 -10.1380032614 42.9122544733 -0.119843536755 -0.11129035956 0.707905590625 0.687117955455
550.909692015 -10.1402426473 42.9155438229 -0.119867874415 -0.11129192069 0.708055427911 0.686959012748
550.909497657 -10.1300246933 42.9162889119 -0.120002766365 -0.111344584194 0.707985990681 0.686998532065
550.908893585 -10.137963565 42.9181464295 -0.11986862613 -0.111299131561 0.708104204592 0.68690748949
550.910130537 -10.1285012865 42.9142483544 -0.119913930835 -0.111439342766 0.707955016963 0.687030616721
550.907855936 -10.1362273671 42.9140228677 -0.119911954047 -0.111176641968 0.70806774069 0.686957280681
550.914204333 -10.1344655091 42.9167696198 -0.120103676996 -0.111192822313 0.708111890801 0.686875661187
550.913208687 -10.1348509997 42.9185573071 -0.119893400854 -0.111359835601 0.708003631706 0.686996890602
550.906029433 -10.1270631781 42.9150579409 -0.120027454409 -0.111317056053 0.707978839036 0.687005975393
550.912492841 -10.1368398381 42.9226009155 -0.119765145686 -0.111394829412 0.707841483074 0.687180655278
550.907846133 -10.1332466473 42.9169912764 -0.120004851353 -0.111211572943 0.708011401555 0.686993586826
550.910470156 -10.1284135779 42.9176671856 -0.120043281652 -0.111256259266 0.708058586599 0.68693086909
550.911394564 -10.1289224536 42.9097074019 -0.119836018204 -0.111512575018 0.707978201706 0.687008324959
550.91034971 -10.1291933622 42.917273108 -0.120038533975 -0.111396558815 0.708013519487 0.686955437512
550.907541376 -10.1342942382 42.9178946104 -0.119933707665 -0.111252264666 0.708036478468 0.686973518038
550.904013998 -10.1415439186 42.9250432524 -0.119899221513 -0.111241309384 0.70797678417 0.687042775251
550.905348755 -10.1362681447 42.9115481447 -0.119755338278 -0.111415526139 0.708021217296 0.686993860307
550.914659809 -10.1330762447 42.9198124262 -0.120052057363 -0.111281700328 0.70790161719 0.687086993692
550.908186426 -10.1372437406 42.9189108279 -0.119914091622 -0.111280451547 0.707928159325 0.687083937568
550.905496602 -10.1349656966 42.9143039787 -0.119946179661 -0.111265387359 0.708063157962 0.686941622468
550.908147021 -10.1312508231 42.9051290192 -0.119950788099 -0.111240305228 0.70812317465 0.686883096772
550.911911519 -10.1284379592 42.9138354921 -0.119809547583 -0.111490076404 0.707876654946 0.687121279195
550.91350065 -10.1363051325 42.9162722855 -0.119870244243 -0.111482724814 0.707927154837 0.687059923761
550.909519873 -10.1425672226 42.9184173169 -0.120001929055 -0.111182796184 0.707992205702 0.687018480079
550.908425743 -10.1285361593 42.9146960443 -0.119940694444 -0.111273658182 0.708056715265 0.686947977847
550.910382743 -10.124902323 42.9034788417 -0.119999893279 -0.111275684421 0.707997428717 0.686998368659
550.910777545 -10.1327740258 42.922302218 -0.119950000272 -0.111407383757 0.707986550309 0.686996954558
550.907066237 -10.1404256282 42.9163006123 -0.119982928275 -0.111187714799 0.708010900003 0.687001755254
550.907751249 -10.1320753973 42.9111999747 -0.119837312649 -0.11126788706 0.708048830908 0.686975064996
550.910343104 -10.1305465855 42.9105993244 -0.1197903661 -0.11139446803 0.708010148112 0.687002529039
550.901689547 -10.1418200443 42.9168975451 -0.119893485791 -0.111349361875 0.708001432993 0.687000963328
550.912672959 -10.125556737 42.9082214898 -0.120032442354 -0.1112655805 0.707999024472 0.686992604211
550.909325868 -10.1377532832 42.9172967552 -0.119899254819 -0.11131363129 0.708058302432 0.686946996967
550.907604017 -10.1268817838 42.9066942517 -0.119839116046 -0.111402129922 0.707829253715 0.687179254329
550.909901421 -10.1347733243 42.9179862918 -0.120050352197 -0.11126462591 0.707952573419 0.687037546828
550.919702687 -10.1370118438 42.9145819301 -0.119862360968 -0.111369768442 0.707970740689 0.687034676717
550.910276404 -10.1396487476 42.9223032559 -0.119832163033 -0.111275825963 0.708017330778 0.687007138932
550.91402254 -10.1258256023 42.9070038661 -0.119945107474 -0.111461678962 0.708030216454 0.686943922691
550.909595904 -10.1255733177 42.9122849488 -0.119918910683 -0.111299890428 0.707948618627 0.687058898983
550.904694437 -10.1313005759 42.9054641586 -0.119836216328 -0.111319690038 0.708022094002 0.686994287747
550.91534449 -10.1342157865 42.9173811779 -0.119762915724 -0.111351483729 0.708017332083 0.687006988448
550.909125657 -10.1224216381 42.9035676801 -0.119777797245 -0.111553367433 0.707810418257 0.687184765084
550.906252252 -10.1366701979 42.9105305557 -0.119949189185 -0.111227841801 0.708101844023 0.686907403474
550.917837664 -10.1392513741 42.9194734064 -0.119909698991 -0.111466955594 0.707937315418 0.687045106551
550.907747672 -10.1455360371 42.9273046082 -0.119814182639 -0.111260265475 0.707897002784 0.687136783545
550.914170591 -10.1310068812 42.9151824486 -0.119842221153 -0.111424028662 0.707956944468 0.687043517198
550.911052049 -10.130506334 42.912103377 -0.119993230138 -0.11121801223 0.707982726644 0.687023999348
550.913122886 -10.1289805624 42.9182396055 -0.120007122511 -0.111387328561 0.707970986698 0.687006224472
550.90847807 -10.1403438897 42.9178422092 -0.119879135895 -0.111321813039 0.708065489035 0.686941846337
550.906540508 -10.1342927317 42.9135569739 -0.119835875017 -0.111370613333 0.708062765681 0.686944342984
550.904067597 -10.1320781514 42.9136160295 -0.119958176096 -0.111252321947 0.70796539315 0.687042406334
550.911967066 -10.1306311514 42.9161175049 -0.1200505131 -0.11135357355 0.708020358535 0.686953253941
550.908586919 -10.1394619852 42.9188663968 -0.11993469146 -0.11118779925 0.708090617846 0.686928015843
550.906075843 -10.1319830194 42.909052283 -0.119938923204 -0.111214239704 0.707978290942 0.687038592409
550.904642289 -10.1403800069 42.921390165 -0.11990200668 -0.111280909498 0.708044570404 0.686965981911
550.913339996 -10.1349501535 42.9136789151 -0.11998995446 -0.111372619872 0.707936361063 0.687047377684
550.914037102 -10.1287442874 42.9102491989 -0.11999370432 -0.111263374333 0.707924957359 0.687076193509
550.911102587 -10.1350145263 42.9058065594 -0.119692945596 -0.111502097448 0.707892958498 0.687122892966
550.910818937 -10.1306010346 42.9069526137 -0.119758668997 -0.111573171892 0.707962525307 0.687028147919
550.912396277 -10.1366036296 42.9177852354 -0.120038644567 -0.111166629431 0.708066098568 0.686938437005
550.907452701 -10.1348107091 42.917286033 -0.11990697272 -0.111287286611 0.708000666607 0.687009347394
550.908755227 -10.1389437047 42.9135914944 -0.119957530931 -0.111275083514 0.708099892078 0.686900226864
550.909084259 -10.1227972087 42.9102120284 -0.119994921219 -0.111398579306 0.707969278312 0.687008424941
550.905834309 -10.1335547158 42.9106870256 -0.119880258751 -0.111231051347 0.708129933458 0.686889906671
550.913540501 -10.1401618388 42.9173357197 -0.119935535923 -0.11129186366 0.70804294883 0.686960194055
550.910060805 -10.1286825436 42.9049058191 -0.119982654648 -0.111407185964 0.708010459821 0.686966653889
550.904779375 -10.1318082077 42.9101082275 -0.119909030449 -0.111227645 0.708038240968 0.686979957117
550.907192775 -10.1348614523 42.9158622654 -0.120036136015 -0.111164030894 0.708051341201 0.686954553625
550.911339037 -10.1384947947 42.9156950409 -0.119774272812 -0.111214449192 0.708051800137 0.686991633423
550.918000549 -10.1330995103 42.9125564079 -0.119843228975 -0.111459317301 0.70790933748 0.687086773707
550.916207715 -10.1287188687 42.9099577609 -0.11992469312 -0.111375953568 0.707950211307 0.687043922938
550.918562555 -10.1340692531 42.9079707163 -0.119761992268 -0.111491196138 0.707941311455 0.687062860935
550.90574154 -10.1313837334 42.9178696163 -0.119961456386 -0.111239310252 0.708009632126 0.686998473298
550.915385145 -10.1270300575 42.9067540524 -0.119919031976 -0.111396956062 0.707971152919 0.687019926456
550.909778363 -10.1305886521 42.9076791074 -0.11985849638 -0.111446675151 0.707937984249 0.687056654735
550.915108047 -10.1317567507 42.9147222137 -0.11992509488 -0.111435537278 0.708077253461 0.686903208011
550.910779225 -10.1339750761 42.9157967958 -0.120138224564 -0.111191021674 0.708080536543 0.686902320972
550.903619533 -10.1331466427 42.9117354293 -0.119832406059 -0.111357411377 0.708009575789 0.687001830889
550.911769011 -10.1401363339 42.9131659867 -0.120014917857 -0.111230986639 0.708048395312 0.686950554378
550.909387274 -10.1371465183 42.9209531199 -0.120015176512 -0.111096241354 0.708033255235 0.686987866121
550.904624467 -10.130956551 42.913791456 -0.119847077187 -0.111342902538 0.707979765615 0.687032459208
550.909242169 -10.1332119767 42.9100250594 -0.119841025156 -0.11133557492 0.707953700535 0.687061482103
550.910835126 -10.1379888934 42.9164733147 -0.119986578157 -0.11120823218 0.708001382734 0.687007604711
550.908384302 -10.1243772832 42.9047059791 -0.119995644794 -0.111349460129 0.707994511849 0.686990145614
550.91116977 -10.1274700886 42.9074306003 -0.119887812325 -0.111422219844 0.707958375898 0.687034478731
550.908233877 -10.1348208243 42.9224045752 -0.119755995574 -0.111387824534 0.708018449144 0.687001134372
550.915403064 -10.1383443736 42.9122063022 -0.119928497618 -0.11136970935 0.707977932485 0.687015684355
550.907432755 -10.1353218004 42.9231310713 -0.119731788864 -0.111461015959 0.707987299707 0.687025507529
550.908381997 -10.1292112759 42.9106193631 -0.119976216087 -0.111370819277 0.708007887377 0.686976323052
550.904960451 -10.126231965 42.9088389958 -0.119827596526 -0.111492052987 0.707906946626 0.687086618557
550.909480814 -10.1318991949 42.9134325431 -0.119854322268 -0.111379668743 0.707959560537 0.68704602263
550.905726679 -10.1360522207 42.9169967552 -0.119782663289 -0.111404747334 0.707977894238 0.687035429745
550.908102179 -10.1220228288 42.9027340703 -0.119892062805 -0.111414807049 0.707923332276 0.687071098094
550.904044649 -10.1357605582 42.917400423 -0.120024218572 -0.111199967066 0.708017395428 0.686985871684
550.905144404 -10.1347067981 42.9209440889 -0.119829651887 -0.1114307386 0.707912462411 0.687090588773
550.907989266 -10.139791515 42.9210120604 -0.119883750561 -0.111287602374 0.707969584986 0.687045408377
550.901638998 -10.1293982544 42.9070494645 -0.11990555587 -0.111286794747 0.707946711988 0.687065359436
550.907459755 -10.1324825899 42.9174095077 -0.120022453648 -0.111278575022 0.708079604342 0.686909219333
550.912354243 -10.13892308 42.9271834945 -0.119859052135 -0.111379739486 0.707924380427 0.687081413396
550.906812055 -10.1342332285 42.9124010923 -0.120064550547 -0.111242711585 0.708036127808 0.686952591516
550.911665352 -10.1251225907 42.9061698973 -0.119884862421 -0.111382771253 0.707957767077 0.687042009411
550.905605078 -10.1335005408 42.9085728438 -0.119892564427 -0.111279618731 0.707987039801 0.687027234133
550.91446458 -10.1347647588 42.9125086357 -0.119966831112 -0.111334948989 0.708074145215 0.686915530614
550.908938939 -10.1364820069 42.9086018172 -0.119852982732 -0.111300686334 0.708031991112 0.68698432153
550.907824425 -10.1364495158 42.9239439628 -0.119951955668 -0.111283930554 0.707993403548 0.687009494174
550.91336948 -10.1309067055 42.9176735551 -0.119890707907 -0.111458139404 0.707923233696 0.687064385508
550.915106105 -10.1377693952 42.9183135185 -0.119897328283 -0.111350301046 0.707927641053 0.687076100767
550.908571188 -10.1341630448 42.9153505424 -0.12000254071 -0.111190278807 0.708004302447 0.687004600095
550.906284317 -10.1329808176 42.913199375 -0.119848779135 -0.111368353781 0.707991050847 0.687016266919
550.908292849 -10.1353366848 42.905295896 -0.119745211679 -0.111364064243 0.707981414225 0.687045057016
550.907672926 -10.1326948234 42.9190444163 -0.119928640064 -0.111323749141 0.707989707138 0.687011084497
550.910484633 -10.1360362828 42.9182471976 -0.12007371416 -0.111144309102 0.708026424683 0.686976835039
550.913192476 -10.136042198 42.9155724458 -0.120025583818 -0.111307647472 0.708116050884 0.686866446766
550.910063924 -10.1286391785 42.9177710669 -0.120084889252 -0.11125596924 0.708039125712 0.686943707411
550.902639483 -10.1323297589 42.9140348129 -0.119780651108 -0.111410752331 0.708006693678 0.687005200483
550.9403903 -10.1190333977 42.91543315 -0.120114805571 -0.110964712955 0.708213116407 0.68680617909
550.969764593 -10.1026834664 42.9105258622 -0.120024758845 -0.110652566625 0.708258185951 0.686825935395
550.983576845 -10.097411385 42.9109043497 -0.119283506739 -0.110195181219 0.708311614315 0.686973516366
551.042147487 -10.0578309092 42.9171920178 -0.118448827022 -0.109374322604 0.708422442692 0.687134764072
551.133032771 -10.0027636981 42.901385192 -0.116819538886 -0.107703537765 0.708744385585 0.687345578848
551.063970269 -10.0396299473 42.911175031 -0.117807753488 -0.108848337651 0.708401428097 0.687350119234
551.225790332 -9.95613130469 42.9050817499 -0.115243576783 -0.106261570195 0.708931928313 0.687642575389
551.279781557 -9.91291259556 42.9035861743 -0.114214092396 -0.104909321772 0.709135148175 0.68781245415
551.317324172 -9.90132028172 42.9075191708 -0.11350592824 -0.104826568259 0.708997363745 0.688084270577
551.364729491 -9.86823701649 42.9047569799 -0.112409097846 -0.103906465276 0.709229494654 0.688164634869
551.393907568 -9.85469676725 42.9022819851 -0.111881161913 -0.103615683995 0.709186090135 0.688339217898
551.458592193 -9.82619629838 42.9008646937 -0.111193186158 -0.102443896207 0.7094829163 0.688320256489
551.499460589 -9.80806118501 42.9023841883 -0.110750212001 -0.102145007428 0.709614816894 0.688300061045
551.597776408 -9.76950921825 42.8985155333 -0.109615377146 -0.100437755162 0.709791892675 0.688550440891
551.541535318 -9.79162816157 42.8978286056 -0.110372503912 -0.101458896309 0.709706773071 0.68836735477
551.687463592 -9.71086600191 42.8992046455 -0.108464802926 -0.0988060587984 0.710147204891 0.688602296109
551.742657987 -9.68107060807 42.902159679 -0.107640973906 -0.0978557444758 0.710289765991 0.688720172605
551.771455823 -9.65968813214 42.9113235578 -0.106900475941 -0.0974769771728 0.710245557017 0.688934796079
551.835560679 -9.62989302629 42.9006175 -0.105753876811 -0.0967706349421 0.710375737909 0.689077133663
551.871683667 -9.61130918446 42.8972266918 -0.10491600748 -0.0964711343667 0.710364967278 0.689258184017
551.917311628 -9.58888494909 42.8928545984 -0.104377751143 -0.0959982954685 0.710406988702 0.689362691326
551.999802191 -9.55182278418 42.8916909207 -0.103132933836 -0.0949937317946 0.710713217576 0.689373556133
552.091512452 -9.50121461713 42.8883686245 -0.102004534177 -0.093302853743 0.711117147938 0.68935584263
552.058328048 -9.52030100389 42.8868836982 -0.10221872072 -0.0939000482301 0.71083904429 0.689529793959
552.188575257 -9.43123768383 42.8688694015 -0.100778414454 -0.0916138417138 0.711426737943 0.6894432675
552.258941822 -9.38526651916 42.8887645334 -0.099827334049 -0.0904709163103 0.711387268386 0.689773067246
552.302883245 -9.37388780738 42.8844871662 -0.0994812472655 -0.0897481147222 0.711521644754 0.689778974504
552.335247331 -9.35620405098 42.8832685164 -0.0991343089431 -0.0892600608427 0.711683210376 0.689725624275
552.41454449 -9.30848461883 42.8889806961 -0.0980448239323 -0.0880609604341 0.711769377659 0.689946415152
552.443973367 -9.27843106671 42.8789132876 -0.0974248007808 -0.0874514375129 0.711802922749 0.690077198691
552.642163552 -9.21490175549 42.8805646377 -0.0950699268381 -0.0852712472081 0.712258297379 0.690208697707
552.778727156 -9.15838199349 42.8858633546 -0.0935880505287 -0.0837129981757 0.712283650736 0.690575585048
552.81799145 -9.13820963047 42.8871924508 -0.0926741854925 -0.083523302572 0.712346632521 0.690656840471
552.906019883 -9.10617921517 42.8894480624 -0.09129053022 -0.0830150432216 0.712365845687 0.690882653112
553.016306545 -9.10094756831 42.8952715467 -0.0907194286342 -0.0819682754084 0.712299434047 0.691151326102
553.039069178 -9.07717429376 42.8751338249 -0.0901426054718 -0.081648400575 0.712488675226 0.691069497945
553.080921268 -9.05643321117 42.8846840922 -0.0899741712874 -0.0807111743991 0.71271235299 0.690970839989
553.28043819 -8.9803041235 42.8631156445 -0.0877133669143 -0.0783344831926 0.713066855505 0.691169321291
553.413397349 -8.9215680712 42.850275883 -0.0863683384222 -0.0767884225907 0.713432653041 0.691134720882
553.514572127 -8.89008008644 42.8626564956 -0.0850723493758 -0.0761452028376 0.713393164252 0.691407319118
553.592984215 -8.88763005617 42.8578221516 -0.0846059163024 -0.0759364774161 0.713363845952 0.691517811711
553.65617529 -8.88299136442 42.8403341511 -0.0842872594228 -0.0755529573656 0.713454274284 0.69150532213
553.760258894 -8.84990978897 42.8588958409 -0.0833512565762 -0.0746529407426 0.713602462452 0.691563623611
553.857138241 -8.8101159189 42.8510012251 -0.0821113099496 -0.0736533706135 0.713662384693 0.691757338242
554.05015078 -8.72982590383 42.8593674744 -0.0805617368695 -0.0713161405266 0.713855102071 0.691985622637
554.191568751 -8.68684477711 42.8545476689 -0.0788572921524 -0.070137722444 0.714013899533 0.692138498556
554.238936241 -8.66894068084 42.856233271 -0.0782413237876 -0.0697666546606 0.714007182516 0.692252766373
554.27543409 -8.65216856905 42.841555462 -0.0779993729312 -0.0690511445368 0.714050561192 0.692307090817
554.390396302 -8.62648094019 42.8522717158 -0.0772388123456 -0.0681609696691 0.714068698576 0.692461840108
554.470458225 -8.60173764739 42.8552018044 -0.0763107481136 -0.0672498209947 0.714210209487 0.692508004047
554.520483837 -8.59457476761 42.8495587664 -0.0759138207041 -0.0667725530636 0.714284180223 0.692521541789
554.765489857 -8.50566843839 42.8348106094 -0.0735726490193 -0.0645515833901 0.714470803044 0.692792093615
554.913390822 -8.44902891294 42.8237296715 -0.071818751003 -0.0633095353269 0.714684556295 0.69287036269
554.976192489 -8.4300067617 42.8199429269 -0.0709116621549 -0.0631034523444 0.714781979887 0.692882074014
555.090266551 -8.40246977093 42.8325136891 -0.0702353651203 -0.0618250860222 0.714678885847 0.693172444871
555.142086153 -8.37841990744 42.8191598922 -0.0696382570062 -0.0613193195333 0.714835091944 0.693116454323
555.19738614 -8.36177514946 42.8222382285 -0.0689608899026 -0.0611236024288 0.714882700911 0.693152523708
555.338162639 -8.34796966553 42.8219822681 -0.0683530952935 -0.0602710988067 0.714959411042 0.69320821617
555.642038023 -8.27357961688 42.8136792428 -0.0666340891483 -0.0577857518122 0.715406980721 0.693125416997
555.80516355 -8.21858342848 42.8050459112 -0.0653193113806 -0.0561831626599 0.715704766818 0.693074852801
555.868485877 -8.20870368856 42.7980237703 -0.0648405715067 -0.0560883496943 0.715637986216 0.69319652501
555.971979138 -8.17452231385 42.8003849062 -0.0633474392845 -0.0550428692836 0.715861169495 0.693187807944
556.07760352 -8.13093157385 42.8141079519 -0.0623565314998 -0.0540442614945 0.715817631225 0.69340123511
556.126127198 -8.11181442258 42.809286241 -0.0618379915173 -0.0534451516066 0.715814158099 0.693497673388
556.183215262 -8.09132488553 42.8208046332 -0.0613410735195 -0.0529413828534 0.715807368961 0.693587432448
556.440213042 -7.99964981361 42.8237902068 -0.0584548046972 -0.0507536021506 0.715723486742 0.694086653705
556.566030982 -7.97277672906 42.8338025546 -0.0576366728017 -0.049811628873 0.715908538528 0.694032434047
556.724175587 -7.9211460156 42.8094220323 -0.0562583796275 -0.0481227646554 0.716172510466 0.69399239548
556.786058276 -7.90232302924 42.801821204 -0.0558884702474 -0.0475654061474 0.716269146602 0.693961017374
556.889176341 -7.85876687907 42.787525316 -0.0549206844529 -0.0465592554957 0.716440840103 0.693929213019
556.963441462 -7.84337552947 42.7724341967 -0.0542654231006 -0.0459712168556 0.716522714926 0.693935339472
557.031780898 -7.82742437575 42.762566375 -0.0539419055333 -0.0452390210617 0.71655279248 0.693977647605
557.15104021 -7.78998287199 42.7687875703 -0.053161783971 -0.0443546409579 0.716651321311 0.693993379375
557.320796893 -7.74859888154 42.7928344839 -0.0516598881202 -0.0430453284883 0.716470179722 0.694376031228
557.486619112 -7.70168838073 42.7846147646 -0.0500116585248 -0.0417540557988 0.716449995534 0.694596334858
557.600129286 -7.66500091301 42.7931669399 -0.0489274474561 -0.0408687957904 0.716467236309 0.694708517728
557.654186273 -7.65210953332 42.791694056 -0.0485154109879 -0.0403141713147 0.716594184791 0.694638795987
557.721529468 -7.64528086906 42.7957826364 -0.0476651868435 -0.0401269767821 0.716444980948 0.694862402932
557.851036695 -7.62657739162 42.7865544253 -0.0467924738193 -0.0393993013582 0.716499512127 0.694907058083
557.993142794 -7.60892990727 42.7711496794 -0.0461792445192 -0.0382628223224 0.716570086576 0.694938929058
558.05860982 -7.5939843881 42.7668907832 -0.0455537261747 -0.0375297387073 0.716789842532 0.694793565267
558.257764102 -7.56596832869 42.7531951888 -0.0447377181023 -0.036170015353 0.716868320224 0.694837603082
558.428198134 -7.51996934345 42.7595605287 -0.0434988574214 -0.0348290341538 0.717072363165 0.694774324485
558.59854274 -7.45893994762 42.764363303 -0.0418435739683 -0.033259885903 0.71692247156 0.695107476916
558.671358797 -7.44792448158 42.7674456061 -0.0415114310288 -0.03260641222 0.716884671333 0.695197375999
558.791617508 -7.42215781782 42.781848246 -0.0402753810821 -0.0318567131074 0.716985467039 0.695200839667
558.999465349 -7.38373667828 42.7723729979 -0.038660941375 -0.0305451077696 0.717089316763 0.695244240175
559.289875835 -7.39488290968 42.7646151609 -0.0383176724184 -0.0300335984549 0.717253754842 0.695115957368
559.194489844 -7.40147756762 42.7690113354 -0.0384463121826 -0.0302353959331 0.717136888246 0.695220549565
559.590642364 -7.41547574035 42.7591923623 -0.0383983906917 -0.0293494260251 0.71772515404 0.694653814273
559.682261688 -7.42626833741 42.752535969 -0.0381347116155 -0.0292186715393 0.717639479056 0.694762341133
559.872486697 -7.44164046052 42.7447824929 -0.0379061753102 -0.0292140502614 0.71759399446 0.694822161003
560.069426998 -7.46446848893 42.7461766187 -0.0375375620994 -0.0292518758631 0.717530813839 0.69490584301
560.318247139 -7.44510888389 42.7499081897 -0.0364492783957 -0.0289058391847 0.717621683774 0.694884358274
560.375632744 -7.42554415716 42.7466006982 -0.0360839677188 -0.0282839116935 0.717576113497 0.694976161898
560.636505289 -7.43014037272 42.7602029074 -0.0357473159944 -0.0273127039592 0.717454003595 0.695158377843
560.950708413 -7.44463651851 42.7480316472 -0.035379285053 -0.0264862344612 0.717445172424 0.69521826725
561.045674756 -7.44926137221 42.7305058102 -0.0353286375876 -0.0263170355828 0.717464928123 0.695206940539
561.255885503 -7.48197530955 42.7142972052 -0.0352131228071 -0.0259870015571 0.71764949182 0.695034689972
561.435508584 -7.5043987003 42.7156377976 -0.0349329777321 -0.0257042802998 0.717726136128 0.694980182817
561.523983587 -7.52798136311 42.7276080838 -0.0344569628426 -0.0259401652554 0.717618237062 0.695106505086
561.618277974 -7.53891551588 42.7219608938 -0.0340920848857 -0.0260622548785 0.717496463626 0.695245628954
561.814322355 -7.54582905664 42.7323213792 -0.0338541862177 -0.0256961923299 0.717480481871 0.695287450744
562.113307357 -7.57037821217 42.7371167579 -0.0346247668867 -0.0249764740661 0.71770379183 0.695045185156
562.013990935 -7.55857440363 42.7285235203 -0.03440255918 -0.0250518170949 0.717652793034 0.69510622699
562.412350783 -7.59471391919 42.7422327613 -0.0341508945786 -0.0249680909827 0.71774575076 0.695025703492
562.512290972 -7.60744093664 42.7304440532 -0.0341083773443 -0.0247122653727 0.717839138769 0.694940426437
562.720038902 -7.6111213249 42.7255494804 -0.0336604423601 -0.0245710377936 0.717955116909 0.694847457903
563.008353581 -7.61901487512 42.715041158 -0.0328500291226 -0.0247767676169 0.717938499412 0.694896028792
563.194202518 -7.65520571616 42.7162462695 -0.0327047451519 -0.0245895208055 0.717728751016 0.695126153566
563.30223355 -7.6646541284 42.7230786691 -0.0327384676079 -0.0241678633509 0.717645528624 0.69522528024
563.593422277 -7.70131655295 42.7244500284 -0.0325516121478 -0.0234634814267 0.71756803479 0.695338231992
563.882649994 -7.7339592249 42.7045812195 -0.0321123484902 -0.0231759909611 0.717305296042 0.695639269356
564.158597681 -7.76634123751 42.698060405 -0.0317627453314 -0.0230272153812 0.71754349878 0.695414574527
564.467878158 -7.77966469373 42.6918081432 -0.0307873704671 -0.023252199846 0.717702518494 0.695286865301
564.778939152 -7.79703359191 42.7037168268 -0.0304274273331 -0.0228459505266 0.717675715953 0.695343819643
565.06643978 -7.82642449467 42.7058962876 -0.0303196051772 -0.0230305223434 0.717271109763 0.69575973758
564.871894306 -7.79577352158 42.7113552846 -0.0303892539064 -0.0229309165764 0.717464687577 0.69556046984
565.361910507 -7.86878882326 42.6899893986 -0.03027262666 -0.0225975705862 0.717689321645 0.695344633162
565.569306763 -7.8906113931 42.6794276904 -0.0301359781594 -0.0223989159309 0.717507907753 0.695544258422
565.670008775 -7.90496801843 42.6798646732 -0.0302928109434 -0.0220270054163 0.717514953737 0.695542034426
565.970142019 -7.93844147751 42.6934118694 -0.0295011926575 -0.02148944434 0.717475476646 0.695633542439
566.261562993 -7.96058311749 42.6843963575 -0.0292380001082 -0.0207847236364 0.71766947223 0.695465951446
566.450045288 -7.98910333529 42.6834895604 -0.0289562803668 -0.0204770062482 0.717626052379 0.695531742357
566.355728956 -7.96962432793 42.676262213 -0.0287295971169 -0.0208980916271 0.717492626969 0.695666236459
566.865290716 -8.01317572124 42.6681341175 -0.0285615177448 -0.0209781553047 0.717577854899 0.695582870804
567.096927811 -8.0361411816 42.6872616677 -0.0282712170714 -0.0208866047294 0.717538807023 0.695637635596
567.196493764 -8.04899364601 42.6822513471 -0.0282958523112 -0.0206255131619 0.717487300464 0.695697605013
567.29290448 -8.05920810623 42.675147379 -0.028107686189 -0.0205204359605 0.717348532246 0.69585138883
567.490026612 -8.08450725706 42.6830727163 -0.0286212937858 -0.0199049608648 0.717622450414 0.695565970741
567.780938136 -8.09865960645 42.6595542446 -0.027953744951 -0.0193647248571 0.717769530388 0.695456475028
568.070375247 -8.14131019458 42.6588036064 -0.0273795907936 -0.0192507770101 0.718033015462 0.695210442749
567.969425567 -8.11967074585 42.6522975929 -0.0277286680851 -0.0190656938444 0.718026627301 0.695208312249
568.376079429 -8.18276704985 42.6560618879 -0.0269799843255 -0.0190169913548 0.718115922918 0.695146836767
568.472291663 -8.19517408268 42.6676569468 -0.027048549666 -0.0186341771632 0.718123456005 0.695146913789
568.644583516 -8.22061071154 42.6543069258 -0.0269859990805 -0.0183946403778 0.718010169355 0.695272674835
568.739981394 -8.23411237918 42.6637067769 -0.0267509267784 -0.0185082228307 0.717852891255 0.695441123947
568.957885566 -8.23785429638 42.6589470076 -0.0266152192865 -0.0178140160633 0.717619309421 0.695705462457
569.273094186 -8.265730535 42.6653303174 -0.0261874692048 -0.018016173625 0.717554117847 0.695783747504
569.579169634 -8.29522267292 42.6558619797 -0.0253770721704 -0.0180245197313 0.717858385683 0.695499601118
569.378903857 -8.27345726769 42.6413359969 -0.0259903761889 -0.0180157700884 0.717637449347 0.695705111911
569.868188737 -8.31834672092 42.6466791379 -0.0255545298952 -0.0171535059143 0.71820733261 0.695154805505
570.051964392 -8.34484809603 42.6449535824 -0.0256152522105 -0.016535814262 0.718490868302 0.694874517285
570.147475732 -8.35603473169 42.6372214842 -0.0256461631975 -0.0164074924627 0.718529570009 0.694836435239
570.342827572 -8.38672323505 42.6552930751 -0.0257368163744 -0.0160241562015 0.718307771936 0.695071224087
570.445644894 -8.40038417121 42.6636960131 -0.0255078679825 -0.0161121573633 0.718280770287 0.695105537444
570.7277696 -8.45544750052 42.643385651 -0.0248665193374 -0.0156733642847 0.718168954529 0.695254233229
570.918353863 -8.46600152489 42.6339609881 -0.0244672701223 -0.0157441478446 0.718033899381 0.69540641447
570.822685483 -8.45518474077 42.6332582765 -0.0244436792942 -0.0158903302194 0.717979781602 0.695459785469
571.344723076 -8.49407225675 42.6322009876 -0.0231226611075 -0.0157601635538 0.718061535282 0.695423470833
571.539133793 -8.5195259226 42.6300480073 -0.0229255033013 -0.0154407324295 0.718098106634 0.695399323407
571.642623724 -8.53241546116 42.6346103677 -0.0230736949657 -0.0150353633778 0.718159657539 0.69533992293
571.747439956 -8.54317534585 42.6355435381 -0.0232905907402 -0.0148045355209 0.718261299927 0.695232566753
571.931853238 -8.55316255398 42.6298424029 -0.0233356696934 -0.014288582801 0.718346227212 0.69515408542
572.105868594 -8.57259136794 42.6241420844 -0.0233983911692 -0.0141191608041 0.718374979475 0.695125711034
572.511191913 -8.63924469374 42.619561249 -0.0219359348062 -0.0143210841503 0.718215464761 0.695334070829
572.400761956 -8.62373815392 42.6066454851 -0.0222695508153 -0.0145709850209 0.718334854448 0.695194917803
572.831715695 -8.67570019054 42.6367138458 -0.0216129946792 -0.0136531909642 0.718490743605 0.695073250315
572.928751356 -8.68206872159 42.6197805209 -0.0217279640599 -0.0133875022513 0.71851420637 0.69505046062
573.141612118 -8.70053379173 42.600882216 -0.021456328002 -0.0131034822887 0.718492649677 0.695086649493
573.334989964 -8.72246146312 42.6220277776 -0.0207914976893 -0.0134177727674 0.718195110448 0.695408248648
573.4258795 -8.74083872783 42.6107866766 -0.0206420477211 -0.0132750624505 0.718135709127 0.695476869979
573.731513276 -8.77280688826 42.5976174168 -0.0201849483211 -0.0128672113495 0.718151917651 0.695481150792
574.045223646 -8.81905636757 42.6123565231 -0.0198512449062 -0.012263079244 0.718009386116 0.695648829518
573.824385519 -8.78357345844 42.6183461666 -0.01999332242 -0.0125721399034 0.718049087174 0.695598374524
574.240212093 -8.85023037001 42.5884282852 -0.0199068968378 -0.0117504377751 0.718197313023 0.695462013141
574.529380582 -8.8761709746 42.5939707061 -0.0191858300257 -0.0114866520365 0.718207681751 0.695476122809
574.640949018 -8.88432096989 42.5806174588 -0.0192408269337 -0.0111106229953 0.718295683222 0.695389695719
574.849081238 -8.90945012119 42.5864472504 -0.0193414379082 -0.0107018588672 0.71848908433 0.695193508966
574.946346541 -8.93337482896 42.5930178457 -0.0191330273124 -0.0106550447948 0.718511690772 0.695176693344
575.257233091 -8.98243198946 42.5777857876 -0.0186718668027 -0.0103382670378 0.718093524147 0.695625878792
575.454768614 -8.98855611508 42.5787407381 -0.0182967471269 -0.0101734835508 0.718229451456 0.69549789709
575.35226365 -8.99051550862 42.5831843355 -0.0186994021267 -0.00995693254309 0.718134818882 0.695588156997
575.844647971 -9.04989757619 42.5851425112 -0.0178121737246 -0.00997464626914 0.718237325195 0.695505276536
576.033745708 -9.06820005712 42.5830373427 -0.018171139716 -0.00914938229 0.718453392629 0.69528417602
576.251100438 -9.08667943098 42.583260919 -0.0173796439375 -0.00905710250714 0.718510055524 0.695247011157
576.479352532 -9.12276962338 42.5488473759 -0.0173598595529 -0.00801540770947 0.718633779206 0.695132415145
576.677261336 -9.1474270316 42.5525590217 -0.0171836587642 -0.00754938511718 0.718588779926 0.695188515084
576.769251981 -9.15868554467 42.5637161101 -0.0168294952396 -0.00735839431381 0.718537984422 0.695251851275
576.954465239 -9.12820679381 42.5576650319 -0.0151876664044 -0.00647410145378 0.718593739726 0.695240700044
576.88881924 -9.13660530384 42.5640482185 -0.0155581439179 -0.00703528496043 0.718725175082 0.695091257967
577.316727547 -9.12718766565 42.5601293501 -0.0136578217471 -0.003936928589 0.718828099404 0.695049239082
577.376429368 -9.09489292187 42.5629001238 -0.012836569714 -0.0034368969132 0.718968762887 0.694921931019
577.500651513 -9.05773008603 42.5525806298 -0.0114190145898 -0.00253392375447 0.718877996515 0.695044576629
577.592238764 -9.04581512234 42.552742645 -0.0107349514057 -0.00259979072468 0.718796935236 0.695139020413
577.742526364 -9.01907183835 42.5577306989 -0.00942341585824 -0.00181214452393 0.718729725028 0.69523008273
577.808779085 -9.0105060134 42.563757378 -0.00912048793764 -0.00148626761604 0.718763507907 0.695199875201
577.964288899 -8.98319717922 42.5682463229 -0.00834241586175 -0.000280561909832 0.718826578047 0.695145949237
578.232589415 -8.92171226281 42.5525830489 -0.00701490644882 0.00214891075545 0.718969021672 0.695009959657
578.364104477 -8.899949002 42.556165032 -0.00632561551174 0.00333851250998 0.719141236175 0.69483373436
578.567672073 -8.84164310249 42.5405892703 -0.00477028323271 0.0051477047595 0.719366101258 0.694602354361
578.635434955 -8.8209219554 42.5572593379 -0.0043224119892 0.00549372596063 0.719466747755 0.69449846419
578.78533249 -8.78427813704 42.5526157966 -0.00277961853289 0.00641094566093 0.719359697517 0.694609319258
578.861731439 -8.77575791649 42.5717458717 -0.0023503116497 0.0069401868967 0.719339725861 0.694626450839
579.10365642 -8.76241978696 42.5737325607 -0.000589759743258 0.00787214924289 0.719194732936 0.694770463309
579.013490502 -8.75629396232 42.5679251549 -0.000987390341538 0.00758121076659 0.719160150023 0.69480893442
579.411307116 -8.7461203603 42.5795767265 0.00178680746257 0.00917527407874 0.718974889557 0.694979912498
579.624554116 -8.69915587585 42.5843574182 0.00305959022354 0.0110295720737 0.719131074889 0.694786824702
579.719916878 -8.6899292532 42.5742467229 0.00325318704578 0.0118730493576 0.719059541629 0.694846106868
579.961989189 -8.64335972696 42.5664467638 0.00461215211459 0.0129295299156 0.719429037148 0.694436837711
580.034727516 -8.64224871407 42.5615858436 0.0051281437445 0.013116643797 0.719394887818 0.694465233439
580.273238986 -8.62608315159 42.5297151972 0.00619620436645 0.0139832344566 0.719748555172 0.694072962773
580.114438517 -8.62931501986 42.5426741733 0.00535728224544 0.013572222951 0.719513099426 0.694332281951
580.703493351 -8.62946899615 42.5619135499 0.00802887187155 0.0159235093175 0.719566682691 0.694200943384
581.001965493 -8.64611294463 42.5692090735 0.00912973615809 0.0163735594877 0.719502139063 0.694243895876
581.095093184 -8.65358743659 42.5772079634 0.0091912396286 0.0167109358168 0.719504642078 0.694232379916
581.203065854 -8.67355026931 42.5632606909 0.00878855715272 0.0171569601863 0.719708046544 0.694015868446
581.425258704 -8.69851869517 42.566139849 0.00931805697883 0.017404132329 0.719597028519 0.694117793065
581.718069556 -8.72986304717 42.5535254466 0.00925401968744 0.0180156096325 0.719773850428 0.693919674073
581.527908042 -8.7062780949 42.5650502909 0.00900022626647 0.0179262937726 0.719730340176 0.6939705825
582.227933125 -8.77993259494 42.554040927 0.0100267343443 0.018440105613 0.719622771982 0.694054554232
582.424824584 -8.8203001601 42.5535450457 0.00995258831289 0.0190016644646 0.719643511958 0.694018919899
582.617027776 -8.84275516913 42.5264017811 0.00987123527393 0.0195544315204 0.720114158079 0.693516435516
582.706848478 -8.84852366374 42.5195405848 0.0102252388806 0.0195473839885 0.720009609936 0.693620071131
582.9023587 -8.86736762573 42.5320690733 0.0110564841428 0.0196014881659 0.71993278837 0.693685565702
583.225026662 -8.9192659969 42.5447287541 0.0108614353102 0.0202508199631 0.720316572822 0.69327140939
583.115095168 -8.90140952577 42.5519777323 0.0109622260922 0.020037319463 0.720304401439 0.693288624872
583.632534972 -8.96017477595 42.5467303973 0.01134309258 0.0206196640303 0.719980290847 0.693602018678
583.907946144 -8.99953400372 42.5516669997 0.0115371398354 0.0209743682002 0.720129560498 0.693433165246
584.110427628 -9.03653063189 42.558904494 0.0116586974261 0.0212169855267 0.720087991986 0.693467058077
584.299595177 -9.04596218209 42.5333032408 0.0122880910542 0.0214826027116 0.720139830467 0.693393989225
584.396753067 -9.04901056959 42.541398959 0.0124206660831 0.0215854470668 0.720001044967 0.693532742404
584.719215327 -9.08858112813 42.5483309997 0.0129447812251 0.021966334682 0.720159443313 0.693346641844
584.619689395 -9.08314541579 42.5431658099 0.0128149556889 0.0219356628224 0.719982329544 0.693533819372
584.816504053 -9.09417434937 42.5530426347 0.0133161644252 0.0217010722301 0.720026676709 0.693485784691
585.511783498 -9.17950741533 42.5680102735 0.0134697149704 0.0229309897144 0.720510056387 0.692941055859
585.622070191 -9.18809579153 42.5670454502 0.0136524943607 0.0230598055245 0.720374124933 0.693074358736
585.830124253 -9.22141386924 42.5672607085 0.0140126738981 0.0232955202609 0.720256429117 0.693181663908
585.928749722 -9.22992370581 42.5619233467 0.0146249368127 0.0230517303314 0.720155000577 0.69328259066
586.247073711 -9.27337199514 42.5539913385 0.0152354908041 0.0235214215824 0.719928410407 0.693488948499
586.031139919 -9.24802830774 42.5499329009 0.0148827052794 0.0232364085952 0.720091815782 0.693336506409
586.727425421 -9.3237527449 42.5635883883 0.0157586662593 0.0240697403533 0.720252743818 0.693121536662
586.930187898 -9.33721032735 42.5246540908 0.0154626249615 0.0249148497214 0.720577775695 0.692760464122
587.114809697 -9.37396781893 42.5104813675 0.0158075007136 0.0249396750763 0.720853510842 0.692464819758
587.206088152 -9.39282693087 42.511701412 0.0159401851555 0.0250569771735 0.720830888404 0.692481101735
587.43979438 -9.44023277463 42.5448887203 0.0164409930772 0.0255589237099 0.720607735797 0.692683301016
587.748942668 -9.48098659285 42.5599155555 0.0175414434673 0.0253972854573 0.720431478746 0.692845560537
587.645628869 -9.46859992818 42.5573225216 0.017285194842 0.0252798383114 0.720524663956 0.692759419748
588.259702321 -9.54590245901 42.5542360927 0.0181018769025 0.0258155909022 0.720334707367 0.692916283222
588.449911962 -9.56376670105 42.5349387174 0.0178592169676 0.0265582113879 0.72038017837 0.692847284621
588.668782661 -9.59546235476 42.5049665527 0.017415105225 0.0276605335335 0.720649545926 0.692535259619
588.860570066 -9.62850880002 42.5226016628 0.0174452331108 0.027837273572 0.720809901508 0.692360559447
588.951668631 -9.6502179379 42.5120482959 0.0175604983482 0.0278289409319 0.720773425544 0.692395840916
589.272447753 -9.67587639235 42.4977341803 0.0181682484241 0.0281724031731 0.720855023971 0.692281387815
589.172884118 -9.66103784154 42.5067098135 0.0179008996842 0.0281345676589 0.720926229365 0.692215823694
589.559433581 -9.70538815265 42.5097759523 0.0187243496204 0.0286020992891 0.720973356187 0.692125785369
589.75862612 -9.73817885388 42.5095356738 0.0194496890778 0.0284441378531 0.720995275643 0.6920894337
589.868166673 -9.7663281919 42.5166936473 0.0195040317442 0.0288199438205 0.72101923495 0.692047341065
590.060775384 -9.78737890606 42.5176313325 0.0201478377649 0.0285674187837 0.720828802507 0.692237631226
590.180029008 -9.79829980061 42.5331840843 0.0202245395275 0.0285117770675 0.720732883921 0.692337682312
590.26912194 -9.80988295543 42.5329345486 0.0202039527196 0.0287218427009 0.720696927495 0.69236687943
590.770693089 -9.87157142151 42.5378318627 0.0195219057393 0.0300613787253 0.721082591641 0.691927960107
590.96140049 -9.88396994024 42.5242310759 0.0203058316837 0.0299847697528 0.721268124893 0.691715327511
590.799815499 -10.1234556337 42.3950813456 0.0283622238236 0.0355880763326 0.718737642227 0.693797198643
590.997172552 -10.1523880241 42.4066103841 0.0290236462871 0.0357653073522 0.718769738755 0.693727565386
591.450109991 -9.93545206158 42.5058316442 0.0216772396018 0.0308225106133 0.721432928176 0.691464940865
591.653937181 -9.9614391277 42.5213212672 0.0219579830897 0.0310142306665 0.721391960448 0.691490334923
591.747633336 -9.9752301628 42.528838485 0.0223422222902 0.0305735384009 0.721306326009 0.691587027545
592.245253486 -10.046070403 42.5375840541 0.0228043680465 0.0306917861511 0.720845622303 0.692046789504
592.565962228 -10.0883978256 42.5018709581 0.0226739097124 0.0317109801925 0.721231946963 0.691602524769
592.666494377 -10.0948524319 42.502073153 0.0226171998936 0.0319306785817 0.721515758082 0.691298118298
592.865538719 -10.1286012331 42.5227286614 0.0232293412316 0.0321644269842 0.721457702858 0.691327579355
592.971007654 -10.1397543179 42.5349220122 0.0233520010319 0.0322846692093 0.721374789751 0.691404297856
593.173768667 -10.1655734806 42.5346971983 0.0237035005339 0.0327144025253 0.72142957589 0.6913151637
593.270753162 -10.1722547012 42.5443363853 0.0235683162818 0.0326791390015 0.721456817246 0.691292932534
593.448472833 -10.181393425 42.5453631499 0.0237733798749 0.0332039126321 0.721458623411 0.691258990449
593.329425814 -10.4758800752 42.414453942 0.0327688256275 0.0395119195786 0.718385925943 0.693754987845
593.652629317 -10.5277354313 42.4041811259 0.0336057517661 0.0395725785658 0.718499934262 0.693593494838
593.862971581 -10.5527338527 42.3771150557 0.0337668822994 0.0399281953947 0.718586633475 0.693475263328
593.958516194 -10.5601776196 42.3763034204 0.0339384123282 0.0399971048777 0.718287217006 0.693773078732
594.180048174 -10.5931102286 42.3933621139 0.0342919032799 0.0402589785798 0.717925152258 0.694115226673
594.278348895 -10.6128375277 42.3994695523 0.03449891866 0.0401909820663 0.717929837669 0.694104097055
594.376154765 -10.6272723036 42.4041194488 0.0343889684593 0.0408172665792 0.717991890293 0.694008801919
595.08150288 -10.3912601016 42.5264417496 0.0254884816419 0.0355483644742 0.721676125796 0.690854107505
595.141663532 -10.7451646936 42.3801276833 0.0350630489324 0.0433545842205 0.718544775226 0.693248571194
595.335514577 -10.7831458756 42.3785501058 0.0357372238753 0.043615992364 0.718387349043 0.693360841186
595.44675671 -10.7945019365 42.3396228673 0.0358849418363 0.0436096378676 0.718449707027 0.693289072407
595.641611231 -10.8289285149 42.3366912643 0.0362469506371 0.0438990677331 0.71823434334 0.693475094392
595.733800056 -10.8393602812 42.3340111747 0.0368200104618 0.043558623097 0.717894723994 0.69381793249
595.827448232 -10.8497674308 42.3589272675 0.0372263086335 0.0434291320176 0.717886796582 0.693812665153
596.305168895 -10.9027457409 42.3464943808 0.038111354609 0.0440406216373 0.717847317304 0.693766924014
596.607101048 -10.9459178786 42.3560411767 0.0377616040418 0.0450782917587 0.718013794933 0.693547044193
596.810036904 -10.9737289045 42.3746177962 0.0380245576738 0.0452701190817 0.718082328617 0.693449148571
596.903917256 -10.9917461629 42.3706301319 0.0382146904287 0.0458389406133 0.718282389893 0.693194198682
596.994872705 -11.0035136482 42.3680937595 0.0383760071795 0.0459471198325 0.71815234726 0.693312792088
597.179132709 -11.0235267148 42.3496735092 0.0384920858573 0.0464866330329 0.718220639282 0.69319965366
597.363775264 -11.0506561586 42.3551259864 0.0392429220139 0.0462125407057 0.717882430866 0.693526102123
597.733991752 -11.1099476651 42.3433150765 0.0404081297389 0.0468565768981 0.717839364491 0.693460439987
598.016424609 -11.1446371587 42.3420596408 0.0412707646654 0.0470431758965 0.717727823943 0.693512613258
597.915096932 -11.1460562099 42.3391732487 0.041136402196 0.0469513804112 0.717698825487 0.693556838589
598.317729883 -11.1878281958 42.3604316074 0.0414454532844 0.0468713991838 0.717752532091 0.69348816241
598.509243358 -11.2083127094 42.3522432473 0.0416440645979 0.0473873738142 0.717926383923 0.693261305374
598.609312307 -11.2191388508 42.3493735583 0.041794331146 0.0476870815228 0.71801125494 0.693143703998
598.813968038 -11.2422174777 42.3424747783 0.0421967177743 0.048117687796 0.717934333218 0.693169314789
598.906627193 -11.2523983017 42.3562838921 0.0422891097932 0.0483740274817 0.717908346729 0.693172733335
599.018319941 -11.2745483473 42.3575532918 0.0424162960096 0.0486700630032 0.717766765334 0.693290927368
599.485611848 -11.3518682285 42.3166639378 0.0427123678015 0.0498963087101 0.717973159388 0.692971794285
599.763908458 -11.3975476375 42.3454067855 0.0435796932544 0.0501412357148 0.717663903622 0.693220328068
599.97246563 -11.4274036331 42.3464682604 0.0448812943734 0.0499199562796 0.717633719955 0.693184487829
600.070273054 -11.4307429036 42.3375723133 0.0449841982987 0.0501263260404 0.717751679736 0.6930408288
600.360819539 -11.4775384181 42.3292112232 0.0451686163246 0.0507227414883 0.717817081326 0.692917688871
600.561467747 -11.5075880267 42.324766008 0.0454069240903 0.0511207779693 0.718036423795 0.692645451979
600.653569139 -11.5230699107 42.3290267635 0.0452897642178 0.0514381708208 0.71792216918 0.692748101326
600.947369112 -11.5777517114 42.3183239899 0.0446832609329 0.0530192356543 0.718167776287 0.692413587835
600.849542582 -11.5515493808 42.3161279508 0.0449608468417 0.0521599352835 0.718145210565 0.692484280075
601.250342972 -11.6230013527 42.3282791404 0.0450638419327 0.0531618669816 0.717843247068 0.692714597598
601.51939497 -11.6591759509 42.3105005581 0.0461978283718 0.0538850199104 0.717622773178 0.692812350041
601.704976027 -11.6930539683 42.3197993807 0.0465077875942 0.054354053834 0.717807029195 0.692564123873
601.785931538 -11.7101802585 42.3100800781 0.047036332238 0.0542927581391 0.718010619874 0.692322031779
601.988757755 -11.7511881747 42.31547658 0.0479764313276 0.0540516007581 0.717907452686 0.692383278727
602.377930522 -11.7945872096 42.3006917497 0.0489668095569 0.0542978734953 0.717608977191 0.692604144198
602.687475191 -11.840865831 42.2991062737 0.0486298080143 0.0551741120226 0.717865169568 0.692293160591
602.776558513 -11.8590277 42.3024626774 0.0488110924423 0.0552500247313 0.717987356965 0.69214761113
602.970607372 -11.8948048289 42.3086319165 0.0489158144406 0.0557247261222 0.717866898762 0.692227100632
603.266101316 -11.9214990729 42.2935254623 0.050001305288 0.0560372795668 0.717828220717 0.692164411555
603.361186944 -11.9392290145 42.2906352736 0.0503349693992 0.0563248497414 0.717530431505 0.692425635512
603.544803323 -11.9863705153 42.3066748321 0.0509152205489 0.0566351594816 0.717479849065 0.692410415755
603.835324938 -12.031141928 42.320914801 0.0515976105038 0.0571563638597 0.717423577743 0.692375250043
603.748526189 -12.0263906915 42.3226172031 0.0515781046182 0.0569276889537 0.717258553061 0.692566530293
604.124332497 -12.0882179286 42.2895088438 0.0524666585571 0.0577902765803 0.717242241565 0.692445264103
604.428962159 -12.133796875 42.2742854174 0.0523923477304 0.0587512491901 0.717407115442 0.692199082164
604.511066245 -12.1424438908 42.2712478944 0.0524199568287 0.0588285391719 0.717545744335 0.692046730358
604.68848901 -12.1716560814 42.2579099835 0.0532560992636 0.0586563040754 0.717623855341 0.691916553716
604.891558635 -12.2065502023 42.275855136 0.0537624207687 0.0588973185184 0.717391418054 0.692097960646
605.295180593 -12.2801454369 42.301190972 0.0547216212177 0.0594883966707 0.717145688885 0.692226751159
605.58151726 -12.3272134274 42.2883708235 0.0544082445664 0.0611607021917 0.717058121473 0.692196527727
605.771827862 -12.3648966673 42.2697573118 0.0548160987918 0.0617786944811 0.717160232004 0.692003590759
605.863573897 -12.379865477 42.2616747604 0.0547769688068 0.0623760916385 0.717206410116 0.691905344174
606.148617027 -12.4384053725 42.249033306 0.0557784969357 0.0621941984974 0.717361421053 0.691680817206
606.242237815 -12.4551599687 42.243692045 0.0559193426897 0.0625340471358 0.717254805103 0.691749440426
606.423632035 -12.4857855389 42.2504044936 0.0563335182636 0.0630729113194 0.717318475491 0.69160088466
606.726313842 -12.5432550434 42.273954536 0.0573159705805 0.0631594031928 0.717285546475 0.691546441347
606.629604014 -12.524314401 42.2664058844 0.056954168255 0.062898134727 0.717319671075 0.691564793441
607.03982105 -12.5994221855 42.2783833338 0.0576791849841 0.0638045485036 0.717229514575 0.69151502969
607.322887201 -12.6428015277 42.2469337714 0.0576008578761 0.0649444267594 0.717087305413 0.691563017744
607.618016356 -12.690606354 42.2633410507 0.0579545530246 0.0655476140957 0.716851626262 0.691720853623
607.815946033 -12.7171915424 42.2554450279 0.0589495414474 0.0657147281428 0.716935740985 0.691533707391
607.913422852 -12.733929695 42.2486223857 0.0590419265345 0.066078000652 0.716920640609 0.691507033143
608.187648525 -12.7977811575 42.2589907527 0.0603531201307 0.0661417697959 0.716785166861 0.691528137682
608.095920521 -12.7765601746 42.242256493 0.0600320441946 0.0661842396644 0.716662884145 0.69167873805
608.472639223 -12.8480614641 42.2690808656 0.0609294381019 0.0667680917319 0.7169298269 0.69126732562
608.762284479 -12.8771549964 42.2543822677 0.0618107470384 0.0669710657234 0.716975456571 0.691122160805
609.051890666 -12.929435549 42.2661149047 0.0620325599625 0.0677904668599 0.716906761312 0.691093665999
609.256663611 -12.9682648471 42.2529757811 0.0626734506328 0.0680632570727 0.716869854964 0.691047295976
609.358128431 -12.9906118353 42.2560384124 0.0627269750712 0.0682701495172 0.716623088653 0.691277853679
609.641759302 -13.0441507096 42.2258106501 0.0628083628414 0.0695821843481 0.716711852131 0.691047693329
609.912397894 -13.1136219449 42.2518558512 0.0634277914305 0.0701492244414 0.716569519717 0.691081259598
610.208906765 -13.1749794493 42.2481013541 0.0643319583287 0.0707895447462 0.716662751797 0.690835697976
610.47313247 -13.2294536965 42.2348282514 0.065332320977 0.0715230064621 0.716525917536 0.690808279951
610.65338704 -13.2776386053 42.2386664234 0.0659252783125 0.0720262361835 0.716475788712 0.690751655863
610.766738978 -13.2945881514 42.2504276016 0.066478601014 0.0721650237044 0.716611381216 0.690543397584
611.06540629 -13.3549085929 42.206700277 0.0665240787734 0.0732445161202 0.716539595906 0.690499836641
610.960180291 -13.3471839151 42.2268261595 0.0662913467436 0.0732295316587 0.716629591909 0.69043054904
611.344118024 -13.422328984 42.2130471398 0.0671370819896 0.0735561773712 0.716260114017 0.690697487428
611.652644636 -13.4809856567 42.2251187047 0.0677883366931 0.0739414093598 0.716099358603 0.690759193033
611.940161499 -13.5373915396 42.2167283107 0.0682730601378 0.0749364814845 0.716071197201 0.690633534937
612.12042491 -13.5724092857 42.2199219305 0.0688028750952 0.0757092965736 0.715950825536 0.690621492352
612.223996872 -13.606025224 42.2123177945 0.0691696449926 0.0760502196737 0.715990338506 0.690506354793
612.495296122 -13.661229296 42.2338796196 0.0703463313268 0.0762693773923 0.715981027732 0.690373020918
612.409542231 -13.646408232 42.2319903308 0.0701353082784 0.0762029279754 0.715962149435 0.690421228302
612.760114329 -13.7073765844 42.2172343071 0.0719008389955 0.0766126207105 0.715758720454 0.690405333659
612.96729142 -13.7500422118 42.2200878688 0.0725989215991 0.076836681856 0.715578244816 0.690494433964
613.052961979 -13.7744859351 42.2192747139 0.0720814699549 0.077728809864 0.715829332597 0.690188454608
613.339991179 -13.8325507126 42.1940420321 0.0726754644418 0.0779795904543 0.715816363986 0.690111389347
613.52643838 -13.8639818886 42.1970075247 0.0723687933893 0.0790392779612 0.715462633392 0.690389728413
613.643203929 -13.8868527514 42.1745428506 0.0727709259865 0.0790185742738 0.715716489493 0.690086630474
613.945955693 -13.9640245515 42.2062091377 0.0738252263161 0.0797909449189 0.715360653675 0.690254844179
613.853380457 -13.9340247727 42.20565856 0.0733246561364 0.0795086977435 0.715600074389 0.690092553096
614.232530552 -14.0282922276 42.2046664624 0.0750754968531 0.0802862519025 0.715355598182 0.690067659356
614.416475152 -14.0696763338 42.203019007 0.0752683367868 0.0809691272424 0.715438124049 0.68988132535
614.503099861 -14.0841072478 42.1925385155 0.0756531092521 0.0813535284089 0.715427343701 0.68980528178
614.789740516 -14.1460256983 42.1922765922 0.0764741576579 0.0820013108452 0.715264421112 0.689806918201
614.983981947 -14.203110894 42.1887027793 0.076356855901 0.0832103836014 0.715378557379 0.689556773933
615.084474277 -14.2183149956 42.1730000947 0.0769704583166 0.0833200971365 0.7154633079 0.689387310862
615.352411977 -14.2851901763 42.1574033964 0.07770863612 0.0843903536819 0.715394467005 0.689245773887
615.267247433 -14.2623247557 42.1453266286 0.0775239831427 0.0840068017625 0.71554037112 0.689161891804
615.646990077 -14.3677629973 42.2035339365 0.0777395779708 0.0852997691879 0.715659914136 0.688854641759
615.846088696 -14.3867873895 42.1935218437 0.0781834643001 0.0853917681246 0.715272396807 0.689195412651
615.930410236 -14.4016532025 42.1926859761 0.0785883900281 0.0856794418435 0.715098923642 0.689293636199
616.140433403 -14.4385416324 42.1914417598 0.0790774115324 0.0862547297218 0.715006275732 0.689261923133
616.231011899 -14.4644841436 42.1999993557 0.0795401359975 0.0861561917585 0.715004093192 0.689223433711
616.403576914 -14.5097316743 42.2199283192 0.0802407821558 0.0863468496307 0.714887309229 0.689239504775
616.487269405 -14.5334249976 42.2075272867 0.0808034124434 0.0862351621791 0.71488838647 0.689186483817
616.756814502 -14.5665539934 42.1586855442 0.0815458021967 0.0875096247322 0.714982296992 0.68884099011
616.666813871 -14.5532060792 42.1792653333 0.0814043335583 0.0869521797651 0.715009925445 0.688899582377
617.01956564 -14.6643445568 42.1667611993 0.0822954730055 0.0880169185942 0.715052299976 0.688614469459
617.203567983 -14.7186175872 42.1876502762 0.0825853408369 0.0890336850958 0.714949803212 0.688555529626
617.287418604 -14.7331277152 42.179974528 0.0829158337053 0.0893216665681 0.714712764137 0.688724595456
617.47107404 -14.7628948473 42.1818583258 0.083709792144 0.0899253395716 0.714372275066 0.688903202129
617.567432577 -14.7876628862 42.2050124125 0.0841557643825 0.0900455004026 0.714195763274 0.689016203036
617.753438139 -14.8433328923 42.2136658072 0.0846828839293 0.0906591579407 0.714490524512 0.688565435623
617.85218054 -14.8793941996 42.2085582118 0.084772206161 0.0910116708318 0.714407845237 0.688593676368
618.059829365 -14.9342100388 42.1915760087 0.0854165248834 0.0912922923317 0.714521497506 0.688358994843
618.439066842 -15.012916835 42.1585075588 0.085913701481 0.0925951265811 0.714192519913 0.688464454903
618.625388761 -15.0555257294 42.1508790211 0.086031070228 0.0935007936033 0.714250016515 0.688267676731
618.708099194 -15.0876420497 42.1607565818 0.0862286464972 0.0936087219054 0.714315206141 0.688160713856
618.884011893 -15.1258460514 42.1582099111 0.0874239184571 0.0937989973523 0.714121251774 0.688185288874
618.968622231 -15.1524051943 42.1362557899 0.0880164401021 0.0939619266273 0.714106219803 0.688103118384
619.16203149 -15.1860575489 42.1312882831 0.088961877092 0.0944334615915 0.71389070183 0.688140684303
619.250659437 -15.2096879328 42.1425549422 0.0892543339383 0.0948084884871 0.713724658093 0.688223462301
619.531505622 -15.3047149351 42.1688603213 0.0899525634361 0.0958865063194 0.714027793495 0.68766842617
619.440494422 -15.2756447032 42.1656270364 0.0898298183926 0.0955344938461 0.713969089806 0.687794459032
619.980626005 -15.4145207376 42.1571654799 0.0910303610506 0.0974111775252 0.713719253126 0.687632597642
620.076444789 -15.4414190557 42.1545702811 0.0918138429707 0.0973039908392 0.713632895652 0.687633353217
620.278712884 -15.5064738138 42.1631194968 0.09189411104 0.0982270550138 0.713718721674 0.687402286181
620.373317365 -15.5364327317 42.1487602418 0.0922528836633 0.0987163242048 0.713538153681 0.687471578577
620.52853634 -15.5636844078 42.1319822464 0.0929233991551 0.0988774332849 0.713515121255 0.687381988164
620.617749364 -15.577038664 42.1130417235 0.0930332623052 0.0992003694482 0.713404125891 0.687435752226
620.713470624 -15.5996743493 42.1239276704 0.0936020313285 0.0993841545447 0.713475601748 0.687257888897
621.388232162 -15.7714902399 42.1529817459 0.0957500452931 0.10145324628 0.712885879078 0.687271658264
621.479263631 -15.7987126658 42.1501080062 0.09597304696 0.102008510513 0.712943976527 0.687098002971
621.66257119 -15.8549412348 42.1630772234 0.0962040057561 0.10251319744 0.712927822156 0.687007258237
621.749926979 -15.8840221321 42.160755481 0.0964360475226 0.102752656871 0.713004045032 0.686859919113
621.83855476 -15.9098997763 42.1532145869 0.0964431933286 0.103115876019 0.712999325964 0.686809283662
622.031620193 -15.9678279285 42.1476194315 0.0971284851178 0.104167314719 0.712821273499 0.686738884995
622.233305258 -16.0193056565 42.129985202 0.0975494656125 0.105152040392 0.713116021765 0.686222981047
622.757751737 -16.1602482477 42.1284644958 0.100399431539 0.105970336295 0.712650234108 0.686170000911
622.845885102 -16.1910346403 42.1162637174 0.100564705261 0.106370111198 0.712579706443 0.68615713596
623.030209869 -16.2339810495 42.128231135 0.101226005626 0.107146386105 0.712326697358 0.686201926524
623.128607021 -16.2664338373 42.151574754 0.100962475089 0.107909230786 0.712153881471 0.686300539674
623.302911029 -16.3192661499 42.1550850471 0.101666618838 0.10826745767 0.711861083578 0.686443921766
623.382989232 -16.3344532239 42.1426916483 0.102158815389 0.108610912305 0.71185795807 0.686319725027
623.652905216 -16.4002346604 42.1186703501 0.103372185471 0.109096035251 0.711856198774 0.686062909966
623.563085821 -16.3824662761 42.1094434399 0.102936736794 0.108889422149 0.71213053513 0.685876510109
624.123262175 -16.5469263704 42.1269748764 0.104685477286 0.110631236402 0.711879378336 0.68559366093
624.21012379 -16.5740523377 42.1369970569 0.10471545305 0.111280564888 0.711824282173 0.685541293807
624.393270314 -16.6241930986 42.1484648303 0.105220615875 0.111857576749 0.711785558236 0.685410235875
624.479355355 -16.6440453805 42.1481842843 0.105398792688 0.11222177042 0.711882341071 0.68522278446
624.677825561 -16.7025596916 42.1398709617 0.106161561965 0.112898843179 0.711653825125 0.685231117574
624.771679491 -16.7418639351 42.1253943008 0.10652119472 0.113372746886 0.711539933787 0.685215319706
625.050667635 -16.82987543 42.1130521742 0.107732339339 0.11466442381 0.71117888279 0.685185869195
624.952595229 -16.7948653981 42.1293387959 0.107307907544 0.114300294018 0.71145266227 0.685029129089
625.500734877 -16.9517341831 42.1206019973 0.108381592986 0.116775442974 0.710629884218 0.685296543508
625.59207961 -16.9835052459 42.1188557233 0.108613720594 0.117101523897 0.710673790675 0.685158632867
625.769139153 -17.024693493 42.1192831815 0.109581514622 0.117513486609 0.710588464152 0.685022508172
625.862551721 -17.0563943217 42.1178696267 0.110089687754 0.117286186296 0.710580211363 0.6849885295
626.045394629 -17.101028124 42.1056142973 0.111039921739 0.117426493191 0.710408331949 0.684989430526
626.142786045 -17.1255051752 42.1176468892 0.111498421325 0.117480275703 0.710497373763 0.684813328547
626.423006031 -17.2008190682 42.1128065797 0.113022186618 0.118214949188 0.710397906484 0.684540321828
626.33714687 -17.1659839184 42.1034464159 0.112607460403 0.117756456976 0.710682344592 0.684392332682
626.877662453 -17.3379926201 42.1272702444 0.113175906529 0.121537361001 0.709941455028 0.684406696589
626.96687684 -17.3725599098 42.1320762963 0.114022901037 0.121224454091 0.709989722923 0.684271366836
627.143223446 -17.4294149585 42.1141916857 0.114616759213 0.121685822577 0.709818375934 0.684268079223
627.232853676 -17.4580126272 42.1046515023 0.114613087534 0.122199044655 0.709987582922 0.684001605465
627.390789298 -17.5041608251 42.0966090161 0.115772606018 0.122363911652 0.70980198033 0.683969433805
627.484585214 -17.5410225836 42.097128513 0.11564517765 0.123197741572 0.709695038215 0.683952337111
627.75273779 -17.627052767 42.0858211935 0.116879681867 0.123983547147 0.709548913012 0.683752148472
627.668530868 -17.6009883268 42.0800482681 0.116460894238 0.123628968436 0.709625989755 0.68380772283
628.202915424 -17.7624727235 42.1075440361 0.118970990719 0.125743132071 0.709258668085 0.683371143255
628.285170282 -17.7879830218 42.1024011735 0.119221573656 0.1260709252 0.709251340865 0.683274681358
628.462669766 -17.8561807922 42.0992029531 0.119276404371 0.126952859826 0.709018743614 0.683343214155
628.549339284 -17.880160763 42.0869080742 0.119516142686 0.127368441051 0.709064084304 0.683176929041
628.721869223 -17.935584015 42.0942407998 0.120442880638 0.12787760187 0.708689434538 0.683307797793
628.810880565 -17.9544305661 42.1036425048 0.120353291964 0.128407263761 0.708696870716 0.683216568515
629.07148156 -18.0331238249 42.0896624587 0.122327022735 0.128757628259 0.708583849425 0.682917182051
628.981350787 -18.0142894715 42.0857101293 0.122184393118 0.128412849991 0.708528650175 0.683064880842
629.50888691 -18.1781946454 42.0670310607 0.124365502379 0.130167850202 0.708542833064 0.682323994311
629.59244974 -18.2073900917 42.0734421637 0.124743201719 0.130356540015 0.708546126197 0.682215560619
629.758911098 -18.258568178 42.0836584311 0.125424717943 0.130927507382 0.708267755104 0.682270368205
629.848377042 -18.2907275658 42.0777808949 0.125318735548 0.131619238975 0.708166645556 0.682261675733
630.018301325 -18.3381829268 42.0925064923 0.125775002399 0.132525861034 0.707815447453 0.682366618751
630.10579355 -18.3770120037 42.0905075015 0.125939687721 0.133101912858 0.707787322909 0.682253357771
630.383657126 -18.461117928 42.0644166725 0.127143274654 0.13441706224 0.707872236107 0.681683903174
630.28702015 -18.426790685 42.0539230606 0.126844108545 0.134046652108 0.707862124852 0.681823093942
630.83393082 -18.6191589801 42.0899048599 0.128824718059 0.13612103219 0.707496918334 0.681419622778
630.913133237 -18.6520061857 42.088111758 0.129193120039 0.13667261477 0.707328117401 0.681414836216
631.08208503 -18.7133898534 42.0983191668 0.129767292508 0.137083560079 0.707219493227 0.681335768171
631.173418921 -18.7421750887 42.1043641722 0.129937685946 0.137684160619 0.707033034481 0.681375748151
631.347624507 -18.803030962 42.0832860781 0.131308439836 0.137914610212 0.706879332513 0.681225951427
631.436364924 -18.8299993164 42.0811058941 0.131657118521 0.13808639732 0.706918309316 0.681083303033
631.699546379 -18.9029148609 42.0718177488 0.133273699925 0.138945820724 0.706613908988 0.680909953554
631.615453491 -18.8771025498 42.0746359782 0.133029866813 0.138505463054 0.706601207785 0.681060651875
631.981413449 -19.0005693674 42.0780505042 0.133413401249 0.141160446189 0.706096744206 0.680963555991
632.148895314 -19.0487315182 42.0837954321 0.133653824333 0.141887884425 0.706053294818 0.680810395074
632.241893322 -19.0893718173 42.0775689404 0.134219503949 0.14232132086 0.705960801849 0.680704489824
632.413773766 -19.1461677217 42.0793978825 0.135167403718 0.142594075534 0.705790771237 0.68063605328
632.495307652 -19.1744117619 42.0920120238 0.135616459492 0.14284430488 0.705535431702 0.680759066482
632.651834766 -19.2349233008 42.0673087741 0.136465453626 0.143335672181 0.705653896214 0.680363284212
633.003755928 -19.365969848 42.0496674401 0.138584612401 0.144515778878 0.705382617659 0.679966402051
632.92743489 -19.3260435483 42.0468937047 0.137949758411 0.144539034845 0.705435822272 0.680035354149
633.245150211 -19.4489645275 42.0606992889 0.138771876321 0.146276896087 0.705180076916 0.679761640582
633.414264073 -19.5121194589 42.0674773725 0.139751664915 0.146958344401 0.704776226999 0.679832765384
633.500198116 -19.5272389222 42.0787304238 0.140035319333 0.14731215384 0.704992571275 0.679473487007
633.672777 -19.6058793064 42.0791328325 0.140576250233 0.148343935397 0.704826394053 0.679309739327
633.760347555 -19.6426444642 42.0730041216 0.140781093449 0.148943331156 0.704748263358 0.679217182481
633.923693073 -19.705931988 42.0681530158 0.141790900043 0.149507285827 0.704734484744 0.678897359846
634.235167996 -19.807772382 42.064199831 0.143779929134 0.151042258206 0.704246161679 0.678646030006
634.169454078 -19.7807327879 42.0665911173 0.143248887742 0.150611044691 0.704514376302 0.678575647188
634.480840562 -19.9043008185 42.0691360293 0.144773591365 0.151846038129 0.703972723938 0.678539089095
634.664312402 -19.9778611529 42.0682883914 0.14601021778 0.151956568294 0.703975752472 0.678246057943
634.902278375 -20.0625128185 42.0600654417 0.147169367138 0.153149938889 0.703532826041 0.678186710206
635.133304224 -20.1544892024 42.061133427 0.14788818513 0.154913624517 0.703200133101 0.677974874216
635.465376265 -20.274353107 42.0223922261 0.149375962986 0.156645370517 0.702812264486 0.677652882388
635.390927337 -20.2412391737 42.0503937702 0.148749020162 0.15645831721 0.703023460974 0.677614785738
635.713312265 -20.3645851356 42.0169737644 0.150402255562 0.158027595721 0.70260823023 0.677316494496
635.88400737 -20.4377492475 42.0249099729 0.151169651214 0.158695105217 0.702564633915 0.677034700311
636.122833303 -20.5239707445 42.0397029756 0.152586384462 0.15982703017 0.702314601473 0.676709996943
636.37348763 -20.6009585077 42.0367239188 0.154547470679 0.160787350057 0.701905652452 0.676461692636
636.699197814 -20.7158238753 42.0510678677 0.155647874637 0.163433392042 0.701669493792 0.67581998137
636.62209529 -20.6801480894 42.041832477 0.155693827941 0.162609083992 0.701706889644 0.675969466123
636.953808758 -20.8009449574 42.061490777 0.157335263396 0.164357035622 0.701366351917 0.675519876887
637.114973878 -20.8609474958 42.0539000076 0.157924293706 0.165806125108 0.701078806617 0.675326810675
637.191627239 -20.8779256028 42.0625765115 0.158323694073 0.166200121834 0.700937759641 0.675282771582
637.349537283 -20.9120033682 42.0739538828 0.15977738687 0.167163127082 0.70054144736 0.675113920038
637.587316413 -20.9711379665 42.0528933178 0.160957437719 0.169032299067 0.700394968295 0.674519916515
637.885023455 -21.0395437677 42.045656755 0.163470767624 0.170833377516 0.699892147699 0.673983456388
637.806397985 -21.0251750614 42.0441531093 0.163281255415 0.169915077965 0.70001753844 0.674131335958
638.116175323 -21.0924336472 42.0435329448 0.165234063971 0.172751030852 0.699118297947 0.673867842419
638.257041322 -21.1400937049 42.0460130039 0.166272712939 0.17386122393 0.698528745959 0.67393826141
638.328096298 -21.1616716931 42.0511838384 0.166565616526 0.174437742355 0.698663970755 0.673576680793
638.483997432 -21.1905724558 42.0409648887 0.167927955609 0.175411409539 0.698165339379 0.673502518558
638.544223184 -21.2175179966 42.035848476 0.168581936211 0.175804695838 0.698112385888 0.673291572628
638.697467711 -21.2570600292 42.0298053243 0.169703903018 0.176385108582 0.697820594175 0.673160456576
639.029557661 -21.3717800367 42.023800694 0.171977902199 0.178482425254 0.697276093442 0.67259436734
639.262671141 -21.4734204257 42.0291179191 0.173363271518 0.179373750055 0.697164975425 0.672116564995
639.517087949 -21.5779126978 42.0307193438 0.173376943635 0.181731792811 0.697090663418 0.671556532319
639.780456109 -21.6863748892 42.02765475 0.174871196231 0.182990939381 0.696644899982 0.671289671922
639.93313102 -21.7526394962 42.03124087 0.17593457069 0.183876447962 0.696316507634 0.671110419373
640.015405719 -21.7879891681 42.0200873702 0.176412578908 0.184140376633 0.696225340481 0.671007221218
640.239524621 -21.8836963843 42.0297661754 0.177681666217 0.18523187059 0.695979055521 0.670627319688
640.471345543 -21.988249355 42.0261995919 0.178901723163 0.186686243635 0.69568927306 0.670200270738
640.691584647 -22.1015082784 42.0265947019 0.180712155454 0.187528430405 0.695210875396 0.6699758923
640.94846786 -22.1949136479 42.0297601986 0.182741173434 0.188484106974 0.694785192662 0.669598649952
641.098860746 -22.2621196906 42.0263060652 0.18357366478 0.188998255028 0.694618043515 0.669399492647
641.181640295 -22.2906528429 42.0380484633 0.183928679384 0.189712769484 0.694428043478 0.669297032392
641.441439575 -22.4073329264 42.0322339121 0.18452432527 0.191994705205 0.694069078195 0.668854639453
641.350936183 -22.3764749307 42.0311475179 0.184351652259 0.191273294831 0.694175352773 0.668998653663
641.668750891 -22.5056678142 42.0202446121 0.185633899612 0.193623154497 0.693721338575 0.668438847761
641.914511316 -22.6151414847 42.0220673596 0.186872120236 0.194883883507 0.693421751177 0.668038041104
642.160871552 -22.7195859128 42.0211503948 0.188468375042 0.195971726788 0.692925253556 0.667786718977
642.32421956 -22.7930524605 42.0355320969 0.189773986064 0.196475047769 0.692828639591 0.667369065602
642.408402849 -22.8385867572 42.0292049703 0.190346586524 0.196869883274 0.692629344116 0.667296501042
642.625602055 -22.9418572361 42.0375544536 0.191322958058 0.198030187987 0.692325345794 0.666989303888
642.865321908 -23.0370906864 42.0349817845 0.192704845338 0.199826958997 0.691625112885 0.666782093055
643.103899022 -23.1339941666 42.0171432357 0.193982112865 0.2012658778 0.691285974912 0.666330450213
643.31392758 -23.230911967 42.0111612321 0.195175625707 0.202465349236 0.690932401036 0.665985132169
643.460546126 -23.2901241173 41.9859208369 0.196176117778 0.203300764331 0.690760509747 0.665614940185
643.535419612 -23.3335032827 41.9870238713 0.196911853574 0.20344444878 0.690485817671 0.665638862089
643.774600797 -23.4285955706 41.98939303 0.198171862379 0.205084900012 0.689980187618 0.665285718782
643.693266517 -23.3939732311 41.989070181 0.197841448276 0.204663972532 0.689982795178 0.665510944004
644.020467541 -23.5244983324 42.0128234547 0.199353546437 0.206271755365 0.689656370748 0.66490134939
644.235439204 -23.6159199804 42.0156204688 0.200791106005 0.207285457388 0.689324825699 0.664497211137
644.466642849 -23.7093406883 42.0040986486 0.20199059319 0.208433832496 0.689295913405 0.663804124849
644.631184764 -23.7636399235 42.0152289296 0.202521474318 0.209204322864 0.689056564102 0.663648563779
644.712272158 -23.7939933028 42.0017686576 0.202945130789 0.209767991209 0.688865416121 0.663539613157
644.943157195 -23.8902022299 42.013382416 0.204291693253 0.210965282983 0.688496979249 0.663128988666
645.187366198 -23.9997345589 42.0374682466 0.2053478038 0.212570354401 0.68792807137 0.662880740427
645.421389539 -24.1056591633 42.0323593243 0.207169226463 0.213115363432 0.68776321386 0.66230966606
645.668856507 -24.1981397383 42.0348072783 0.20825948276 0.21479704042 0.687158092291 0.66205261727
645.82399971 -24.2598146389 42.0325254664 0.209064146643 0.215812348675 0.686770703347 0.661870762333
645.895313508 -24.288798453 42.0329418528 0.209680643882 0.216170296506 0.686625918434 0.661709226184
646.110735876 -24.3717409721 42.0095105309 0.211085215734 0.217693844081 0.686122102171 0.661285547529
646.038319717 -24.3428732105 42.0107899483 0.210540615233 0.217101212841 0.68632886008 0.661439384263
646.345053635 -24.4862759073 41.9990969528 0.212505402495 0.219252475093 0.685760447946 0.660690688996
646.58200781 -24.5817628734 42.0208732214 0.214249283524 0.220771351725 0.685097073429 0.660309777246
646.804836997 -24.6774743324 42.0042277675 0.216067649335 0.221587754925 0.684465630655 0.66009860695
646.962910353 -24.7675165709 42.0283022297 0.21707984991 0.222559323132 0.68419511169 0.659719918548
647.054594952 -24.8127804126 42.0308431111 0.217170975347 0.223440178545 0.684005932876 0.659588470393
647.282490802 -24.9116711991 42.009550459 0.218857977809 0.224633302768 0.683769659207 0.658870226431
647.212366098 -24.8716036077 42.02552137 0.218576892757 0.223829305447 0.683906115298 0.659095562995
647.50355684 -25.0109163674 42.018623424 0.220038952367 0.225901993959 0.683454412909 0.658370022945
647.654264404 -25.0767783176 42.0233208149 0.220788165044 0.227121874979 0.683091703618 0.658075731185
647.730542608 -25.1125992795 42.0194562477 0.221291237888 0.227443234068 0.683101024348 0.657786115855
647.961665234 -25.2061834009 42.0086141624 0.222640716332 0.229136166255 0.682580408096 0.657283363934
648.110369448 -25.2730912018 41.9998052804 0.223753464778 0.229996679624 0.682306252579 0.65688946829
648.170438018 -25.3050286669 42.007545354 0.22417080103 0.23058714492 0.682141371977 0.656711417884
648.393152939 -25.3897929762 42.0228702145 0.225776898195 0.231566659959 0.681592142392 0.656386743362
648.324917239 -25.3683263419 42.0097983631 0.225389769669 0.230906270338 0.681787267918 0.656549720926
648.618931191 -25.4854387454 42.0044911825 0.227416828998 0.232494951074 0.681116216385 0.655986382182
648.858434033 -25.6057040312 42.0100533703 0.228576617149 0.234407782012 0.680641006739 0.655395599136
649.083125157 -25.6964583466 42.014581264 0.229690198931 0.236237721046 0.679995471658 0.655019148216
649.219580681 -25.7413941646 42.0054764109 0.230442208612 0.237297271934 0.679555815633 0.654828171564
649.287329844 -25.7753127334 42.0048248941 0.231141933293 0.23738780983 0.679512716972 0.654593529302
649.520332477 -25.8849654871 41.9997990258 0.233039783717 0.238531610745 0.679088276031 0.653944929734
649.456504907 -25.8535807936 42.0058644505 0.232410222033 0.238297292887 0.679156357965 0.654183726167
649.743610711 -25.9733161774 42.0002709234 0.234762885067 0.239668041577 0.678352726468 0.65367643828
649.883789088 -26.0231773498 41.9914401521 0.235710394386 0.240862288671 0.677915249228 0.653350385192
649.946710162 -26.0705935897 42.0120816906 0.236231350477 0.241162474314 0.677770512445 0.653201683518
650.174601045 -26.1730885573 42.0305348415 0.237889954997 0.242494055864 0.677276445992 0.6526189219
650.328324976 -26.2388605127 42.004406049 0.23917889343 0.243275472063 0.676842015467 0.652307628489
650.40198469 -26.266011329 42.0041904965 0.23974828936 0.243899454593 0.676697045358 0.652015938747
650.62048925 -26.358979794 42.0181080496 0.240860742266 0.245364438633 0.676167230159 0.651605806316
650.547614413 -26.3363360754 42.0130892751 0.240647407075 0.244602708103 0.676367169633 0.65176343261
650.841451371 -26.473188632 42.0273196507 0.241758753369 0.247122080985 0.675714137327 0.6510789299
650.982885391 -26.5508050417 42.0114055705 0.242751857371 0.248146108635 0.675485323171 0.650557078617
651.063996464 -26.5875748666 41.9961839543 0.243076997265 0.248780378405 0.675385208102 0.650297367612
651.280647422 -26.6819747608 42.0075547672 0.24488307836 0.249954561244 0.674903500834 0.649669200878
651.420160351 -26.758257255 42.0281542112 0.246056463405 0.250761238202 0.674509063497 0.649324528784
651.479808649 -26.789692808 42.024413786 0.246399023843 0.251511713236 0.674309610982 0.649111556027
651.700130427 -26.8887716072 42.0226990488 0.247451502105 0.253724077098 0.673419195479 0.648774503145
651.552804941 -26.8157901845 42.0222660789 0.246901286255 0.252019228365 0.673978242818 0.649067891322
651.932072533 -26.9764744958 42.0148522241 0.249707073182 0.254833231546 0.672968234912 0.647942938287
652.068621693 -27.0332129992 42.0137712562 0.250656408788 0.255725021831 0.672602127731 0.647605107268
652.134183656 -27.0751621103 42.0142153805 0.251256379899 0.256243154536 0.672374482011 0.647404198238
652.353910649 -27.173760034 42.0088351648 0.252775636323 0.257478637197 0.671506241381 0.647223602744
652.580858044 -27.276607086 42.011075624 0.254291045643 0.259236549771 0.670877777168 0.646579768262
652.774793371 -27.3774935774 42.0011470683 0.2562705687 0.260160998635 0.670414293945 0.645907237657
652.705443162 -27.342521646 42.010747089 0.255591231802 0.25991610467 0.670660033397 0.646020005474
652.983423815 -27.4588651342 42.0029116741 0.25783458032 0.261423992061 0.669785824293 0.645426770844
653.193675264 -27.5459262709 42.002633874 0.259327618217 0.262964336784 0.669220045028 0.644789318034
653.394833601 -27.6685594719 42.0082531011 0.260868015324 0.264689651105 0.668579796704 0.644125904434
653.539310985 -27.7344888256 42.0177050198 0.261953681008 0.265705017105 0.668076671005 0.643789306021
653.603891382 -27.766926512 42.0076321439 0.262571426289 0.265986330921 0.667984556367 0.64351699661
653.81294122 -27.8717310314 42.0026122042 0.264002776541 0.267662340126 0.667259740184 0.642988052739
653.741489928 -27.8293230146 42.0068575312 0.263677158544 0.267059958127 0.667441702857 0.643183383042
653.751394605 -28.2843588348 41.9795342046 0.264636753874 0.271263142775 0.666617632727 0.641883710554
653.966258045 -28.3959968706 41.9944012563 0.26653699289 0.272589747045 0.665940393384 0.641238039033
654.145443259 -28.5014146041 41.9871356854 0.267776379497 0.273838993385 0.665453370553 0.640694875117
654.283881999 -28.57755851 41.9996416207 0.268417433791 0.275190437506 0.664949584575 0.640370518608
654.337623388 -28.6099374027 42.005092083 0.268940765729 0.27554416782 0.664676884235 0.640281999395
654.525119566 -28.7171803658 41.9891236249 0.270155634932 0.277485177856 0.664179092619 0.639448086176
654.456975131 -28.6816261257 41.9905311759 0.269571637693 0.277003093679 0.664269642238 0.639809466223
654.727355485 -28.8323075436 41.9714523963 0.271869668458 0.279090276012 0.663711165982 0.638508397246
654.927400047 -28.9440960282 42.0115735221 0.27353640187 0.28044947522 0.662898597176 0.638045019278
655.117828537 -29.0551289124 42.0070831202 0.274855838479 0.282132565625 0.662314949345 0.637341707156
655.177595079 -29.0811232348 42.0072695203 0.275145633885 0.282610307894 0.662263137967 0.637058774665
655.167213064 -29.0900800182 42.0122495616 0.27532932352 0.282567221641 0.662143833591 0.637122585916
655.162392563 -29.082425017 42.0082501907 0.275390573543 0.282471802531 0.662182444429 0.637098290272
655.158786908 -29.0732966723 41.9958903061 0.275460217465 0.282532417145 0.662060876062 0.637167670271
655.160562858 -29.0803249351 42.012477199 0.275255378341 0.28242727753 0.662284881551 0.637069863146
655.166462451 -29.0741287163 42.0080808156 0.275390201923 0.282375526242 0.662212761815 0.637109574471
655.147927894 -29.0644960184 42.000985935 0.275285221539 0.282592008685 0.662082293416 0.637194539987
655.164044717 -29.0682628095 42.0028140806 0.275284675558 0.282491410606 0.662181692366 0.637136113162
655.165117442 -29.0799199766 42.022646314 0.2752540185 0.282388332144 0.662271279122 0.637101817781
655.1598731 -29.0729476474 42.0014938611 0.275266222367 0.28251733012 0.66223721814 0.637074907281
655.158946376 -29.0684807302 42.0075263805 0.275158451759 0.282638955387 0.662124366886 0.637184881429
655.149414669 -29.0724290459 41.9953591029 0.275171011342 0.282707251571 0.662149226844 0.637123182926
655.160258625 -29.0824751049 42.0179820677 0.275241346559 0.282652384586 0.662224253613 0.637039229183
655.168463052 -29.0784427095 42.0052369464 0.27528561734 0.282510805197 0.662264171609 0.637041287584
655.160981349 -29.0685084388 41.9967324841 0.275409944077 0.282564618801 0.662119547451 0.637114058193
655.16270685 -29.0787936054 42.0037848613 0.275232941837 0.282580174069 0.662265828828 0.637031554366
655.171901796 -29.0863549973 42.018556364 0.275184857063 0.282562426125 0.662281635876 0.637043832529
655.165540333 -29.0676421513 41.9954541106 0.275397231143 0.282524089631 0.662144583381 0.637111523066
655.172003389 -29.0763741918 42.0213000245 0.275205686603 0.282426943224 0.66227091591 0.637105990218
655.167418815 -29.0851007131 42.0201132301 0.27543154168 0.282370371 0.662286171957 0.637017665447
655.169647034 -29.0771412792 42.0184886529 0.275233694163 0.282489558412 0.662271677574 0.63706537551
655.160953153 -29.068573579 41.9933706629 0.275394155095 0.282525943948 0.662155751109 0.637100513637
655.160100783 -29.0672399692 41.9902601482 0.275302210111 0.28265231888 0.662083234017 0.637159415677
655.169107492 -29.088165401 42.0151625771 0.275164510532 0.282598666831 0.662351000416 0.636964458178
655.166912704 -29.0773248185 42.006898232 0.275357355537 0.28258073514 0.662228505945 0.637016375822
655.161153352 -29.0636890819 41.9887838326 0.275346957577 0.282668064967 0.662062229448 0.637154989364
655.175633944 -29.0779697922 42.0239807608 0.275202842978 0.282474663522 0.662296203943 0.637059820989
655.173397524 -29.0891395336 42.0200271248 0.275366061122 0.282391492119 0.662309619305 0.637012189563
655.167150864 -29.0723241542 41.9945986287 0.275360563081 0.282546583219 0.662156981747 0.637104508633
655.172121226 -29.0689229115 42.0091135809 0.275213895013 0.282543923658 0.662254329783 0.637067875776
655.176070814 -29.0839423485 42.0226125317 0.275414216551 0.282303344442 0.662278850691 0.637062421586
655.163409594 -29.0678270854 41.9952686313 0.275229620911 0.282589062503 0.662169276034 0.637129485365
655.163300092 -29.0724153621 41.9998792668 0.275293423879 0.282706604191 0.662140287695 0.637079825691
655.169204679 -29.083653566 42.0096778146 0.27525543946 0.282516803439 0.662222173272 0.637095299448
655.176529511 -29.0835196524 42.008295684 0.275171843934 0.282615075215 0.662265349332 0.637043000755
655.176029542 -29.0831127808 42.0192396916 0.275326495056 0.28247778302 0.662294164949 0.637007220837
655.159564915 -29.0710886195 41.9939878361 0.275354839987 0.28265402556 0.662134202949 0.637083056758
655.174683834 -29.0782393301 42.0089276815 0.275250290809 0.282600595475 0.662255211772 0.637026080585
655.167158913 -29.0753148351 42.0017683202 0.275301113538 0.282591677035 0.662191840506 0.63707394228
655.165247467 -29.0761013833 41.997052795 0.275379613725 0.282519690294 0.662185752673 0.637078356799
655.167076626 -29.0705389446 42.0003810568 0.275284070361 0.282508674891 0.662167816243 0.637143215642
655.176495605 -29.0751615643 42.0193440127 0.275194321332 0.28252953322 0.662293215801 0.637042238395
655.171820938 -29.0748811594 42.0089860233 0.275168485849 0.282534832905 0.662259553046 0.637086079427
655.164762431 -29.0799698973 42.0044005209 0.275198424997 0.282557580309 0.662240648115 0.637082778274
655.167147076 -29.0830303816 42.0036608435 0.275258243978 0.282610285752 0.662190109101 0.637085986772
655.162247121 -29.0717003573 41.9999237453 0.275344458901 0.282617447677 0.662207593121 0.637027568022
655.171688155 -29.081071699 42.0018013018 0.275185432938 0.282661958013 0.662210510212 0.637073432833
655.173494191 -29.0826672637 42.0050252402 0.275307866161 0.282478963556 0.662263753313 0.63704628283
655.171187637 -29.0682867637 42.0159474471 0.275304921374 0.282568319998 0.662189539149 0.637084962687
655.163483776 -29.0732714793 41.9990504055 0.275256792926 0.282716746942 0.662193933684 0.637035507682
655.167840252 -29.0763079767 42.0083224238 0.275332629797 0.2824977328 0.66229347092 0.636996442847
655.166488309 -29.0696591222 42.0064282906 0.275399375081 0.282520934309 0.662086226199 0.637172630867
655.168296871 -29.0804739613 42.0017853436 0.275214621349 0.282617641998 0.662264210413 0.637024599463
655.16354761 -29.0729809218 42.0048334477 0.27542386887 0.282457699707 0.662140435544 0.637133801001
655.172305393 -29.0835314803 42.0110291898 0.275289080867 0.282555654009 0.66221536172 0.637070606073
655.167663264 -29.081131287 42.0008501617 0.275293771238 0.282571548796 0.66220701877 0.637070291171
655.168626855 -29.0843300728 42.0002343644 0.27522133816 0.282571917836 0.662288237268 0.637017005635
655.170551749 -29.083291125 42.0071959783 0.275276293145 0.28252926243 0.662257932681 0.637043564527
655.164625657 -29.0698279417 42.0119961235 0.275374177129 0.282465982657 0.662155695083 0.637135725129
655.1710846 -29.0811781115 42.0016301883 0.275136443272 0.282698246814 0.662228160631 0.637060175573
655.166305726 -29.0786827713 42.0052451241 0.275405985206 0.282483517007 0.662185623578 0.637083165913
655.165295278 -29.0654579333 42.0061456505 0.275301944746 0.282595476874 0.662126186033 0.637140052175
655.165938947 -29.0688607479 42.0098950356 0.275130948253 0.282668111681 0.662140842624 0.63716660321
655.172169468 -29.0764149617 42.0148840689 0.275330891029 0.282498675228 0.662237415538 0.637054862499
655.170219767 -29.0782489479 42.0023175722 0.275176322306 0.282636125202 0.662172382301 0.637128430684
655.165597567 -29.0794141389 41.992824246 0.275434827536 0.282525162356 0.662137932458 0.637101825419
655.168774301 -29.0848225073 42.0057394193 0.275230386888 0.282523080349 0.662296412584 0.637026192972
655.171667786 -29.0836782867 42.0072294414 0.275175355956 0.282622532231 0.662256380237 0.637047520223
655.168192303 -29.0731296078 41.9929665183 0.275294503119 0.282528487351 0.662219198256 0.637076457958
655.167531425 -29.0692988881 42.0140658749 0.275294564968 0.282471830773 0.662190200289 0.637131672788
655.173663443 -29.0880134518 42.0109048946 0.275152173137 0.282574699608 0.662318936188 0.637013651598
655.168561339 -29.0740669671 42.0186719191 0.275310533761 0.282428727722 0.662243866157 0.637088184414
655.163313626 -29.0679200778 41.9979992071 0.275214015656 0.282690675721 0.662074911902 0.637189242798
655.16319884 -29.080285953 42.0135156429 0.275381914831 0.282530842134 0.662182315347 0.637075938372
655.17080772 -29.0776845593 41.999970166 0.275148690618 0.282682688581 0.66226668973 0.637021711146
655.160263656 -29.0708459546 41.9981979555 0.275260099246 0.282599466921 0.662059494082 0.637225863793
655.164588094 -29.0802593897 42.0015628126 0.275185206733 0.282598351037 0.662242896488 0.637068146735
655.174283799 -29.0849470579 42.0130229028 0.275280407042 0.282491896969 0.662280874085 0.637034632986
655.172814637 -29.080511417 41.9954189033 0.275145887167 0.282682852011 0.662233489947 0.637057332105
655.170780226 -29.0673402958 42.0073877568 0.275265437038 0.282479887857 0.6622722349 0.637055301434
655.171380354 -29.0834931034 42.0010702695 0.275139562708 0.282705595214 0.662239503677 0.637043720893
