1430249789.56
500.0 0.0 25.0 1.0 0.0 0.0 0.0
1430249789.59
500.0 0.0 25.0 1.0 0.0 0.0 0.0
1430249789.61
500.0 0.0 25.0 1.0 0.0 0.0 0.0
1430249789.64
500.0 0.0 25.0 1.0 0.0 0.0 0.0
1430249789.67
500.0 0.0 25.0 1.0 0.0 0.0 0.0
1430249789.71
500.0 0.0 25.0 1.0 0.0 0.0 0.0
1430249789.74
500.0 0.0 25.0 1.0 0.0 0.0 0.0
1430249789.77
500.0 0.0 25.0 1.0 0.0 0.0 0.0
1430249789.8
500.0 0.0 25.0 1.0 0.0 0.0 0.0
1430249789.83
500.0 0.0 25.0 1.0 0.0 0.0 0.0
1430249789.86
500.0 0.0 25.0 1.0 0.0 0.0 0.0
1430249789.89
500.0 0.0 25.0 1.0 0.0 0.0 0.0
1430249789.91
500.0 0.0 25.0 1.0 0.0 0.0 0.0
1430249789.95
500.0 0.0 25.0 1.0 0.0 0.0 0.0
1430249789.98
500.0 0.0 25.0 1.0 0.0 0.0 0.0
1430249790.01
500.0 0.0 25.0 1.0 0.0 0.0 0.0
1430249790.04
500.0 0.0 25.0 1.0 0.0 0.0 0.0
1430249790.07
500.0 0.0 25.0 1.0 0.0 0.0 0.0
1430249790.1
500.0 0.0 25.0 1.0 0.0 0.0 0.0
1430249790.13
500.0 0.0 25.0 1.0 0.0 0.0 0.0
1430249790.15
500.0 0.0 25.0 1.0 0.0 0.0 0.0
1430249790.19
500.0 0.0 25.0 1.0 0.0 0.0 0.0
1430249790.21
500.0 0.0 25.0 1.0 0.0 0.0 0.0
1430249790.24
500.0 0.0 25.0 1.0 0.0 0.0 0.0
1430249790.27
500.0 0.0 25.0 1.0 0.0 0.0 0.0
1430249790.3
500.0 0.0 25.0 1.0 0.0 0.0 0.0
1430249790.7
500.0 0.0 25.0 1.0 0.0 0.0 0.0
1430249790.73
500.0 0.0 25.0 1.0 0.0 0.0 0.0
1430249790.76
500.0 0.0 25.0 1.0 0.0 0.0 0.0
1430249790.79
500.2 0.0 25.0 1.0 0.0 0.0 0.0
1430249790.82
500.3 0.0 25.0 1.0 0.0 0.0 0.0
1430249790.85
500.5 0.0 25.0 1.0 0.0 0.0 0.0
1430249790.88
500.6 0.0 25.0 1.0 0.0 0.0 0.0
1430249790.91
500.8 0.0 25.0 1.0 0.0 0.0 0.0
1430249790.94
500.9 0.0 25.0 1.0 0.0 0.0 0.0
1430249790.97
501.1 0.0 25.0 1.0 0.0 0.0 0.0
1430249791.0
501.2 0.0 25.0 1.0 0.0 0.0 0.0
1430249791.03
501.4 0.0 25.0 1.0 0.0 0.0 0.0
1430249791.07
501.5 0.0 25.0 1.0 0.0 0.0 0.0
1430249791.09
501.7 0.0 25.0 1.0 0.0 0.0 0.0
1430249791.12
501.8 0.0 25.0 1.0 0.0 0.0 0.0
1430249791.15
502.0 0.0 25.0 1.0 0.0 0.0 0.0
1430249791.19
502.1 0.0 25.0 1.0 0.0 0.0 0.0
1430249791.21
502.3 0.0 25.0 1.0 0.0 0.0 0.0
1430249791.25
502.4 0.0 25.0 1.0 0.0 0.0 0.0
1430249791.28
502.6 0.0 25.0 1.0 0.0 0.0 0.0
1430249791.31
502.7 0.0 25.0 1.0 0.0 0.0 0.0
1430249791.34
502.9 0.0 25.0 1.0 0.0 0.0 0.0
1430249791.37
503.0 0.0 25.0 1.0 0.0 0.0 0.0
1430249791.4
503.2 0.0 25.0 1.0 0.0 0.0 0.0
1430249791.43
503.3 0.0 25.0 1.0 0.0 0.0 0.0
1430249791.46
503.5 0.0 25.0 1.0 0.0 0.0 0.0
1430249791.49
503.7 0.0 25.0 1.0 0.0 0.0 0.0
1430249791.52
503.8 0.0 25.0 1.0 0.0 0.0 0.0
1430249791.55
504.0 0.0 25.0 1.0 0.0 0.0 0.0
1430249791.58
504.1 0.0 25.0 1.0 0.0 0.0 0.0
1430249791.61
504.3 0.0 25.0 1.0 0.0 0.0 0.0
1430249791.64
504.4 0.0 25.0 1.0 0.0 0.0 0.0
1430249791.67
504.6 0.0 25.0 1.0 0.0 0.0 0.0
1430249791.7
504.7 0.0 25.0 1.0 0.0 0.0 0.0
1430249791.73
504.9 0.0 25.0 1.0 0.0 0.0 0.0
1430249791.76
505.0 0.0 25.0 1.0 0.0 0.0 0.0
1430249791.79
505.2 0.0 25.0 1.0 0.0 0.0 0.0
1430249791.82
505.3 0.0 25.0 1.0 0.0 0.0 0.0
1430249791.86
505.5 0.0 25.0 1.0 0.0 0.0 0.0
1430249791.88
505.6 0.0 25.0 1.0 0.0 0.0 0.0
1430249791.92
505.8 0.0 25.0 1.0 0.0 0.0 0.0
1430249791.95
505.9 0.0 25.0 1.0 0.0 0.0 0.0
1430249791.98
506.1 0.0 25.0 1.0 0.0 0.0 0.0
1430249792.01
506.2 0.0 25.0 1.0 0.0 0.0 0.0
1430249792.04
506.4 0.0 25.0 1.0 0.0 0.0 0.0
1430249792.07
506.5 0.0 25.0 1.0 0.0 0.0 0.0
1430249792.1
506.7 0.0 25.0 1.0 0.0 0.0 0.0
1430249792.13
506.8 0.0 25.0 1.0 0.0 0.0 0.0
1430249792.16
507.0 0.0 25.0 1.0 0.0 0.0 0.0
1430249792.19
507.2 0.0 25.0 1.0 0.0 0.0 0.0
1430249792.22
507.3 0.0 25.0 1.0 0.0 0.0 0.0
1430249792.25
507.4 0.0 25.0 1.0 0.0 0.0 0.0
1430249792.28
507.6 0.0 25.0 1.0 0.0 0.0 0.0
1430249792.31
507.8 0.0 25.0 1.0 0.0 0.0 0.0
1430249792.34
507.9 0.0 25.0 1.0 0.0 0.0 0.0
1430249792.37
508.1 0.0 25.0 1.0 0.0 0.0 0.0
1430249792.41
508.2 0.0 25.0 1.0 0.0 0.0 0.0
1430249792.43
508.4 0.0 25.0 1.0 0.0 0.0 0.0
1430249792.47
508.5 0.0 25.0 1.0 0.0 0.0 0.0
1430249792.49
508.7 0.0 25.0 1.0 0.0 0.0 0.0
1430249792.53
508.8 0.0 25.0 1.0 0.0 0.0 0.0
1430249792.55
508.9 0.0 25.0 1.0 0.0 0.0 0.0
1430249792.58
509.1 0.0 25.0 1.0 0.0 0.0 0.0
1430249792.61
509.3 0.0 25.0 1.0 0.0 0.0 0.0
1430249792.64
509.4 0.0 25.0 1.0 0.0 0.0 0.0
1430249792.67
509.6 0.0 25.0 1.0 0.0 0.0 0.0
1430249792.7
509.7 0.0 25.0 1.0 0.0 0.0 0.0
1430249792.73
509.9 0.0 25.0 1.0 0.0 0.0 0.0
1430249792.76
510.0 0.0 25.0 1.0 0.0 0.0 0.0
1430249792.79
510.2 0.0 25.0 1.0 0.0 0.0 0.0
1430249792.82
510.3 0.0 25.0 1.0 0.0 0.0 0.0
1430249792.85
510.5 0.0 25.0 1.0 0.0 0.0 0.0
1430249792.88
510.6 0.0 25.0 1.0 0.0 0.0 0.0
1430249792.92
510.8 0.0 25.0 1.0 0.0 0.0 0.0
1430249792.95
510.9 0.0 25.0 1.0 0.0 0.0 0.0
1430249792.98
511.1 0.0 25.0 1.0 0.0 0.0 0.0
1430249793.01
511.2 0.0 25.0 1.0 0.0 0.0 0.0
1430249793.04
511.4 0.0 25.0 1.0 0.0 0.0 0.0
1430249793.07
511.5 0.0 25.0 1.0 0.0 0.0 0.0
1430249793.1
511.7 0.0 25.0 1.0 0.0 0.0 0.0
1430249793.13
511.8 0.0 25.0 1.0 0.0 0.0 0.0
1430249793.16
512.0 0.0 25.0 1.0 0.0 0.0 0.0
1430249793.19
512.1 0.0 25.0 1.0 0.0 0.0 0.0
1430249793.22
512.3 0.0 25.0 1.0 0.0 0.0 0.0
1430249793.25
512.4 0.0 25.0 1.0 0.0 0.0 0.0
1430249793.28
512.6 0.0 25.0 1.0 0.0 0.0 0.0
1430249793.31
512.7 0.0 25.0 1.0 0.0 0.0 0.0
1430249793.34
512.9 0.0 25.0 1.0 0.0 0.0 0.0
1430249793.37
513.0 0.0 25.0 1.0 0.0 0.0 0.0
1430249793.4
513.2 0.0 25.0 1.0 0.0 0.0 0.0
1430249793.43
513.3 0.0 25.0 1.0 0.0 0.0 0.0
1430249793.46
513.5 0.0 25.0 1.0 0.0 0.0 0.0
1430249793.49
513.6 0.0 25.0 1.0 0.0 0.0 0.0
1430249793.52
513.8 0.0 25.0 1.0 0.0 0.0 0.0
1430249793.55
513.9 0.0 25.0 1.0 0.0 0.0 0.0
1430249793.58
514.1 0.0 25.0 1.0 0.0 0.0 0.0
1430249793.61
514.2 0.0 25.0 1.0 0.0 0.0 0.0
1430249793.64
514.4 0.0 25.0 1.0 0.0 0.0 0.0
1430249793.67
514.6 0.0 25.0 1.0 0.0 0.0 0.0
1430249793.7
514.7 0.0 25.0 1.0 0.0 0.0 0.0
1430249793.73
514.9 0.0 25.0 1.0 0.0 0.0 0.0
1430249793.76
515.0 0.0 25.0 1.0 0.0 0.0 0.0
1430249793.79
515.1 0.0 25.0 1.0 0.0 0.0 0.0
1430249793.82
515.3 0.0 25.0 1.0 0.0 0.0 0.0
1430249793.85
515.4 0.0 25.0 1.0 0.0 0.0 0.0
1430249793.88
515.6 0.0 25.0 1.0 0.0 0.0 0.0
1430249793.91
515.7 0.0 25.0 1.0 0.0 0.0 0.0
1430249793.94
515.9 0.0 25.0 1.0 0.0 0.0 0.0
1430249793.97
516.0 0.0 25.0 1.0 0.0 0.0 0.0
1430249794.0
516.2 0.0 25.0 1.0 0.0 0.0 0.0
1430249794.03
516.3 0.0 25.0 1.0 0.0 0.0 0.0
1430249794.06
516.5 0.0 25.0 1.0 0.0 0.0 0.0
1430249794.09
516.7 0.0 25.0 1.0 0.0 0.0 0.0
1430249794.12
516.8 0.0 25.0 1.0 0.0 0.0 0.0
1430249794.15
517.0 0.0 25.0 1.0 0.0 0.0 0.0
1430249794.18
517.1 0.0 25.0 1.0 0.0 0.0 0.0
1430249794.21
517.3 0.0 25.0 1.0 0.0 0.0 0.0
1430249794.24
517.4 0.0 25.0 1.0 0.0 0.0 0.0
1430249794.27
517.6 0.0 25.0 1.0 0.0 0.0 0.0
1430249794.3
517.7 0.0 25.0 1.0 0.0 0.0 0.0
1430249794.33
517.9 0.0 25.0 1.0 0.0 0.0 0.0
1430249794.36
518.0 0.0 25.0 1.0 0.0 0.0 0.0
1430249794.39
518.2 0.0 25.0 1.0 0.0 0.0 0.0
1430249794.42
518.3 0.0 25.0 1.0 0.0 0.0 0.0
1430249794.46
518.5 0.0 25.0 1.0 0.0 0.0 0.0
1430249794.48
518.6 0.0 25.0 1.0 0.0 0.0 0.0
1430249794.52
518.8 0.0 25.0 1.0 0.0 0.0 0.0
1430249794.54
518.9 0.0 25.0 1.0 0.0 0.0 0.0
1430249794.58
519.1 0.0 25.0 1.0 0.0 0.0 0.0
1430249794.61
519.3 0.0 25.0 1.0 0.0 0.0 0.0
1430249794.64
519.4 0.0 25.0 1.0 0.0 0.0 0.0
1430249794.67
519.5 0.0 25.0 1.0 0.0 0.0 0.0
1430249794.7
519.7 0.0 25.0 1.0 0.0 0.0 0.0
1430249794.73
519.8 0.0 25.0 1.0 0.0 0.0 0.0
1430249794.76
520.0 0.0 25.0 1.0 0.0 0.0 0.0
1430249794.79
520.1 0.0 25.0 1.0 0.0 0.0 0.0
1430249794.82
520.3 0.0 25.0 1.0 0.0 0.0 0.0
1430249794.85
520.5 0.0 25.0 1.0 0.0 0.0 0.0
1430249794.88
520.6 0.0 25.0 1.0 0.0 0.0 0.0
1430249794.91
520.8 0.0 25.0 1.0 0.0 0.0 0.0
1430249794.94
520.9 0.0 25.0 1.0 0.0 0.0 0.0
1430249794.97
521.0 0.0 25.0 1.0 0.0 0.0 0.0
1430249795.0
521.2 0.0 25.0 1.0 0.0 0.0 0.0
1430249795.03
521.4 0.0 25.0 1.0 0.0 0.0 0.0
1430249795.06
521.5 0.0 25.0 1.0 0.0 0.0 0.0
1430249795.09
521.7 0.0 25.0 1.0 0.0 0.0 0.0
1430249795.12
521.8 0.0 25.0 1.0 0.0 0.0 0.0
1430249795.15
522.0 0.0 25.0 1.0 0.0 0.0 0.0
1430249795.18
522.1 0.0 25.0 1.0 0.0 0.0 0.0
1430249795.21
522.3 0.0 25.0 1.0 0.0 0.0 0.0
1430249795.24
522.4 0.0 25.0 1.0 0.0 0.0 0.0
1430249795.27
522.6 0.0 25.0 1.0 0.0 0.0 0.0
1430249795.3
522.7 0.0 25.0 1.0 0.0 0.0 0.0
1430249795.33
522.9 0.0 25.0 1.0 0.0 0.0 0.0
1430249795.36
523.0 0.0 25.0 1.0 0.0 0.0 0.0
1430249795.39
523.2 0.0 25.0 1.0 0.0 0.0 0.0
1430249795.42
523.3 0.0 25.0 1.0 0.0 0.0 0.0
1430249795.45
523.5 0.0 25.0 1.0 0.0 0.0 0.0
1430249795.48
523.6 0.0 25.0 1.0 0.0 0.0 0.0
1430249795.51
523.8 0.0 25.0 1.0 0.0 0.0 0.0
1430249795.54
523.9 0.0 25.0 1.0 0.0 0.0 0.0
1430249795.57
524.1 0.0 25.0 1.0 0.0 0.0 0.0
1430249795.6
524.2 0.0 25.0 1.0 0.0 0.0 0.0
1430249795.63
524.4 0.0 25.0 1.0 0.0 0.0 0.0
1430249795.66
524.5 0.0 25.0 1.0 0.0 0.0 0.0
1430249795.69
524.7 0.0 25.0 1.0 0.0 0.0 0.0
1430249795.72
524.8 0.0 25.0 1.0 0.0 0.0 0.0
1430249795.75
525.0 0.0 25.0 1.0 0.0 0.0 0.0
1430249795.78
525.1 0.0 25.0 1.0 0.0 0.0 0.0
1430249795.81
525.3 0.0 25.0 1.0 0.0 0.0 0.0
1430249795.84
525.4 0.0 25.0 1.0 0.0 0.0 0.0
1430249795.87
525.6 0.0 25.0 1.0 0.0 0.0 0.0
1430249795.9
525.7 0.0 25.0 1.0 0.0 0.0 0.0
1430249795.93
525.9 0.0 25.0 1.0 0.0 0.0 0.0
1430249795.96
526.0 0.0 25.0 1.0 0.0 0.0 0.0
1430249795.99
526.2 0.0 25.0 1.0 0.0 0.0 0.0
1430249796.02
526.3 0.0 25.0 1.0 0.0 0.0 0.0
1430249796.05
526.5 0.0 25.0 1.0 0.0 0.0 0.0
1430249796.08
526.6 0.0 25.0 1.0 0.0 0.0 0.0
1430249796.11
526.8 0.0 25.0 1.0 0.0 0.0 0.0
1430249796.14
526.9 0.0 25.0 1.0 0.0 0.0 0.0
1430249796.17
527.1 0.0 25.0 1.0 0.0 0.0 0.0
1430249796.2
527.2 0.0 25.0 1.0 0.0 0.0 0.0
1430249796.23
527.4 0.0 25.0 1.0 0.0 0.0 0.0
1430249796.27
527.5 0.0 25.0 1.0 0.0 0.0 0.0
1430249796.3
527.7 0.0 25.0 1.0 0.0 0.0 0.0
1430249796.33
527.8 0.0 25.0 1.0 0.0 0.0 0.0
1430249796.36
528.0 0.0 25.0 1.0 0.0 0.0 0.0
1430249796.39
528.1 0.0 25.0 1.0 0.0 0.0 0.0
1430249796.42
528.3 0.0 25.0 1.0 0.0 0.0 0.0
1430249796.45
528.4 0.0 25.0 1.0 0.0 0.0 0.0
1430249796.48
528.6 0.0 25.0 1.0 0.0 0.0 0.0
1430249796.51
528.8 0.0 25.0 1.0 0.0 0.0 0.0
1430249796.54
528.9 0.0 25.0 1.0 0.0 0.0 0.0
1430249796.57
529.1 0.0 25.0 1.0 0.0 0.0 0.0
1430249796.6
529.2 0.0 25.0 1.0 0.0 0.0 0.0
1430249796.63
529.3 0.0 25.0 1.0 0.0 0.0 0.0
1430249796.66
529.5 0.0 25.0 1.0 0.0 0.0 0.0
1430249796.69
529.7 0.0 25.0 1.0 0.0 0.0 0.0
1430249796.72
529.8 0.0 25.0 1.0 0.0 0.0 0.0
1430249796.75
530.0 0.0 25.0 1.0 0.0 0.0 0.0
1430249796.78
530.1 0.0 25.0 1.0 0.0 0.0 0.0
1430249796.82
530.3 0.0 25.0 1.0 0.0 0.0 0.0
1430249796.84
530.4 0.0 25.0 1.0 0.0 0.0 0.0
1430249796.88
530.6 0.0 25.0 1.0 0.0 0.0 0.0
1430249796.9
530.7 0.0 25.0 1.0 0.0 0.0 0.0
1430249796.93
530.9 0.0 25.0 1.0 0.0 0.0 0.0
1430249796.96
531.0 0.0 25.0 1.0 0.0 0.0 0.0
1430249797.0
531.2 0.0 25.0 1.0 0.0 0.0 0.0
1430249797.03
531.3 0.0 25.0 1.0 0.0 0.0 0.0
1430249797.06
531.5 0.0 25.0 1.0 0.0 0.0 0.0
1430249797.08
531.6 0.0 25.0 1.0 0.0 0.0 0.0
1430249797.11
531.8 0.0 25.0 1.0 0.0 0.0 0.0
1430249797.14
531.9 0.0 25.0 1.0 0.0 0.0 0.0
1430249797.17
532.1 0.0 25.0 1.0 0.0 0.0 0.0
1430249797.2
532.3 0.0 25.0 1.0 0.0 0.0 0.0
1430249797.24
532.4 0.0 25.0 1.0 0.0 0.0 0.0
1430249797.26
532.6 0.0 25.0 1.0 0.0 0.0 0.0
1430249797.3
532.7 0.0 25.0 1.0 0.0 0.0 0.0
1430249797.33
532.8 0.0 25.0 1.0 0.0 0.0 0.0
1430249797.36
533.0 0.0 25.0 1.0 0.0 0.0 0.0
1430249797.39
533.1 0.0 25.0 1.0 0.0 0.0 0.0
1430249797.42
533.3 0.0 25.0 1.0 0.0 0.0 0.0
1430249797.45
533.5 0.0 25.0 1.0 0.0 0.0 0.0
1430249797.48
533.6 0.0 25.0 1.0 0.0 0.0 0.0
1430249797.51
533.8 0.0 25.0 1.0 0.0 0.0 0.0
1430249797.54
533.9 0.0 25.0 1.0 0.0 0.0 0.0
1430249797.57
534.1 0.0 25.0 1.0 0.0 0.0 0.0
1430249797.6
534.2 0.0 25.0 1.0 0.0 0.0 0.0
1430249797.63
534.4 0.0 25.0 1.0 0.0 0.0 0.0
1430249797.66
534.5 0.0 25.0 1.0 0.0 0.0 0.0
1430249797.69
534.7 0.0 25.0 1.0 0.0 0.0 0.0
1430249797.72
534.8 0.0 25.0 1.0 0.0 0.0 0.0
1430249797.75
535.0 0.0 25.0 1.0 0.0 0.0 0.0
1430249797.78
535.1 0.0 25.0 1.0 0.0 0.0 0.0
1430249797.81
535.3 0.0 25.0 1.0 0.0 0.0 0.0
1430249797.84
535.4 0.0 25.0 1.0 0.0 0.0 0.0
1430249797.87
535.6 0.0 25.0 1.0 0.0 0.0 0.0
1430249797.9
535.7 0.0 25.0 1.0 0.0 0.0 0.0
1430249797.93
535.9 0.0 25.0 1.0 0.0 0.0 0.0
1430249797.96
536.0 0.0 25.0 1.0 0.0 0.0 0.0
1430249797.99
536.2 0.0 25.0 1.0 0.0 0.0 0.0
1430249798.02
536.3 0.0 25.0 1.0 0.0 0.0 0.0
1430249798.05
536.5 0.0 25.0 1.0 0.0 0.0 0.0
1430249798.08
536.6 0.0 25.0 1.0 0.0 0.0 0.0
1430249798.11
536.8 0.0 25.0 1.0 0.0 0.0 0.0
1430249798.14
536.9 0.0 25.0 1.0 0.0 0.0 0.0
1430249798.17
537.1 0.0 25.0 1.0 0.0 0.0 0.0
1430249798.2
537.2 0.0 25.0 1.0 0.0 0.0 0.0
1430249798.23
537.4 0.0 25.0 1.0 0.0 0.0 0.0
1430249798.26
537.5 0.0 25.0 1.0 0.0 0.0 0.0
1430249798.29
537.7 0.0 25.0 1.0 0.0 0.0 0.0
1430249798.32
537.8 0.0 25.0 1.0 0.0 0.0 0.0
1430249798.35
538.0 0.0 25.0 1.0 0.0 0.0 0.0
1430249798.38
538.1 0.0 25.0 1.0 0.0 0.0 0.0
1430249798.41
538.3 0.0 25.0 1.0 0.0 0.0 0.0
1430249798.44
538.4 0.0 25.0 1.0 0.0 0.0 0.0
1430249798.47
538.6 0.0 25.0 1.0 0.0 0.0 0.0
1430249798.5
538.7 0.0 25.0 1.0 0.0 0.0 0.0
1430249798.53
538.9 0.0 25.0 1.0 0.0 0.0 0.0
1430249798.56
539.0 0.0 25.0 1.0 0.0 0.0 0.0
1430249798.59
539.2 0.0 25.0 1.0 0.0 0.0 0.0
1430249798.62
539.3 0.0 25.0 1.0 0.0 0.0 0.0
1430249798.65
539.5 0.0 25.0 1.0 0.0 0.0 0.0
1430249798.68
539.6 0.0 25.0 1.0 0.0 0.0 0.0
1430249798.71
539.8 0.0 25.0 1.0 0.0 0.0 0.0
1430249798.74
539.9 0.0 25.0 1.0 0.0 0.0 0.0
1430249798.77
540.1 0.0 25.0 1.0 0.0 0.0 0.0
1430249798.8
540.2 0.0 25.0 1.0 0.0 0.0 0.0
1430249798.83
540.4 0.0 25.0 1.0 0.0 0.0 0.0
1430249798.86
540.5 0.0 25.0 1.0 0.0 0.0 0.0
1430249798.89
540.7 0.0 25.0 1.0 0.0 0.0 0.0
1430249798.93
540.8 0.0 25.0 1.0 0.0 0.0 0.0
1430249798.95
541.0 0.0 25.0 1.0 0.0 0.0 0.0
1430249798.99
541.1 0.0 25.0 1.0 0.0 0.0 0.0
1430249799.01
541.3 0.0 25.0 1.0 0.0 0.0 0.0
1430249799.05
541.4 0.0 25.0 1.0 0.0 0.0 0.0
1430249799.07
541.6 0.0 25.0 1.0 0.0 0.0 0.0
1430249799.11
541.7 0.0 25.0 1.0 0.0 0.0 0.0
1430249799.14
541.9 0.0 25.0 1.0 0.0 0.0 0.0
1430249799.17
542.0 0.0 25.0 1.0 0.0 0.0 0.0
1430249799.2
542.2 0.0 25.0 1.0 0.0 0.0 0.0
1430249799.23
542.3 0.0 25.0 1.0 0.0 0.0 0.0
1430249799.26
542.5 0.0 25.0 1.0 0.0 0.0 0.0
1430249799.29
542.6 0.0 25.0 1.0 0.0 0.0 0.0
1430249799.32
542.8 0.0 25.0 1.0 0.0 0.0 0.0
1430249799.35
543.0 0.0 25.0 1.0 0.0 0.0 0.0
1430249799.38
543.1 0.0 25.0 1.0 0.0 0.0 0.0
1430249799.41
543.3 0.0 25.0 1.0 0.0 0.0 0.0
1430249799.44
543.4 0.0 25.0 1.0 0.0 0.0 0.0
1430249799.47
543.6 0.0 25.0 1.0 0.0 0.0 0.0
1430249799.5
543.7 0.0 25.0 1.0 0.0 0.0 0.0
1430249799.54
543.9 0.0 25.0 1.0 0.0 0.0 0.0
1430249799.56
544.0 0.0 25.0 1.0 0.0 0.0 0.0
1430249799.59
544.2 0.0 25.0 1.0 0.0 0.0 0.0
1430249799.62
544.3 0.0 25.0 1.0 0.0 0.0 0.0
1430249799.65
544.5 0.0 25.0 1.0 0.0 0.0 0.0
1430249799.68
544.6 0.0 25.0 1.0 0.0 0.0 0.0
1430249799.71
544.8 0.0 25.0 1.0 0.0 0.0 0.0
1430249799.74
544.9 0.0 25.0 1.0 0.0 0.0 0.0
1430249799.77
545.1 0.0 25.0 1.0 0.0 0.0 0.0
1430249799.8
545.2 0.0 25.0 1.0 0.0 0.0 0.0
1430249799.83
545.4 0.0 25.0 1.0 0.0 0.0 0.0
1430249799.86
545.5 0.0 25.0 1.0 0.0 0.0 0.0
1430249799.9
545.7 0.0 25.0 1.0 0.0 0.0 0.0
1430249799.92
545.8 0.0 25.0 1.0 0.0 0.0 0.0
1430249799.96
546.0 0.0 25.0 1.0 0.0 0.0 0.0
1430249799.98
546.1 0.0 25.0 1.0 0.0 0.0 0.0
1430249800.02
546.3 0.0 25.0 1.0 0.0 0.0 0.0
1430249800.04
546.4 0.0 25.0 1.0 0.0 0.0 0.0
1430249800.08
546.6 0.0 25.0 1.0 0.0 0.0 0.0
1430249800.1
546.7 0.0 25.0 1.0 0.0 0.0 0.0
1430249800.14
546.9 0.0 25.0 1.0 0.0 0.0 0.0
1430249800.17
547.0 0.0 25.0 1.0 0.0 0.0 0.0
1430249800.2
547.2 0.0 25.0 1.0 0.0 0.0 0.0
1430249800.23
547.3 0.0 25.0 1.0 0.0 0.0 0.0
1430249800.26
547.5 0.0 25.0 1.0 0.0 0.0 0.0
1430249800.29
547.7 0.0 25.0 1.0 0.0 0.0 0.0
1430249800.32
547.8 0.0 25.0 1.0 0.0 0.0 0.0
1430249800.35
547.9 0.0 25.0 1.0 0.0 0.0 0.0
1430249800.38
548.1 0.0 25.0 1.0 0.0 0.0 0.0
1430249800.41
548.2 0.0 25.0 1.0 0.0 0.0 0.0
1430249800.44
548.4 0.0 25.0 1.0 0.0 0.0 0.0
1430249800.47
548.6 0.0 25.0 1.0 0.0 0.0 0.0
1430249800.5
548.7 0.0 25.0 1.0 0.0 0.0 0.0
1430249800.53
548.8 0.0 25.0 1.0 0.0 0.0 0.0
1430249800.56
549.0 0.0 25.0 1.0 0.0 0.0 0.0
1430249800.59
549.1 0.0 25.0 1.0 0.0 0.0 0.0
1430249800.62
549.3 0.0 25.0 1.0 0.0 0.0 0.0
1430249800.65
549.5 0.0 25.0 1.0 0.0 0.0 0.0
1430249800.68
549.6 0.0 25.0 1.0 0.0 0.0 0.0
1430249800.71
549.8 0.0 25.0 1.0 0.0 0.0 0.0
1430249800.74
549.9 0.0 25.0 1.0 0.0 0.0 0.0
1430249800.77
550.1 0.0 25.0 1.0 0.0 0.0 0.0
1430249800.8
550.2 0.0 25.0 1.0 0.0 0.0 0.0
1430249800.83
550.4 0.0 25.0 1.0 0.0 0.0 0.0
1430249800.86
550.5 0.0 25.0 1.0 0.0 0.0 0.0
1430249800.89
550.7 0.0 25.0 1.0 0.0 0.0 0.0
1430249800.92
550.8 0.0 25.0 1.0 0.0 0.0 0.0
1430249800.95
551.0 0.0 25.0 1.0 0.0 0.0 0.0
1430249800.98
551.1 0.0 25.0 1.0 0.0 0.0 0.0
1430249801.01
551.2 0.0 25.0 1.0 0.0 0.0 0.0
1430249801.04
551.4 0.0 25.0 1.0 0.0 0.0 0.0
1430249801.07
551.5 0.0 25.0 1.0 0.0 0.0 0.0
1430249801.1
551.7 0.0 25.0 1.0 0.0 0.0 0.0
1430249801.13
551.9 0.0 25.0 1.0 0.0 0.0 0.0
1430249801.16
552.0 0.0 25.0 1.0 0.0 0.0 0.0
1430249801.19
552.2 0.0 25.0 1.0 0.0 0.0 0.0
1430249801.22
552.3 0.0 25.0 1.0 0.0 0.0 0.0
1430249801.25
552.5 0.0 25.0 1.0 0.0 0.0 0.0
1430249801.28
552.6 0.0 25.0 1.0 0.0 0.0 0.0
1430249801.31
552.8 0.0 25.0 1.0 0.0 0.0 0.0
1430249801.34
552.9 0.0 25.0 1.0 0.0 0.0 0.0
1430249801.37
553.1 0.0 25.0 1.0 0.0 0.0 0.0
1430249801.4
553.2 0.0 25.0 1.0 0.0 0.0 0.0
1430249801.43
553.4 0.0 25.0 1.0 0.0 0.0 0.0
1430249801.46
553.5 0.0 25.0 1.0 0.0 0.0 0.0
1430249801.49
553.7 0.0 25.0 1.0 0.0 0.0 0.0
1430249801.52
553.8 0.0 25.0 1.0 0.0 0.0 0.0
1430249801.55
554.0 0.0 25.0 1.0 0.0 0.0 0.0
1430249801.58
554.1 0.0 25.0 1.0 0.0 0.0 0.0
1430249801.61
554.3 0.0 25.0 1.0 0.0 0.0 0.0
1430249801.64
554.4 0.0 25.0 1.0 0.0 0.0 0.0
1430249801.67
554.6 0.0 25.0 1.0 0.0 0.0 0.0
1430249801.7
554.7 0.0 25.0 1.0 0.0 0.0 0.0
1430249801.73
554.9 0.0 25.0 1.0 0.0 0.0 0.0
1430249801.76
555.0 0.0 25.0 1.0 0.0 0.0 0.0
1430249801.79
555.2 0.0 25.0 1.0 0.0 0.0 0.0
1430249801.82
555.3 0.0 25.0 1.0 0.0 0.0 0.0
1430249801.85
555.5 0.0 25.0 1.0 0.0 0.0 0.0
1430249801.88
555.6 0.0 25.0 1.0 0.0 0.0 0.0
1430249801.91
555.8 0.0 25.0 1.0 0.0 0.0 0.0
1430249801.94
555.9 0.0 25.0 1.0 0.0 0.0 0.0
1430249801.97
556.1 0.0 25.0 1.0 0.0 0.0 0.0
1430249802.0
556.2 0.0 25.0 1.0 0.0 0.0 0.0
1430249802.03
556.4 0.0 25.0 1.0 0.0 0.0 0.0
1430249802.06
556.5 0.0 25.0 1.0 0.0 0.0 0.0
1430249802.09
556.7 0.0 25.0 1.0 0.0 0.0 0.0
1430249802.12
556.8 0.0 25.0 1.0 0.0 0.0 0.0
1430249802.15
557.0 0.0 25.0 1.0 0.0 0.0 0.0
1430249802.18
557.1 0.0 25.0 1.0 0.0 0.0 0.0
1430249802.21
557.2 0.0 25.0 1.0 0.0 0.0 0.0
1430249802.24
557.4 0.0 25.0 1.0 0.0 0.0 0.0
1430249802.27
557.6 0.0 25.0 1.0 0.0 0.0 0.0
1430249802.3
557.7 0.0 25.0 1.0 0.0 0.0 0.0
1430249802.33
557.9 0.0 25.0 1.0 0.0 0.0 0.0
1430249802.36
558.0 0.0 25.0 1.0 0.0 0.0 0.0
1430249802.39
558.2 0.0 25.0 1.0 0.0 0.0 0.0
1430249802.42
558.3 0.0 25.0 1.0 0.0 0.0 0.0
1430249802.45
558.5 0.0 25.0 1.0 0.0 0.0 0.0
1430249802.48
558.6 0.0 25.0 1.0 0.0 0.0 0.0
1430249802.51
558.8 0.0 25.0 1.0 0.0 0.0 0.0
1430249802.54
558.9 0.0 25.0 1.0 0.0 0.0 0.0
1430249802.57
559.1 0.0 25.0 1.0 0.0 0.0 0.0
1430249802.6
559.2 0.0 25.0 1.0 0.0 0.0 0.0
1430249802.63
559.4 0.0 25.0 1.0 0.0 0.0 0.0
1430249802.66
559.5 0.0 25.0 1.0 0.0 0.0 0.0
1430249802.69
559.7 0.0 25.0 1.0 0.0 0.0 0.0
1430249802.72
559.8 0.0 25.0 1.0 0.0 0.0 0.0
1430249802.75
560.0 0.0 25.0 1.0 0.0 0.0 0.0
1430249802.78
560.1 0.0 25.0 1.0 0.0 0.0 0.0
1430249802.81
560.3 0.0 25.0 1.0 0.0 0.0 0.0
1430249802.84
560.4 0.0 25.0 1.0 0.0 0.0 0.0
1430249802.87
560.6 0.0 25.0 1.0 0.0 0.0 0.0
1430249802.9
560.7 0.0 25.0 1.0 0.0 0.0 0.0
1430249802.93
560.9 0.0 25.0 1.0 0.0 0.0 0.0
1430249802.96
561.0 0.0 25.0 1.0 0.0 0.0 0.0
1430249802.99
561.2 0.0 25.0 1.0 0.0 0.0 0.0
1430249803.02
561.3 0.0 25.0 1.0 0.0 0.0 0.0
1430249803.05
561.5 0.0 25.0 1.0 0.0 0.0 0.0
1430249803.08
561.6 0.0 25.0 1.0 0.0 0.0 0.0
1430249803.11
561.8 0.0 25.0 1.0 0.0 0.0 0.0
1430249803.14
561.9 0.0 25.0 1.0 0.0 0.0 0.0
1430249803.17
562.1 0.0 25.0 1.0 0.0 0.0 0.0
1430249803.2
562.2 0.0 25.0 1.0 0.0 0.0 0.0
1430249803.23
562.4 0.0 25.0 1.0 0.0 0.0 0.0
1430249803.26
562.5 0.0 25.0 1.0 0.0 0.0 0.0
1430249803.29
562.7 0.0 25.0 1.0 0.0 0.0 0.0
1430249803.33
562.8 0.0 25.0 1.0 0.0 0.0 0.0
1430249803.35
563.0 0.0 25.0 1.0 0.0 0.0 0.0
1430249803.38
563.1 0.0 25.0 1.0 0.0 0.0 0.0
1430249803.41
563.3 0.0 25.0 1.0 0.0 0.0 0.0
1430249803.44
563.4 0.0 25.0 1.0 0.0 0.0 0.0
1430249803.47
563.6 0.0 25.0 1.0 0.0 0.0 0.0
1430249803.51
563.7 0.0 25.0 1.0 0.0 0.0 0.0
1430249803.53
563.9 0.0 25.0 1.0 0.0 0.0 0.0
1430249803.56
564.0 0.0 25.0 1.0 0.0 0.0 0.0
1430249803.59
564.2 0.0 25.0 1.0 0.0 0.0 0.0
1430249803.62
564.3 0.0 25.0 1.0 0.0 0.0 0.0
1430249803.66
564.5 0.0 25.0 1.0 0.0 0.0 0.0
1430249803.68
564.6 0.0 25.0 1.0 0.0 0.0 0.0
1430249803.71
564.8 0.0 25.0 1.0 0.0 0.0 0.0
1430249803.75
564.9 0.0 25.0 1.0 0.0 0.0 0.0
1430249803.78
565.1 0.0 25.0 1.0 0.0 0.0 0.0
1430249803.81
565.2 0.0 25.0 1.0 0.0 0.0 0.0
1430249803.83
565.4 0.0 25.0 1.0 0.0 0.0 0.0
1430249803.87
565.5 0.0 25.0 1.0 0.0 0.0 0.0
1430249803.89
565.7 0.0 25.0 1.0 0.0 0.0 0.0
1430249803.92
565.8 0.0 25.0 1.0 0.0 0.0 0.0
1430249803.95
566.0 0.0 25.0 1.0 0.0 0.0 0.0
1430249803.98
566.1 0.0 25.0 1.0 0.0 0.0 0.0
1430249804.01
566.3 0.0 25.0 1.0 0.0 0.0 0.0
1430249804.05
566.4 0.0 25.0 1.0 0.0 0.0 0.0
1430249804.07
566.6 0.0 25.0 1.0 0.0 0.0 0.0
1430249804.11
566.8 0.0 25.0 1.0 0.0 0.0 0.0
1430249804.14
566.9 0.0 25.0 1.0 0.0 0.0 0.0
1430249804.17
567.1 0.0 25.0 1.0 0.0 0.0 0.0
1430249804.2
567.2 0.0 25.0 1.0 0.0 0.0 0.0
1430249804.23
567.4 0.0 25.0 1.0 0.0 0.0 0.0
1430249804.26
567.5 0.0 25.0 1.0 0.0 0.0 0.0
1430249804.29
567.7 0.0 25.0 1.0 0.0 0.0 0.0
1430249804.32
567.8 0.0 25.0 1.0 0.0 0.0 0.0
1430249804.35
568.0 0.0 25.0 1.0 0.0 0.0 0.0
1430249804.38
568.1 0.0 25.0 1.0 0.0 0.0 0.0
1430249804.41
568.3 0.0 25.0 1.0 0.0 0.0 0.0
1430249804.44
568.4 0.0 25.0 1.0 0.0 0.0 0.0
1430249804.47
568.6 0.0 25.0 1.0 0.0 0.0 0.0
1430249804.5
568.7 0.0 25.0 1.0 0.0 0.0 0.0
1430249804.53
568.9 0.0 25.0 1.0 0.0 0.0 0.0
1430249804.56
569.0 0.0 25.0 1.0 0.0 0.0 0.0
1430249804.59
569.2 0.0 25.0 1.0 0.0 0.0 0.0
1430249804.62
569.3 0.0 25.0 1.0 0.0 0.0 0.0
1430249804.65
569.5 0.0 25.0 1.0 0.0 0.0 0.0
1430249804.68
569.6 0.0 25.0 1.0 0.0 0.0 0.0
1430249804.71
569.8 0.0 25.0 1.0 0.0 0.0 0.0
1430249804.74
569.9 0.0 25.0 1.0 0.0 0.0 0.0
1430249804.77
570.1 0.0 25.0 1.0 0.0 0.0 0.0
1430249804.8
570.2 0.0 25.0 1.0 0.0 0.0 0.0
1430249804.83
570.4 0.0 25.0 1.0 0.0 0.0 0.0
1430249804.86
570.5 0.0 25.0 1.0 0.0 0.0 0.0
1430249804.89
570.7 0.0 25.0 1.0 0.0 0.0 0.0
1430249804.92
570.8 0.0 25.0 1.0 0.0 0.0 0.0
1430249804.95
571.0 0.0 25.0 1.0 0.0 0.0 0.0
1430249804.98
571.1 0.0 25.0 1.0 0.0 0.0 0.0
1430249805.01
571.3 0.0 25.0 1.0 0.0 0.0 0.0
1430249805.04
571.4 0.0 25.0 1.0 0.0 0.0 0.0
1430249805.07
571.6 0.0 25.0 1.0 0.0 0.0 0.0
1430249805.1
571.7 0.0 25.0 1.0 0.0 0.0 0.0
1430249805.13
571.9 0.0 25.0 1.0 0.0 0.0 0.0
1430249805.16
572.0 0.0 25.0 1.0 0.0 0.0 0.0
1430249805.19
572.2 0.0 25.0 1.0 0.0 0.0 0.0
1430249805.22
572.4 0.0 25.0 1.0 0.0 0.0 0.0
1430249805.25
572.5 0.0 25.0 1.0 0.0 0.0 0.0
1430249805.28
572.7 0.0 25.0 1.0 0.0 0.0 0.0
1430249805.31
572.8 0.0 25.0 1.0 0.0 0.0 0.0
1430249805.34
572.9 0.0 25.0 1.0 0.0 0.0 0.0
1430249805.37
573.1 0.0 25.0 1.0 0.0 0.0 0.0
1430249805.4
573.2 0.0 25.0 1.0 0.0 0.0 0.0
1430249805.44
573.4 0.0 25.0 1.0 0.0 0.0 0.0
1430249805.46
573.5 0.0 25.0 1.0 0.0 0.0 0.0
1430249805.5
573.7 0.0 25.0 1.0 0.0 0.0 0.0
1430249805.53
573.8 0.0 25.0 1.0 0.0 0.0 0.0
1430249805.56
574.0 0.0 25.0 1.0 0.0 0.0 0.0
1430249805.59
574.1 0.0 25.0 1.0 0.0 0.0 0.0
1430249805.62
574.3 0.0 25.0 1.0 0.0 0.0 0.0
1430249805.65
574.5 0.0 25.0 1.0 0.0 0.0 0.0
1430249805.68
574.6 0.0 25.0 1.0 0.0 0.0 0.0
1430249805.71
574.8 0.0 25.0 1.0 0.0 0.0 0.0
1430249805.74
574.9 0.0 25.0 1.0 0.0 0.0 0.0
1430249805.77
575.1 0.0 25.0 1.0 0.0 0.0 0.0
1430249805.8
575.2 0.0 25.0 1.0 0.0 0.0 0.0
1430249805.83
575.4 0.0 25.0 1.0 0.0 0.0 0.0
1430249805.86
575.5 0.0 25.0 1.0 0.0 0.0 0.0
1430249805.89
575.7 0.0 25.0 1.0 0.0 0.0 0.0
1430249805.92
575.8 0.0 25.0 1.0 0.0 0.0 0.0
1430249805.95
576.0 0.0 25.0 1.0 0.0 0.0 0.0
1430249805.98
576.1 0.0 25.0 1.0 0.0 0.0 0.0
1430249806.01
576.3 0.0 25.0 1.0 0.0 0.0 0.0
1430249806.04
576.4 0.0 25.0 1.0 0.0 0.0 0.0
1430249806.07
576.6 0.0 25.0 1.0 0.0 0.0 0.0
1430249806.1
576.7 0.0 25.0 1.0 0.0 0.0 0.0
1430249806.13
576.9 0.0 25.0 1.0 0.0 0.0 0.0
1430249806.16
577.0 0.0 25.0 1.0 0.0 0.0 0.0
1430249806.19
577.2 0.0 25.0 1.0 0.0 0.0 0.0
1430249806.22
577.3 0.0 25.0 1.0 0.0 0.0 0.0
1430249806.25
577.5 0.0 25.0 1.0 0.0 0.0 0.0
1430249806.29
577.6 0.0 25.0 1.0 0.0 0.0 0.0
1430249806.31
577.8 0.0 25.0 1.0 0.0 0.0 0.0
1430249806.35
577.9 0.0 25.0 1.0 0.0 0.0 0.0
1430249806.37
578.1 0.0 25.0 1.0 0.0 0.0 0.0
1430249806.41
578.2 0.0 25.0 1.0 0.0 0.0 0.0
1430249806.43
578.4 0.0 25.0 1.0 0.0 0.0 0.0
1430249806.47
578.5 0.0 25.0 1.0 0.0 0.0 0.0
1430249806.49
578.7 0.0 25.0 1.0 0.0 0.0 0.0
1430249806.53
578.8 0.0 25.0 1.0 0.0 0.0 0.0
1430249806.55
579.0 0.0 25.0 1.0 0.0 0.0 0.0
1430249806.59
579.1 0.0 25.0 1.0 0.0 0.0 0.0
1430249806.62
579.3 0.0 25.0 1.0 0.0 0.0 0.0
1430249806.65
579.4 0.0 25.0 1.0 0.0 0.0 0.0
1430249806.67
579.6 0.0 25.0 1.0 0.0 0.0 0.0
1430249806.71
579.7 0.0 25.0 1.0 0.0 0.0 0.0
1430249806.74
579.9 0.0 25.0 1.0 0.0 0.0 0.0
1430249806.77
580.1 0.0 25.0 1.0 0.0 0.0 0.0
1430249806.8
580.2 0.0 25.0 1.0 0.0 0.0 0.0
1430249806.83
580.4 0.0 25.0 1.0 0.0 0.0 0.0
1430249806.86
580.5 0.0 25.0 1.0 0.0 0.0 0.0
1430249806.89
580.7 0.0 25.0 1.0 0.0 0.0 0.0
1430249806.92
580.8 0.0 25.0 1.0 0.0 0.0 0.0
1430249806.95
581.0 0.0 25.0 1.0 0.0 0.0 0.0
1430249806.98
581.1 0.0 25.0 1.0 0.0 0.0 0.0
1430249807.01
581.3 0.0 25.0 1.0 0.0 0.0 0.0
1430249807.04
581.4 0.0 25.0 1.0 0.0 0.0 0.0
1430249807.07
581.6 0.0 25.0 1.0 0.0 0.0 0.0
1430249807.1
581.7 0.0 25.0 1.0 0.0 0.0 0.0
1430249807.13
581.9 0.0 25.0 1.0 0.0 0.0 0.0
1430249807.16
582.0 0.0 25.0 1.0 0.0 0.0 0.0
1430249807.19
582.2 0.0 25.0 1.0 0.0 0.0 0.0
1430249807.22
582.3 0.0 25.0 1.0 0.0 0.0 0.0
1430249807.25
582.5 0.0 25.0 1.0 0.0 0.0 0.0
1430249807.28
582.6 0.0 25.0 1.0 0.0 0.0 0.0
1430249807.32
582.8 0.0 25.0 1.0 0.0 0.0 0.0
1430249807.34
582.9 0.0 25.0 1.0 0.0 0.0 0.0
1430249807.37
583.1 0.0 25.0 1.0 0.0 0.0 0.0
1430249807.4
583.3 0.0 25.0 1.0 0.0 0.0 0.0
1430249807.43
583.4 0.0 25.0 1.0 0.0 0.0 0.0
1430249807.46
583.5 0.0 25.0 1.0 0.0 0.0 0.0
1430249807.49
583.7 0.0 25.0 1.0 0.0 0.0 0.0
1430249807.53
583.8 0.0 25.0 1.0 0.0 0.0 0.0
1430249807.56
584.0 0.0 25.0 1.0 0.0 0.0 0.0
1430249807.59
584.1 0.0 25.0 1.0 0.0 0.0 0.0
1430249807.62
584.3 0.0 25.0 1.0 0.0 0.0 0.0
1430249807.65
584.5 0.0 25.0 1.0 0.0 0.0 0.0
1430249807.68
584.6 0.0 25.0 1.0 0.0 0.0 0.0
1430249807.71
584.8 0.0 25.0 1.0 0.0 0.0 0.0
1430249807.74
584.9 0.0 25.0 1.0 0.0 0.0 0.0
1430249807.77
585.0 0.0 25.0 1.0 0.0 0.0 0.0
1430249807.8
585.2 0.0 25.0 1.0 0.0 0.0 0.0
1430249807.83
585.4 0.0 25.0 1.0 0.0 0.0 0.0
1430249807.86
585.5 0.0 25.0 1.0 0.0 0.0 0.0
1430249807.89
585.7 0.0 25.0 1.0 0.0 0.0 0.0
1430249807.92
585.8 0.0 25.0 1.0 0.0 0.0 0.0
1430249807.95
586.0 0.0 25.0 1.0 0.0 0.0 0.0
1430249807.98
586.1 0.0 25.0 1.0 0.0 0.0 0.0
1430249808.01
586.3 0.0 25.0 1.0 0.0 0.0 0.0
1430249808.05
586.4 0.0 25.0 1.0 0.0 0.0 0.0
1430249808.07
586.6 0.0 25.0 1.0 0.0 0.0 0.0
1430249808.11
586.7 0.0 25.0 1.0 0.0 0.0 0.0
1430249808.13
586.9 0.0 25.0 1.0 0.0 0.0 0.0
1430249808.16
587.0 0.0 25.0 1.0 0.0 0.0 0.0
1430249808.19
587.2 0.0 25.0 1.0 0.0 0.0 0.0
1430249808.23
587.3 0.0 25.0 1.0 0.0 0.0 0.0
1430249808.25
587.5 0.0 25.0 1.0 0.0 0.0 0.0
1430249808.29
587.6 0.0 25.0 1.0 0.0 0.0 0.0
1430249808.32
587.8 0.0 25.0 1.0 0.0 0.0 0.0
1430249808.35
588.0 0.0 25.0 1.0 0.0 0.0 0.0
1430249808.38
588.1 0.0 25.0 1.0 0.0 0.0 0.0
1430249808.41
588.3 0.0 25.0 1.0 0.0 0.0 0.0
1430249808.44
588.4 0.0 25.0 1.0 0.0 0.0 0.0
1430249808.47
588.6 0.0 25.0 1.0 0.0 0.0 0.0
1430249808.5
588.7 0.0 25.0 1.0 0.0 0.0 0.0
1430249808.53
588.9 0.0 25.0 1.0 0.0 0.0 0.0
1430249808.56
589.0 0.0 25.0 1.0 0.0 0.0 0.0
1430249808.59
589.2 0.0 25.0 1.0 0.0 0.0 0.0
1430249808.62
589.3 0.0 25.0 1.0 0.0 0.0 0.0
1430249808.65
589.5 0.0 25.0 1.0 0.0 0.0 0.0
1430249808.68
589.6 0.0 25.0 1.0 0.0 0.0 0.0
1430249808.72
589.8 0.0 25.0 1.0 0.0 0.0 0.0
1430249808.75
589.9 0.0 25.0 1.0 0.0 0.0 0.0
1430249808.78
590.1 0.0 25.0 1.0 0.0 0.0 0.0
1430249808.81
590.3 0.0 25.0 1.0 0.0 0.0 0.0
1430249808.84
590.4 0.0 25.0 1.0 0.0 0.0 0.0
1430249808.87
590.6 0.0 25.0 1.0 0.0 0.0 0.0
1430249808.9
590.7 0.0 25.0 1.0 0.0 0.0 0.0
1430249808.93
590.9 0.0 25.0 1.0 0.0 0.0 0.0
1430249808.96
591.0 0.0 25.0 1.0 0.0 0.0 0.0
1430249808.99
591.2 0.0 25.0 1.0 0.0 0.0 0.0
1430249809.02
591.3 0.0 25.0 1.0 0.0 0.0 0.0
1430249809.05
591.5 0.0 25.0 1.0 0.0 0.0 0.0
1430249809.08
591.6 0.0 25.0 1.0 0.0 0.0 0.0
1430249809.11
591.7 0.0 25.0 1.0 0.0 0.0 0.0
1430249809.14
591.9 0.0 25.0 1.0 0.0 0.0 0.0
1430249809.17
592.1 0.0 25.0 1.0 0.0 0.0 0.0
1430249809.2
592.2 0.0 25.0 1.0 0.0 0.0 0.0
1430249809.23
592.4 0.0 25.0 1.0 0.0 0.0 0.0
1430249809.26
592.5 0.0 25.0 1.0 0.0 0.0 0.0
1430249809.29
592.7 0.0 25.0 1.0 0.0 0.0 0.0
1430249809.32
592.8 0.0 25.0 1.0 0.0 0.0 0.0
1430249809.35
593.0 0.0 25.0 1.0 0.0 0.0 0.0
1430249809.38
593.1 0.0 25.0 1.0 0.0 0.0 0.0
1430249809.41
593.3 0.0 25.0 1.0 0.0 0.0 0.0
1430249809.44
593.4 0.0 25.0 1.0 0.0 0.0 0.0
1430249809.47
593.6 0.0 25.0 1.0 0.0 0.0 0.0
1430249809.5
593.7 0.0 25.0 1.0 0.0 0.0 0.0
1430249809.53
593.9 0.0 25.0 1.0 0.0 0.0 0.0
1430249809.56
594.0 0.0 25.0 1.0 0.0 0.0 0.0
1430249809.59
594.2 0.0 25.0 1.0 0.0 0.0 0.0
1430249809.62
594.3 0.0 25.0 1.0 0.0 0.0 0.0
1430249809.65
594.5 0.0 25.0 1.0 0.0 0.0 0.0
1430249809.68
594.6 0.0 25.0 1.0 0.0 0.0 0.0
1430249809.71
594.8 0.0 25.0 1.0 0.0 0.0 0.0
1430249809.74
594.9 0.0 25.0 1.0 0.0 0.0 0.0
1430249809.77
595.1 0.0 25.0 1.0 0.0 0.0 0.0
1430249809.8
595.2 0.0 25.0 1.0 0.0 0.0 0.0
1430249809.83
595.4 0.0 25.0 1.0 0.0 0.0 0.0
1430249809.86
595.5 0.0 25.0 1.0 0.0 0.0 0.0
1430249809.89
595.7 0.0 25.0 1.0 0.0 0.0 0.0
1430249809.92
595.8 0.0 25.0 1.0 0.0 0.0 0.0
1430249809.96
596.0 0.0 25.0 1.0 0.0 0.0 0.0
1430249809.99
596.1 0.0 25.0 1.0 0.0 0.0 0.0
1430249810.01
596.3 0.0 25.0 1.0 0.0 0.0 0.0
1430249810.05
596.5 0.0 25.0 1.0 0.0 0.0 0.0
1430249810.08
596.6 0.0 25.0 1.0 0.0 0.0 0.0
1430249810.11
596.8 0.0 25.0 1.0 0.0 0.0 0.0
1430249810.13
596.9 0.0 25.0 1.0 0.0 0.0 0.0
1430249810.17
597.0 0.0 25.0 1.0 0.0 0.0 0.0
1430249810.2
597.2 0.0 25.0 1.0 0.0 0.0 0.0
1430249810.23
597.4 0.0 25.0 1.0 0.0 0.0 0.0
1430249810.26
597.5 0.0 25.0 1.0 0.0 0.0 0.0
1430249810.29
597.7 0.0 25.0 1.0 0.0 0.0 0.0
1430249810.32
597.8 0.0 25.0 1.0 0.0 0.0 0.0
1430249810.35
598.0 0.0 25.0 1.0 0.0 0.0 0.0
1430249810.38
598.1 0.0 25.0 1.0 0.0 0.0 0.0
1430249810.41
598.3 0.0 25.0 1.0 0.0 0.0 0.0
1430249810.44
598.4 0.0 25.0 1.0 0.0 0.0 0.0
1430249810.47
598.6 0.0 25.0 1.0 0.0 0.0 0.0
1430249810.5
598.7 0.0 25.0 1.0 0.0 0.0 0.0
1430249810.53
598.9 0.0 25.0 1.0 0.0 0.0 0.0
1430249810.56
599.0 0.0 25.0 1.0 0.0 0.0 0.0
1430249810.59
599.2 0.0 25.0 1.0 0.0 0.0 0.0
1430249810.62
599.3 0.0 25.0 1.0 0.0 0.0 0.0
1430249810.65
599.5 0.0 25.0 1.0 0.0 0.0 0.0
1430249810.68
599.6 0.0 25.0 1.0 0.0 0.0 0.0
1430249810.71
599.8 0.0 25.0 1.0 0.0 0.0 0.0
1430249810.74
599.9 0.0 25.0 1.0 0.0 0.0 0.0
1430249810.77
600.0 0.0 25.0 1.0 0.0 0.0 0.0
1430249810.8
600.0 0.0 25.0 1.0 0.0 0.0 0.0
1430249810.84
600.0 0.0 25.0 1.0 0.0 0.0 0.0
1430249810.86
600.0 0.0 25.0 1.0 0.0 0.0 0.0
1430249810.9
600.0 0.0 25.0 1.0 0.0 0.0 0.0
1430249810.92
600.0 0.0 25.0 1.0 0.0 0.0 0.0
1430249810.96
600.0 0.0 25.0 1.0 0.0 0.0 0.0
1430249810.98
600.0 0.0 25.0 1.0 0.0 0.0 0.0
1430249811.02
600.0 0.0 25.0 1.0 0.0 0.0 0.0
1430249811.04
600.0 0.0 25.0 1.0 0.0 0.0 0.0
1430249811.08
600.0 0.0 25.0 1.0 0.0 0.0 0.0
1430249811.1
600.0 0.0 25.0 1.0 0.0 0.0 0.0
1430249811.14
600.0 0.0 25.0 1.0 0.0 0.0 0.0
1430249811.16
600.0 0.0 25.0 1.0 0.0 0.0 0.0
1430249811.2
600.0 0.0 25.0 1.0 0.0 0.0 0.0
1430249811.22
600.0 0.0 25.0 1.0 0.0 0.0 0.0
1430249811.26
600.0 0.0 25.0 1.0 0.0 0.0 0.0
1430249811.28
600.0 0.0 25.0 1.0 0.0 0.0 0.0
1430249811.32
600.0 0.0 25.0 1.0 0.0 0.0 0.0
1430249811.34
600.0 0.0 25.0 1.0 0.0 0.0 0.0
1430249811.37
600.0 0.0 25.0 1.0 0.0 0.0 0.0
1430249811.4
600.0 0.0 25.0 1.0 0.0 0.0 0.0
1430249811.43
600.0 0.0 25.0 1.0 0.0 0.0 0.0
1430249811.46
600.0 0.0 25.0 1.0 0.0 0.0 0.0
1430249811.49
600.0 0.0 25.0 1.0 0.0 0.0 0.0
1430249811.52
600.0 0.0 25.0 1.0 0.0 0.0 0.0
1430249811.55
600.0 0.0 25.0 1.0 0.0 0.0 0.0
1430249811.58
600.0 0.0 25.0 1.0 0.0 0.0 0.0
1430249811.61
600.0 0.0 25.0 1.0 0.0 0.0 0.0
1430249811.64
600.0 0.0 25.0 1.0 0.0 0.0 0.0
1430249811.67
600.0 0.0 25.0 1.0 0.0 0.0 0.0
1430249811.7
600.0 0.0 25.0 1.0 0.0 0.0 0.0
1430249811.73
600.0 0.0 25.0 1.0 0.0 0.0 0.0
1430249811.76
600.0 0.0 25.0 1.0 0.0 0.0 0.0
1430249811.79
600.0 0.0 25.0 1.0 0.0 0.0 0.0
1430249811.82
600.0 0.0 25.0 1.0 0.0 0.0 0.0
1430249811.85
600.0 0.0 25.0 1.0 0.0 0.0 0.0
1430249811.88
600.0 0.0 25.0 1.0 0.0 0.0 0.0
1430249811.91
600.0 0.0 25.0 1.0 0.0 0.0 0.0
1430249811.94
600.0 0.0 25.0 1.0 0.0 0.0 0.0
1430249811.97
600.0 0.0 25.0 1.0 0.0 0.0 0.0
1430249812.0
600.0 0.0 25.0 1.0 0.0 0.0 0.0
1430249812.03
600.0 0.0 25.0 1.0 0.0 0.0 0.0
1430249812.06
600.0 0.0 25.0 1.0 0.0 0.0 0.0
1430249812.09
600.0 0.0 25.0 1.0 0.0 0.0 0.0
1430249812.12
600.0 0.0 25.0 1.0 0.0 0.0 0.0
1430249812.15
600.0 0.0 25.0 1.0 0.0 0.0 0.0
1430249812.18
600.0 0.0 25.0 1.0 0.0 0.0 0.0
1430249812.21
600.0 0.0 25.0 1.0 0.0 0.0 0.0
1430249812.24
600.0 0.0 25.0 1.0 0.0 0.0 0.0
1430249812.27
600.0 0.0 25.0 1.0 0.0 0.0 0.0
1430249812.3
600.0 0.0 25.0 1.0 0.0 0.0 0.0
1430249812.33
600.0 0.0 25.0 1.0 0.0 0.0 0.0
1430249812.36
600.0 0.0 25.0 1.0 0.0 0.0 0.0
1430249812.39
600.0 0.0 25.0 1.0 0.0 0.0 0.0
1430249812.42
600.0 0.0 25.0 1.0 0.0 0.0 0.0
1430249812.45
600.0 0.0 25.0 1.0 0.0 0.0 0.0
1430249812.48
600.0 0.0 25.0 1.0 0.0 0.0 0.0
1430249812.51
600.0 0.0 25.0 1.0 0.0 0.0 0.0
1430249812.54
600.0 0.0 25.0 1.0 0.0 0.0 0.0
1430249812.57
600.0 0.0 25.0 1.0 0.0 0.0 0.0
1430249812.6
600.0 0.0 25.0 1.0 0.0 0.0 0.0
1430249812.63
600.0 0.0 25.0 1.0 0.0 0.0 0.0
1430249812.66
600.0 0.0 25.0 1.0 0.0 0.0 0.0
1430249812.69
600.0 0.0 25.0 1.0 0.0 0.0 0.0
1430249812.72
600.0 0.0 25.0 1.0 0.0 0.0 0.0
1430249812.75
600.0 0.0 25.0 1.0 0.0 0.0 0.0
1430249812.78
600.0 0.0 25.0 1.0 0.0 0.0 0.0
1430249812.81
600.0 0.0 25.0 1.0 0.0 0.0 0.0
1430249812.84
600.0 0.0 25.0 1.0 0.0 0.0 0.0
1430249812.87
600.0 0.0 25.0 1.0 0.0 0.0 0.0
1430249812.9
600.0 0.0 25.0 1.0 0.0 0.0 0.0
1430249812.93
600.0 0.0 25.0 1.0 0.0 0.0 0.0
1430249812.96
600.0 0.0 25.0 1.0 0.0 0.0 0.0
1430249812.99
600.0 0.0 25.0 1.0 0.0 0.0 0.0
1430249813.02
600.0 0.0 25.0 1.0 0.0 0.0 0.0
1430249813.05
600.0 0.0 25.0 1.0 0.0 0.0 0.0
1430249813.08
600.0 0.0 25.0 1.0 0.0 0.0 0.0
1430249813.11
600.0 0.0 25.0 1.0 0.0 0.0 0.0
1430249813.14
600.0 0.0 25.0 1.0 0.0 0.0 0.0
1430249813.17
600.0 0.0 25.0 1.0 0.0 0.0 0.0
1430249813.2
600.0 0.0 25.0 1.0 0.0 0.0 0.0
1430249813.23
600.0 0.0 25.0 1.0 0.0 0.0 0.0
1430249813.26
600.0 0.0 25.0 1.0 0.0 0.0 0.0
1430249813.29
600.0 0.0 25.0 1.0 0.0 0.0 0.0
1430249813.32
600.0 0.0 25.0 1.0 0.0 0.0 0.0
1430249813.35
600.0 0.0 25.0 1.0 0.0 0.0 0.0
1430249813.38
600.0 0.0 25.0 1.0 0.0 0.0 0.0
1430249813.41
600.0 0.0 25.0 1.0 0.0 0.0 0.0
1430249813.44
600.0 0.0 25.0 1.0 0.0 0.0 0.0
1430249813.47
600.0 0.0 25.0 1.0 0.0 0.0 0.0
1430249813.5
600.0 0.0 25.0 1.0 0.0 0.0 0.0
1430249813.53
600.0 0.0 25.0 1.0 0.0 0.0 0.0
1430249813.56
600.0 0.0 25.0 1.0 0.0 0.0 0.0
1430249813.59
600.0 0.0 25.0 1.0 0.0 0.0 0.0
1430249813.62
600.0 0.0 25.0 1.0 0.0 0.0 0.0
1430249813.65
600.0 0.0 25.0 1.0 0.0 0.0 0.0
1430249813.68
600.0 0.0 25.0 1.0 0.0 0.0 0.0
1430249813.71
600.0 0.0 25.0 1.0 0.0 0.0 0.0
1430249813.74
600.0 0.0 25.0 1.0 0.0 0.0 0.0
1430249813.77
600.0 0.0 25.0 1.0 0.0 0.0 0.0
1430249813.8
600.0 0.0 25.0 1.0 0.0 0.0 0.0
1430249813.83
600.0 0.0 25.0 1.0 0.0 0.0 0.0
1430249813.86
600.0 0.0 25.0 1.0 0.0 0.0 0.0
1430249813.89
600.0 0.0 25.0 1.0 0.0 0.0 0.0
1430249813.92
600.0 0.0 25.0 1.0 0.0 0.0 0.0
1430249813.95
600.0 0.0 25.0 1.0 0.0 0.0 0.0
1430249813.98
600.0 0.0 25.0 1.0 0.0 0.0 0.0
1430249814.01
600.0 0.0 25.0 1.0 0.0 0.0 0.0
1430249814.04
600.0 0.0 25.0 1.0 0.0 0.0 0.0
1430249814.07
600.0 0.0 25.0 1.0 0.0 0.0 0.0
1430249814.1
600.0 0.0 25.0 1.0 0.0 0.0 0.0
1430249814.13
600.0 0.0 25.0 1.0 0.0 0.0 0.0
1430249814.16
600.0 0.0 25.0 1.0 0.0 0.0 0.0
1430249814.19
600.0 0.0 25.0 1.0 0.0 0.0 0.0
1430249814.22
600.0 0.0 25.0 1.0 0.0 0.0 0.0
1430249814.25
600.0 0.0 25.0 1.0 0.0 0.0 0.0
1430249814.28
600.0 0.0 25.0 1.0 0.0 0.0 0.0
1430249814.31
600.0 0.0 25.0 1.0 0.0 0.0 0.0
1430249814.34
600.0 0.0 25.0 1.0 0.0 0.0 0.0
1430249814.37
600.0 0.0 25.0 1.0 0.0 0.0 0.0
1430249814.4
600.0 0.0 25.0 1.0 0.0 0.0 0.0
1430249814.43
600.0 0.0 25.0 1.0 0.0 0.0 0.0
1430249814.46
600.0 0.0 25.0 1.0 0.0 0.0 0.0
1430249814.49
600.0 0.0 25.0 1.0 0.0 0.0 0.0
1430249814.52
600.0 0.0 25.0 1.0 0.0 0.0 0.0
1430249814.55
600.0 0.0 25.0 1.0 0.0 0.0 0.0
1430249814.58
600.0 0.0 25.0 1.0 0.0 0.0 0.0
1430249814.61
600.0 0.0 25.0 1.0 0.0 0.0 0.0
1430249814.64
600.0 0.0 25.0 1.0 0.0 0.0 0.0
1430249814.67
600.0 0.0 25.0 1.0 0.0 0.0 0.0
1430249814.7
600.0 0.0 25.0 1.0 0.0 0.0 0.0
1430249814.73
600.0 0.0 25.0 1.0 0.0 0.0 0.0
1430249814.76
600.0 0.0 25.0 1.0 0.0 0.0 0.0
1430249814.79
600.0 0.0 25.0 1.0 0.0 0.0 0.0
1430249814.82
600.0 0.0 25.0 1.0 0.0 0.0 0.0
1430249814.85
600.0 0.0 25.0 1.0 0.0 0.0 0.0
1430249814.88
600.0 0.0 25.0 1.0 0.0 0.0 0.0
1430249814.91
600.0 0.0 25.0 1.0 0.0 0.0 0.0
1430249814.94
600.0 0.0 25.0 1.0 0.0 0.0 0.0
1430249814.97
600.0 0.0 25.0 1.0 0.0 0.0 0.0
1430249815.0
600.0 0.0 25.0 1.0 0.0 0.0 0.0
1430249815.03
600.0 0.0 25.0 1.0 0.0 0.0 0.0
1430249815.06
600.0 0.0 25.0 1.0 0.0 0.0 0.0
1430249815.09
600.0 0.0 25.0 1.0 0.0 0.0 0.0
1430249815.12
600.0 0.0 25.0 1.0 0.0 0.0 0.0
1430249815.15
600.0 0.0 25.0 1.0 0.0 0.0 0.0
1430249815.18
600.0 0.0 25.0 1.0 0.0 0.0 0.0
1430249815.21
600.0 0.0 25.0 1.0 0.0 0.0 0.0
1430249815.24
600.0 0.0 25.0 1.0 0.0 0.0 0.0
1430249815.27
600.0 0.0 25.0 1.0 0.0 0.0 0.0
1430249815.3
600.0 0.0 25.0 1.0 0.0 0.0 0.0
1430249815.33
600.0 0.0 25.0 1.0 0.0 0.0 0.0
1430249815.36
600.0 0.0 25.0 1.0 0.0 0.0 0.0
1430249815.39
600.0 0.0 25.0 1.0 0.0 0.0 0.0
1430249815.42
600.0 0.0 25.0 1.0 0.0 0.0 0.0
1430249815.45
600.0 0.0 25.0 1.0 0.0 0.0 0.0
1430249815.48
600.0 0.0 25.0 1.0 0.0 0.0 0.0
1430249815.51
600.0 0.0 25.0 1.0 0.0 0.0 0.0
1430249815.54
600.0 0.0 25.0 1.0 0.0 0.0 0.0
1430249815.57
600.0 0.0 25.0 1.0 0.0 0.0 0.0
1430249815.6
600.0 0.0 25.0 1.0 0.0 0.0 0.0
1430249815.63
600.0 0.0 25.0 1.0 0.0 0.0 0.0
1430249815.66
600.0 0.0 25.0 1.0 0.0 0.0 0.0
1430249815.69
600.0 0.0 25.0 1.0 0.0 0.0 0.0
1430249815.72
600.0 0.0 25.0 1.0 0.0 0.0 0.0
1430249815.75
600.0 0.0 25.0 1.0 0.0 0.0 0.0
1430249815.78
600.0 0.0 25.0 1.0 0.0 0.0 0.0
1430249815.81
600.0 0.0 25.0 1.0 0.0 0.0 0.0
1430249815.84
600.0 0.0 25.0 1.0 0.0 0.0 0.0
1430249815.87
600.0 0.0 25.0 1.0 0.0 0.0 0.0
1430249815.9
600.0 0.0 25.0 1.0 0.0 0.0 0.0
1430249815.93
600.0 0.0 25.0 1.0 0.0 0.0 0.0
1430249815.96
600.0 0.0 25.0 1.0 0.0 0.0 0.0
1430249815.99
600.0 0.0 25.0 1.0 0.0 0.0 0.0
1430249816.02
600.0 0.0 25.0 1.0 0.0 0.0 0.0
1430249816.05
600.0 0.0 25.0 1.0 0.0 0.0 0.0
1430249816.08
600.0 0.0 25.0 1.0 0.0 0.0 0.0
1430249816.11
600.0 0.0 25.0 1.0 0.0 0.0 0.0
1430249816.14
600.0 0.0 25.0 1.0 0.0 0.0 0.0
1430249816.17
600.0 0.0 25.0 1.0 0.0 0.0 0.0
1430249816.2
600.0 0.0 25.0 1.0 0.0 0.0 0.0
1430249816.23
600.0 0.0 25.0 1.0 0.0 0.0 0.0
1430249816.26
600.0 0.0 25.0 1.0 0.0 0.0 0.0
1430249816.29
600.0 0.0 25.0 1.0 0.0 0.0 0.0
1430249816.32
600.0 0.0 25.0 1.0 0.0 0.0 0.0
1430249816.35
600.0 0.0 25.0 1.0 0.0 0.0 0.0
1430249816.38
600.0 0.0 25.0 1.0 0.0 0.0 0.0
1430249816.41
600.0 0.0 25.0 1.0 0.0 0.0 0.0
1430249816.44
600.0 0.0 25.0 1.0 0.0 0.0 0.0
1430249816.47
600.0 0.0 25.0 1.0 0.0 0.0 0.0
1430249816.5
600.0 0.0 25.0 1.0 0.0 0.0 0.0
1430249816.53
600.0 0.0 25.0 1.0 0.0 0.0 0.0
1430249816.56
600.0 0.0 25.0 1.0 0.0 0.0 0.0
1430249816.59
600.0 0.0 25.0 1.0 0.0 0.0 0.0
1430249816.62
600.0 0.0 25.0 1.0 0.0 0.0 0.0
1430249816.65
600.0 0.0 25.0 1.0 0.0 0.0 0.0
1430249816.68
600.0 0.0 25.0 1.0 0.0 0.0 0.0
1430249816.71
600.0 0.0 25.0 1.0 0.0 0.0 0.0
1430249816.74
600.0 0.0 25.0 1.0 0.0 0.0 0.0
1430249816.77
600.0 0.0 25.0 1.0 0.0 0.0 0.0
1430249816.8
600.0 0.0 25.0 1.0 0.0 0.0 0.0
1430249816.83
600.0 0.0 25.0 1.0 0.0 0.0 0.0
1430249816.86
600.0 0.0 25.0 1.0 0.0 0.0 0.0
1430249816.89
600.0 0.0 25.0 1.0 0.0 0.0 0.0
1430249816.92
600.0 0.0 25.0 1.0 0.0 0.0 0.0
1430249816.95
600.0 0.0 25.0 1.0 0.0 0.0 0.0
1430249816.98
600.0 0.0 25.0 1.0 0.0 0.0 0.0
1430249817.01
600.0 0.0 25.0 1.0 0.0 0.0 0.0
1430249817.04
600.0 0.0 25.0 1.0 0.0 0.0 0.0
1430249817.07
600.0 0.0 25.0 1.0 0.0 0.0 0.0
1430249817.1
600.0 0.0 25.0 1.0 0.0 0.0 0.0
1430249817.13
600.0 0.0 25.0 1.0 0.0 0.0 0.0
1430249817.16
600.0 0.0 25.0 1.0 0.0 0.0 0.0
1430249817.19
600.0 0.0 25.0 1.0 0.0 0.0 0.0
1430249817.22
600.0 0.0 25.0 1.0 0.0 0.0 0.0
1430249817.25
600.0 0.0 25.0 1.0 0.0 0.0 0.0
1430249817.28
600.0 0.0 25.0 1.0 0.0 0.0 0.0
1430249817.31
600.0 0.0 25.0 1.0 0.0 0.0 0.0
1430249817.34
600.0 0.0 25.0 1.0 0.0 0.0 0.0
1430249817.37
600.0 0.0 25.0 1.0 0.0 0.0 0.0
1430249817.4
600.0 0.0 25.0 1.0 0.0 0.0 0.0
1430249817.43
600.0 0.0 25.0 1.0 0.0 0.0 0.0
1430249817.46
600.0 0.0 25.0 1.0 0.0 0.0 0.0
1430249817.49
600.0 0.0 25.0 1.0 0.0 0.0 0.0
1430249817.52
600.0 0.0 25.0 1.0 0.0 0.0 0.0
1430249817.55
600.0 0.0 25.0 1.0 0.0 0.0 0.0
1430249817.58
600.0 0.0 25.0 1.0 0.0 0.0 0.0
1430249817.61
600.0 0.0 25.0 1.0 0.0 0.0 0.0
1430249817.64
600.0 0.0 25.0 1.0 0.0 0.0 0.0
1430249817.67
600.0 0.0 25.0 1.0 0.0 0.0 0.0
1430249817.7
600.0 0.0 25.0 1.0 0.0 0.0 0.0
1430249817.73
600.0 0.0 25.0 1.0 0.0 0.0 0.0
1430249817.76
600.0 0.0 25.0 1.0 0.0 0.0 0.0
1430249817.79
600.0 0.0 25.0 1.0 0.0 0.0 0.0
1430249817.82
600.0 0.0 25.0 1.0 0.0 0.0 0.0
1430249817.85
600.0 0.0 25.0 1.0 0.0 0.0 0.0
1430249817.88
600.0 0.0 25.0 1.0 0.0 0.0 0.0
1430249817.91
600.0 0.0 25.0 1.0 0.0 0.0 0.0
1430249817.94
600.0 0.0 25.0 1.0 0.0 0.0 0.0
1430249817.97
600.0 0.0 25.0 1.0 0.0 0.0 0.0
1430249818.0
600.0 0.0 25.0 1.0 0.0 0.0 0.0
1430249818.03
600.0 0.0 25.0 1.0 0.0 0.0 0.0
1430249818.06
600.0 0.0 25.0 1.0 0.0 0.0 0.0
1430249818.09
600.0 0.0 25.0 1.0 0.0 0.0 0.0
1430249818.12
600.0 0.0 25.0 1.0 0.0 0.0 0.0
1430249818.15
600.0 0.0 25.0 1.0 0.0 0.0 0.0
1430249818.18
600.0 0.0 25.0 1.0 0.0 0.0 0.0
1430249818.21
600.0 0.0 25.0 1.0 0.0 0.0 0.0
1430249818.24
600.0 0.0 25.0 1.0 0.0 0.0 0.0
1430249818.27
600.0 0.0 25.0 1.0 0.0 0.0 0.0
1430249818.3
600.0 0.0 25.0 1.0 0.0 0.0 0.0
1430249818.33
600.0 0.0 25.0 1.0 0.0 0.0 0.0
1430249818.36
600.0 0.0 25.0 1.0 0.0 0.0 0.0
1430249818.39
600.0 0.0 25.0 1.0 0.0 0.0 0.0
1430249818.42
600.0 0.0 25.0 1.0 0.0 0.0 0.0
1430249818.45
600.0 0.0 25.0 1.0 0.0 0.0 0.0
1430249818.48
600.0 0.0 25.0 1.0 0.0 0.0 0.0
1430249818.51
600.0 0.0 25.0 1.0 0.0 0.0 0.0
1430249818.54
600.0 0.0 25.0 1.0 0.0 0.0 0.0
1430249818.57
600.0 0.0 25.0 1.0 0.0 0.0 0.0
1430249818.6
600.0 0.0 25.0 1.0 0.0 0.0 0.0
1430249818.63
600.0 0.0 25.0 1.0 0.0 0.0 0.0
1430249818.66
600.0 0.0 25.0 1.0 0.0 0.0 0.0
1430249818.69
600.0 0.0 25.0 1.0 0.0 0.0 0.0
1430249818.72
600.0 0.0 25.0 1.0 0.0 0.0 0.0
1430249818.75
600.0 0.0 25.0 1.0 0.0 0.0 0.0
1430249818.78
600.0 0.0 25.0 1.0 0.0 0.0 0.0
1430249818.81
600.0 0.0 25.0 1.0 0.0 0.0 0.0
1430249818.84
600.0 0.0 25.0 1.0 0.0 0.0 0.0
1430249818.87
600.0 0.0 25.0 1.0 0.0 0.0 0.0
1430249818.9
600.0 0.0 25.0 1.0 0.0 0.0 0.0
1430249818.93
600.0 0.0 25.0 1.0 0.0 0.0 0.0
1430249818.96
600.0 0.0 25.0 1.0 0.0 0.0 0.0
1430249818.99
600.0 0.0 25.0 1.0 0.0 0.0 0.0
1430249819.02
600.0 0.0 25.0 1.0 0.0 0.0 0.0
1430249819.05
600.0 0.0 25.0 1.0 0.0 0.0 0.0
1430249819.08
600.0 0.0 25.0 1.0 0.0 0.0 0.0
1430249819.11
600.0 0.0 25.0 1.0 0.0 0.0 0.0
1430249819.14
600.0 0.0 25.0 1.0 0.0 0.0 0.0
1430249819.17
600.0 0.0 25.0 1.0 0.0 0.0 0.0
1430249819.2
600.0 0.0 25.0 1.0 0.0 0.0 0.0
1430249819.23
600.0 0.0 25.0 1.0 0.0 0.0 0.0
1430249819.26
600.0 0.0 25.0 1.0 0.0 0.0 0.0
1430249819.29
600.0 0.0 25.0 1.0 0.0 0.0 0.0
1430249819.32
600.0 0.0 25.0 1.0 0.0 0.0 0.0
1430249819.35
600.0 0.0 25.0 1.0 0.0 0.0 0.0
1430249819.38
600.0 0.0 25.0 1.0 0.0 0.0 0.0
1430249819.41
600.0 0.0 25.0 1.0 0.0 0.0 0.0
1430249819.44
600.0 0.0 25.0 1.0 0.0 0.0 0.0
1430249819.47
600.0 0.0 25.0 1.0 0.0 0.0 0.0
1430249819.5
600.0 0.0 25.0 1.0 0.0 0.0 0.0
1430249819.53
600.0 0.0 25.0 1.0 0.0 0.0 0.0
1430249819.56
600.0 0.0 25.0 1.0 0.0 0.0 0.0
1430249819.59
600.0 0.0 25.0 1.0 0.0 0.0 0.0
1430249819.62
600.0 0.0 25.0 1.0 0.0 0.0 0.0
1430249819.65
600.0 0.0 25.0 1.0 0.0 0.0 0.0
1430249819.68
600.0 0.0 25.0 1.0 0.0 0.0 0.0
1430249819.71
600.0 0.0 25.0 1.0 0.0 0.0 0.0
1430249819.74
600.0 0.0 25.0 1.0 0.0 0.0 0.0
1430249819.77
600.0 0.0 25.0 1.0 0.0 0.0 0.0
1430249819.8
600.0 0.0 25.0 1.0 0.0 0.0 0.0
