1430528335.55
500.1 0.0 20.0 1.0 0.0 0.0 0.0
1430528335.58
500.1 0.0 20.0 1.0 0.0 0.0 0.0
1430528335.61
500.1 0.0 20.0 1.0 0.0 0.0 0.0
1430528335.64
500.1 0.0 20.0 1.0 0.0 0.0 0.0
1430528335.67
500.1 0.0 20.0 1.0 0.0 0.0 0.0
1430528335.7
500.1 0.0 20.0 1.0 0.0 0.0 0.0
1430528335.73
500.1 0.0 20.0 1.0 0.0 0.0 0.0
1430528335.76
500.1 0.0 20.0 1.0 0.0 0.0 0.0
1430528335.79
500.1 0.0 20.0 1.0 0.0 0.0 0.0
1430528335.82
500.1 0.0 20.0 1.0 0.0 0.0 0.0
1430528335.85
500.1 0.0 20.0 1.0 0.0 0.0 0.0
1430528335.88
500.1 0.0 20.0 1.0 0.0 0.0 0.0
1430528335.91
500.1 0.0 20.0 1.0 0.0 0.0 0.0
1430528335.94
500.1 0.0 20.0 1.0 0.0 0.0 0.0
1430528335.97
500.1 0.0 20.0 1.0 0.0 0.0 0.0
1430528336.0
500.1 0.0 20.0 1.0 0.0 0.0 0.0
1430528336.03
500.1 0.0 20.0 1.0 0.0 0.0 0.0
1430528336.06
500.1 0.0 20.0 1.0 0.0 0.0 0.0
1430528336.09
500.1 0.0 20.0 1.0 0.0 0.0 0.0
1430528336.12
500.1 0.0 20.0 1.0 0.0 0.0 0.0
1430528336.15
500.1 0.0 20.0 1.0 0.0 0.0 0.0
1430528336.18
500.1 0.0 20.0 1.0 0.0 0.0 0.0
1430528336.21
500.1 0.0 20.0 1.0 0.0 0.0 0.0
1430528336.24
500.1 0.0 20.0 1.0 0.0 0.0 0.0
1430528336.27
500.1 0.0 20.0 1.0 0.0 0.0 0.0
1430528336.3
500.1 0.0 20.0 1.0 0.0 0.0 0.0
1430528336.33
500.1 0.0 20.0 1.0 0.0 0.0 0.0
1430528336.36
500.1 0.0 20.0 1.0 0.0 0.0 0.0
1430528336.39
500.1 0.0 20.0 1.0 0.0 0.0 0.0
1430528336.42
500.1 0.0 20.0 1.0 0.0 0.0 0.0
1430528336.45
500.1 0.0 20.0 1.0 0.0 0.0 0.0
1430528336.48
500.1 0.0 20.0 1.0 0.0 0.0 0.0
1430528336.51
500.1 0.0 20.0 1.0 0.0 0.0 0.0
1430528336.54
500.1 0.0 20.0 1.0 0.0 0.0 0.0
1430528336.57
500.1 0.0 20.0 1.0 0.0 0.0 0.0
1430528336.6
500.1 0.0 20.0 1.0 0.0 0.0 0.0
1430528336.63
500.1 0.0 20.0 1.0 0.0 0.0 0.0
1430528336.66
500.1 0.0 20.0 1.0 0.0 0.0 0.0
1430528336.69
500.1 0.0 20.0 1.0 0.0 0.0 0.0
1430528336.72
500.1 0.0 20.0 1.0 0.0 0.0 0.0
1430528336.75
500.1 0.0 20.0 1.0 0.0 0.0 0.0
1430528336.78
500.1 0.0 20.0 1.0 0.0 0.0 0.0
1430528336.81
500.1 0.0 20.0 1.0 0.0 0.0 0.0
1430528336.84
500.1 0.0 20.0 1.0 0.0 0.0 0.0
1430528336.87
500.1 0.0 20.0 1.0 0.0 0.0 0.0
1430528336.9
500.1 0.0 20.0 1.0 0.0 0.0 0.0
1430528336.93
500.1 0.0 20.0 1.0 0.0 0.0 0.0
1430528336.96
500.1 0.0 20.0 1.0 0.0 0.0 0.0
1430528336.99
500.1 0.0 20.0 1.0 0.0 0.0 0.0
1430528337.02
500.1 0.0 20.0 1.0 0.0 0.0 0.0
1430528337.05
500.1 0.0 20.0 1.0 0.0 0.0 0.0
1430528337.08
500.1 0.0 20.0 1.0 0.0 0.0 0.0
1430528337.11
500.1 0.0 20.0 1.0 0.0 0.0 0.0
1430528337.14
500.1 0.0 20.0 1.0 0.0 0.0 0.0
1430528337.17
500.1 0.0 20.0 1.0 0.0 0.0 0.0
1430528337.2
500.1 0.0 20.0 1.0 0.0 0.0 0.0
1430528337.23
500.1 0.0 20.0 1.0 0.0 0.0 0.0
1430528337.26
500.1 0.0 20.0 1.0 0.0 0.0 0.0
1430528337.29
500.1 0.0 20.0 1.0 0.0 0.0 0.0
1430528337.32
500.1 0.0 20.0 1.0 0.0 0.0 0.0
1430528337.35
500.1 0.0 20.0 1.0 0.0 0.0 0.0
1430528337.38
500.1 0.0 20.0 1.0 0.0 0.0 0.0
1430528337.41
500.1 0.0 20.0 1.0 0.0 0.0 0.0
1430528337.44
500.1 0.0 20.0 1.0 0.0 0.0 0.0
1430528337.47
500.1 0.0 20.0 1.0 0.0 0.0 0.0
1430528337.5
500.1 0.0 20.0 1.0 0.0 0.0 0.0
1430528337.53
500.1 0.0 20.0 1.0 0.0 0.0 0.0
1430528337.94
500.0 0.0 20.0 1.0 0.0 0.0 0.0
1430528337.97
500.1 0.0 20.0 1.0 0.0 0.0 0.0
1430528338.0
500.0 0.0 20.0 1.0 0.0 0.0 0.0
1430528338.03
500.0 0.0 20.0 1.0 0.0 0.0 0.0
1430528338.06
500.1 0.0 20.0 1.0 0.0 0.0 0.0
1430528338.09
500.2 0.0 20.0 1.0 0.0 0.0 0.0
1430528338.12
500.3 0.0 20.0 1.0 0.0 0.0 0.0
1430528338.15
500.4 0.0 20.0 1.0 0.0 0.0 0.0
1430528338.18
500.5 0.0 20.0 1.0 0.0 0.0 0.0
1430528338.21
500.6 0.0 20.0 1.0 0.0 0.0 0.0
1430528338.24
500.7 0.0 20.0 1.0 0.0 0.0 0.0
1430528338.27
500.8 0.0 20.0 1.0 0.0 0.0 0.0
1430528338.3
500.9 0.0 20.0 1.0 0.0 0.0 0.0
1430528338.33
501.0 0.0 20.0 1.0 0.0 0.0 0.0
1430528338.36
501.1 0.0 20.0 1.0 0.0 0.0 0.0
1430528338.39
501.2 0.0 20.0 1.0 0.0 0.0 0.0
1430528338.42
501.2 0.0 20.0 1.0 0.0 0.0 0.0
1430528338.45
501.3 0.0 20.0 1.0 0.0 0.0 0.0
1430528338.48
501.4 0.0 20.0 1.0 0.0 0.0 0.0
1430528338.51
501.5 0.0 20.0 1.0 0.0 0.0 0.0
1430528338.54
501.6 0.0 20.0 1.0 0.0 0.0 0.0
1430528338.57
501.7 0.0 20.0 1.0 0.0 0.0 0.0
1430528338.6
501.8 0.0 20.0 1.0 0.0 0.0 0.0
1430528338.63
501.9 0.0 20.0 1.0 0.0 0.0 0.0
1430528338.66
502.0 0.0 20.0 1.0 0.0 0.0 0.0
1430528338.69
502.0 0.0 20.0 1.0 0.0 0.0 0.0
1430528338.72
502.1 0.0 20.0 1.0 0.0 0.0 0.0
1430528338.75
502.2 0.0 20.0 1.0 0.0 0.0 0.0
1430528338.78
502.3 0.0 20.0 1.0 0.0 0.0 0.0
1430528338.81
502.4 0.0 20.0 1.0 0.0 0.0 0.0
1430528338.84
502.5 0.0 20.0 1.0 0.0 0.0 0.0
1430528338.87
502.6 0.0 20.0 1.0 0.0 0.0 0.0
1430528338.9
502.7 0.0 20.0 1.0 0.0 0.0 0.0
1430528338.93
502.8 0.0 20.0 1.0 0.0 0.0 0.0
1430528338.96
502.9 0.0 20.0 1.0 0.0 0.0 0.0
1430528338.99
502.9 0.0 20.0 1.0 0.0 0.0 0.0
1430528339.03
503.0 0.0 20.0 1.0 0.0 0.0 0.0
1430528339.06
503.1 0.0 20.0 1.0 0.0 0.0 0.0
1430528339.09
503.2 0.0 20.0 1.0 0.0 0.0 0.0
1430528339.11
503.3 0.0 20.0 1.0 0.0 0.0 0.0
1430528339.14
503.4 0.0 20.0 1.0 0.0 0.0 0.0
1430528339.17
503.5 0.0 20.0 1.0 0.0 0.0 0.0
1430528339.2
503.6 0.0 20.0 1.0 0.0 0.0 0.0
1430528339.23
503.7 0.0 20.0 1.0 0.0 0.0 0.0
1430528339.26
503.8 0.0 20.0 1.0 0.0 0.0 0.0
1430528339.29
503.9 0.0 20.0 1.0 0.0 0.0 0.0
1430528339.32
503.9 0.0 20.0 1.0 0.0 0.0 0.0
1430528339.35
504.0 0.0 20.0 1.0 0.0 0.0 0.0
1430528339.38
504.1 0.0 20.0 1.0 0.0 0.0 0.0
1430528339.41
504.2 0.0 20.0 1.0 0.0 0.0 0.0
1430528339.44
504.3 0.0 20.0 1.0 0.0 0.0 0.0
1430528339.47
504.4 0.0 20.0 1.0 0.0 0.0 0.0
1430528339.5
504.5 0.0 20.0 1.0 0.0 0.0 0.0
1430528339.54
504.6 0.0 20.0 1.0 0.0 0.0 0.0
1430528339.57
504.7 0.0 20.0 1.0 0.0 0.0 0.0
1430528339.6
504.8 0.0 20.0 1.0 0.0 0.0 0.0
1430528339.63
504.9 0.0 20.0 1.0 0.0 0.0 0.0
1430528339.66
505.0 0.0 20.0 1.0 0.0 0.0 0.0
1430528339.69
505.0 0.0 20.0 1.0 0.0 0.0 0.0
1430528339.72
505.1 0.0 20.0 1.0 0.0 0.0 0.0
1430528339.75
505.2 0.0 20.0 1.0 0.0 0.0 0.0
1430528339.78
505.3 0.0 20.0 1.0 0.0 0.0 0.0
1430528339.81
505.4 0.0 20.0 1.0 0.0 0.0 0.0
1430528339.84
505.5 0.0 20.0 1.0 0.0 0.0 0.0
1430528339.87
505.6 0.0 20.0 1.0 0.0 0.0 0.0
1430528339.9
505.7 0.0 20.0 1.0 0.0 0.0 0.0
1430528339.94
505.8 0.0 20.0 1.0 0.0 0.0 0.0
1430528339.96
505.9 0.0 20.0 1.0 0.0 0.0 0.0
1430528340.0
506.0 0.0 20.0 1.0 0.0 0.0 0.0
1430528340.02
506.0 0.0 20.0 1.0 0.0 0.0 0.0
1430528340.05
506.1 0.0 20.0 1.0 0.0 0.0 0.0
1430528340.08
506.2 0.0 20.0 1.0 0.0 0.0 0.0
1430528340.12
506.3 0.0 20.0 1.0 0.0 0.0 0.0
1430528340.14
506.4 0.0 20.0 1.0 0.0 0.0 0.0
1430528340.18
506.5 0.0 20.0 1.0 0.0 0.0 0.0
1430528340.21
506.6 0.0 20.0 1.0 0.0 0.0 0.0
1430528340.24
506.7 0.0 20.0 1.0 0.0 0.0 0.0
1430528340.27
506.8 0.0 20.0 1.0 0.0 0.0 0.0
1430528340.3
506.8 0.0 20.0 1.0 0.0 0.0 0.0
1430528340.33
506.9 0.0 20.0 1.0 0.0 0.0 0.0
1430528340.36
507.0 0.0 20.0 1.0 0.0 0.0 0.0
1430528340.39
507.1 0.0 20.0 1.0 0.0 0.0 0.0
1430528340.42
507.2 0.0 20.0 1.0 0.0 0.0 0.0
1430528340.45
507.3 0.0 20.0 1.0 0.0 0.0 0.0
1430528340.48
507.4 0.0 20.0 1.0 0.0 0.0 0.0
1430528340.5
507.5 0.0 20.0 1.0 0.0 0.0 0.0
1430528340.54
507.6 0.0 20.0 1.0 0.0 0.0 0.0
1430528340.57
507.7 0.0 20.0 1.0 0.0 0.0 0.0
1430528340.6
507.7 0.0 20.0 1.0 0.0 0.0 0.0
1430528340.63
507.9 0.0 20.0 1.0 0.0 0.0 0.0
1430528340.66
507.9 0.0 20.0 1.0 0.0 0.0 0.0
1430528340.69
508.0 0.0 20.0 1.0 0.0 0.0 0.0
1430528340.72
508.1 0.0 20.0 1.0 0.0 0.0 0.0
1430528340.75
508.2 0.0 20.0 1.0 0.0 0.0 0.0
1430528340.78
508.3 0.0 20.0 1.0 0.0 0.0 0.0
1430528340.81
508.4 0.0 20.0 1.0 0.0 0.0 0.0
1430528340.84
508.5 0.0 20.0 1.0 0.0 0.0 0.0
1430528340.87
508.6 0.0 20.0 1.0 0.0 0.0 0.0
1430528340.9
508.7 0.0 20.0 1.0 0.0 0.0 0.0
1430528340.93
508.8 0.0 20.0 1.0 0.0 0.0 0.0
1430528340.96
508.8 0.0 20.0 1.0 0.0 0.0 0.0
1430528340.99
508.9 0.0 20.0 1.0 0.0 0.0 0.0
1430528341.02
509.0 0.0 20.0 1.0 0.0 0.0 0.0
1430528341.05
509.1 0.0 20.0 1.0 0.0 0.0 0.0
1430528341.08
509.2 0.0 20.0 1.0 0.0 0.0 0.0
1430528341.11
509.3 0.0 20.0 1.0 0.0 0.0 0.0
1430528341.15
509.4 0.0 20.0 1.0 0.0 0.0 0.0
1430528341.17
509.5 0.0 20.0 1.0 0.0 0.0 0.0
1430528341.21
509.6 0.0 20.0 1.0 0.0 0.0 0.0
1430528341.24
509.7 0.0 20.0 1.0 0.0 0.0 0.0
1430528341.27
509.8 0.0 20.0 1.0 0.0 0.0 0.0
1430528341.3
509.9 0.0 20.0 1.0 0.0 0.0 0.0
1430528341.33
510.0 0.0 20.0 1.0 0.0 0.0 0.0
1430528341.36
510.0 0.0 20.0 1.0 0.0 0.0 0.0
1430528341.39
510.1 0.0 20.0 1.0 0.0 0.0 0.0
1430528341.42
510.2 0.0 20.0 1.0 0.0 0.0 0.0
1430528341.45
510.3 0.0 20.0 1.0 0.0 0.0 0.0
1430528341.48
510.4 0.0 20.0 1.0 0.0 0.0 0.0
1430528341.51
510.5 0.0 20.0 1.0 0.0 0.0 0.0
1430528341.54
510.6 0.0 20.0 1.0 0.0 0.0 0.0
1430528341.57
510.7 0.0 20.0 1.0 0.0 0.0 0.0
1430528341.6
510.8 0.0 20.0 1.0 0.0 0.0 0.0
1430528341.63
510.9 0.0 20.0 1.0 0.0 0.0 0.0
1430528341.66
511.0 0.0 20.0 1.0 0.0 0.0 0.0
1430528341.69
511.0 0.0 20.0 1.0 0.0 0.0 0.0
1430528341.72
511.1 0.0 20.0 1.0 0.0 0.0 0.0
1430528341.75
511.2 0.0 20.0 1.0 0.0 0.0 0.0
1430528341.78
511.3 0.0 20.0 1.0 0.0 0.0 0.0
1430528341.81
511.4 0.0 20.0 1.0 0.0 0.0 0.0
1430528341.84
511.5 0.0 20.0 1.0 0.0 0.0 0.0
1430528341.87
511.6 0.0 20.0 1.0 0.0 0.0 0.0
1430528341.9
511.7 0.0 20.0 1.0 0.0 0.0 0.0
1430528341.93
511.8 0.0 20.0 1.0 0.0 0.0 0.0
1430528341.96
511.8 0.0 20.0 1.0 0.0 0.0 0.0
1430528341.99
511.9 0.0 20.0 1.0 0.0 0.0 0.0
1430528342.02
512.0 0.0 20.0 1.0 0.0 0.0 0.0
1430528342.05
512.1 0.0 20.0 1.0 0.0 0.0 0.0
1430528342.08
512.2 0.0 20.0 1.0 0.0 0.0 0.0
1430528342.11
512.3 0.0 20.0 1.0 0.0 0.0 0.0
1430528342.14
512.4 0.0 20.0 1.0 0.0 0.0 0.0
1430528342.17
512.5 0.0 20.0 1.0 0.0 0.0 0.0
1430528342.2
512.6 0.0 20.0 1.0 0.0 0.0 0.0
1430528342.23
512.7 0.0 20.0 1.0 0.0 0.0 0.0
1430528342.26
512.7 0.0 20.0 1.0 0.0 0.0 0.0
1430528342.29
512.8 0.0 20.0 1.0 0.0 0.0 0.0
1430528342.32
512.9 0.0 20.0 1.0 0.0 0.0 0.0
1430528342.35
513.0 0.0 20.0 1.0 0.0 0.0 0.0
1430528342.38
513.1 0.0 20.0 1.0 0.0 0.0 0.0
1430528342.41
513.2 0.0 20.0 1.0 0.0 0.0 0.0
1430528342.44
513.3 0.0 20.0 1.0 0.0 0.0 0.0
1430528342.47
513.4 0.0 20.0 1.0 0.0 0.0 0.0
1430528342.5
513.5 0.0 20.0 1.0 0.0 0.0 0.0
1430528342.53
513.6 0.0 20.0 1.0 0.0 0.0 0.0
1430528342.56
513.7 0.0 20.0 1.0 0.0 0.0 0.0
1430528342.59
513.7 0.0 20.0 1.0 0.0 0.0 0.0
1430528342.62
513.8 0.0 20.0 1.0 0.0 0.0 0.0
1430528342.66
513.9 0.0 20.0 1.0 0.0 0.0 0.0
1430528342.68
514.0 0.0 20.0 1.0 0.0 0.0 0.0
1430528342.72
514.1 0.0 20.0 1.0 0.0 0.0 0.0
1430528342.75
514.2 0.0 20.0 1.0 0.0 0.0 0.0
1430528342.78
514.3 0.0 20.0 1.0 0.0 0.0 0.0
1430528342.81
514.4 0.0 20.0 1.0 0.0 0.0 0.0
1430528342.84
514.5 0.0 20.0 1.0 0.0 0.0 0.0
1430528342.87
514.6 0.0 20.0 1.0 0.0 0.0 0.0
1430528342.9
514.7 0.0 20.0 1.0 0.0 0.0 0.0
1430528342.93
514.8 0.0 20.0 1.0 0.0 0.0 0.0
1430528342.96
514.8 0.0 20.0 1.0 0.0 0.0 0.0
1430528342.99
514.9 0.0 20.0 1.0 0.0 0.0 0.0
1430528343.02
515.0 0.0 20.0 1.0 0.0 0.0 0.0
1430528343.05
515.1 0.0 20.0 1.0 0.0 0.0 0.0
1430528343.08
515.2 0.0 20.0 1.0 0.0 0.0 0.0
1430528343.11
515.3 0.0 20.0 1.0 0.0 0.0 0.0
1430528343.14
515.4 0.0 20.0 1.0 0.0 0.0 0.0
1430528343.17
515.5 0.0 20.0 1.0 0.0 0.0 0.0
1430528343.2
515.6 0.0 20.0 1.0 0.0 0.0 0.0
1430528343.23
515.7 0.0 20.0 1.0 0.0 0.0 0.0
1430528343.26
515.7 0.0 20.0 1.0 0.0 0.0 0.0
1430528343.29
515.8 0.0 20.0 1.0 0.0 0.0 0.0
1430528343.32
515.9 0.0 20.0 1.0 0.0 0.0 0.0
1430528343.35
516.0 0.0 20.0 1.0 0.0 0.0 0.0
1430528343.38
516.1 0.0 20.0 1.0 0.0 0.0 0.0
1430528343.41
516.2 0.0 20.0 1.0 0.0 0.0 0.0
1430528343.44
516.3 0.0 20.0 1.0 0.0 0.0 0.0
1430528343.47
516.4 0.0 20.0 1.0 0.0 0.0 0.0
1430528343.51
516.5 0.0 20.0 1.0 0.0 0.0 0.0
1430528343.53
516.6 0.0 20.0 1.0 0.0 0.0 0.0
1430528343.57
516.7 0.0 20.0 1.0 0.0 0.0 0.0
1430528343.59
516.8 0.0 20.0 1.0 0.0 0.0 0.0
1430528343.63
516.8 0.0 20.0 1.0 0.0 0.0 0.0
1430528343.65
516.9 0.0 20.0 1.0 0.0 0.0 0.0
1430528343.69
517.0 0.0 20.0 1.0 0.0 0.0 0.0
1430528343.72
517.1 0.0 20.0 1.0 0.0 0.0 0.0
1430528343.75
517.2 0.0 20.0 1.0 0.0 0.0 0.0
1430528343.78
517.3 0.0 20.0 1.0 0.0 0.0 0.0
1430528343.81
517.4 0.0 20.0 1.0 0.0 0.0 0.0
1430528343.84
517.5 0.0 20.0 1.0 0.0 0.0 0.0
1430528343.87
517.6 0.0 20.0 1.0 0.0 0.0 0.0
1430528343.9
517.7 0.0 20.0 1.0 0.0 0.0 0.0
1430528343.93
517.7 0.0 20.0 1.0 0.0 0.0 0.0
1430528343.96
517.8 0.0 20.0 1.0 0.0 0.0 0.0
1430528343.99
517.9 0.0 20.0 1.0 0.0 0.0 0.0
1430528344.02
518.0 0.0 20.0 1.0 0.0 0.0 0.0
1430528344.05
518.1 0.0 20.0 1.0 0.0 0.0 0.0
1430528344.08
518.2 0.0 20.0 1.0 0.0 0.0 0.0
1430528344.11
518.3 0.0 20.0 1.0 0.0 0.0 0.0
1430528344.14
518.4 0.0 20.0 1.0 0.0 0.0 0.0
1430528344.17
518.5 0.0 20.0 1.0 0.0 0.0 0.0
1430528344.2
518.6 0.0 20.0 1.0 0.0 0.0 0.0
1430528344.23
518.6 0.0 20.0 1.0 0.0 0.0 0.0
1430528344.26
518.7 0.0 20.0 1.0 0.0 0.0 0.0
1430528344.29
518.8 0.0 20.0 1.0 0.0 0.0 0.0
1430528344.32
518.9 0.0 20.0 1.0 0.0 0.0 0.0
1430528344.35
519.0 0.0 20.0 1.0 0.0 0.0 0.0
1430528344.38
519.1 0.0 20.0 1.0 0.0 0.0 0.0
1430528344.41
519.2 0.0 20.0 1.0 0.0 0.0 0.0
1430528344.44
519.3 0.0 20.0 1.0 0.0 0.0 0.0
1430528344.47
519.4 0.0 20.0 1.0 0.0 0.0 0.0
1430528344.5
519.5 0.0 20.0 1.0 0.0 0.0 0.0
1430528344.53
519.6 0.0 20.0 1.0 0.0 0.0 0.0
1430528344.56
519.7 0.0 20.0 1.0 0.0 0.0 0.0
1430528344.59
519.7 0.0 20.0 1.0 0.0 0.0 0.0
1430528344.62
519.8 0.0 20.0 1.0 0.0 0.0 0.0
1430528344.65
519.9 0.0 20.0 1.0 0.0 0.0 0.0
1430528344.68
520.0 0.0 20.0 1.0 0.0 0.0 0.0
1430528344.71
520.1 0.0 20.0 1.0 0.0 0.0 0.0
1430528344.75
520.2 0.0 20.0 1.0 0.0 0.0 0.0
1430528344.77
520.3 0.0 20.0 1.0 0.0 0.0 0.0
1430528344.8
520.4 0.0 20.0 1.0 0.0 0.0 0.0
1430528344.84
520.5 0.0 20.0 1.0 0.0 0.0 0.0
1430528344.86
520.6 0.0 20.0 1.0 0.0 0.0 0.0
1430528344.9
520.7 0.0 20.0 1.0 0.0 0.0 0.0
1430528344.92
520.8 0.0 20.0 1.0 0.0 0.0 0.0
1430528344.96
520.8 0.0 20.0 1.0 0.0 0.0 0.0
1430528344.98
520.9 0.0 20.0 1.0 0.0 0.0 0.0
1430528345.02
521.0 0.0 20.0 1.0 0.0 0.0 0.0
1430528345.04
521.1 0.0 20.0 1.0 0.0 0.0 0.0
1430528345.08
521.2 0.0 20.0 1.0 0.0 0.0 0.0
1430528345.1
521.3 0.0 20.0 1.0 0.0 0.0 0.0
1430528345.13
521.4 0.0 20.0 1.0 0.0 0.0 0.0
1430528345.16
521.5 0.0 20.0 1.0 0.0 0.0 0.0
1430528345.19
521.5 0.0 20.0 1.0 0.0 0.0 0.0
1430528345.22
521.6 0.0 20.0 1.0 0.0 0.0 0.0
1430528345.26
521.7 0.0 20.0 1.0 0.0 0.0 0.0
1430528345.29
521.8 0.0 20.0 1.0 0.0 0.0 0.0
1430528345.32
521.9 0.0 20.0 1.0 0.0 0.0 0.0
1430528345.35
522.0 0.0 20.0 1.0 0.0 0.0 0.0
1430528345.38
522.1 0.0 20.0 1.0 0.0 0.0 0.0
1430528345.41
522.2 0.0 20.0 1.0 0.0 0.0 0.0
1430528345.44
522.3 0.0 20.0 1.0 0.0 0.0 0.0
1430528345.47
522.4 0.0 20.0 1.0 0.0 0.0 0.0
1430528345.5
522.4 0.0 20.0 1.0 0.0 0.0 0.0
1430528345.53
522.6 0.0 20.0 1.0 0.0 0.0 0.0
1430528345.56
522.6 0.0 20.0 1.0 0.0 0.0 0.0
1430528345.59
522.7 0.0 20.0 1.0 0.0 0.0 0.0
1430528345.62
522.8 0.0 20.0 1.0 0.0 0.0 0.0
1430528345.65
522.9 0.0 20.0 1.0 0.0 0.0 0.0
1430528345.68
523.0 0.0 20.0 1.0 0.0 0.0 0.0
1430528345.71
523.1 0.0 20.0 1.0 0.0 0.0 0.0
1430528345.74
523.2 0.0 20.0 1.0 0.0 0.0 0.0
1430528345.77
523.3 0.0 20.0 1.0 0.0 0.0 0.0
1430528345.8
523.4 0.0 20.0 1.0 0.0 0.0 0.0
1430528345.83
523.5 0.0 20.0 1.0 0.0 0.0 0.0
1430528345.86
523.5 0.0 20.0 1.0 0.0 0.0 0.0
1430528345.9
523.7 0.0 20.0 1.0 0.0 0.0 0.0
1430528345.93
523.7 0.0 20.0 1.0 0.0 0.0 0.0
1430528345.95
523.8 0.0 20.0 1.0 0.0 0.0 0.0
1430528345.99
523.9 0.0 20.0 1.0 0.0 0.0 0.0
1430528346.01
524.0 0.0 20.0 1.0 0.0 0.0 0.0
1430528346.05
524.1 0.0 20.0 1.0 0.0 0.0 0.0
1430528346.07
524.2 0.0 20.0 1.0 0.0 0.0 0.0
1430528346.11
524.3 0.0 20.0 1.0 0.0 0.0 0.0
1430528346.13
524.4 0.0 20.0 1.0 0.0 0.0 0.0
1430528346.17
524.5 0.0 20.0 1.0 0.0 0.0 0.0
1430528346.19
524.5 0.0 20.0 1.0 0.0 0.0 0.0
1430528346.23
524.6 0.0 20.0 1.0 0.0 0.0 0.0
1430528346.25
524.7 0.0 20.0 1.0 0.0 0.0 0.0
1430528346.29
524.8 0.0 20.0 1.0 0.0 0.0 0.0
1430528346.32
524.9 0.0 20.0 1.0 0.0 0.0 0.0
1430528346.35
525.0 0.0 20.0 1.0 0.0 0.0 0.0
1430528346.38
525.1 0.0 20.0 1.0 0.0 0.0 0.0
1430528346.41
525.2 0.0 20.0 1.0 0.0 0.0 0.0
1430528346.44
525.3 0.0 20.0 1.0 0.0 0.0 0.0
1430528346.47
525.4 0.0 20.0 1.0 0.0 0.0 0.0
1430528346.5
525.5 0.0 20.0 1.0 0.0 0.0 0.0
1430528346.53
525.6 0.0 20.0 1.0 0.0 0.0 0.0
1430528346.56
525.6 0.0 20.0 1.0 0.0 0.0 0.0
1430528346.59
525.7 0.0 20.0 1.0 0.0 0.0 0.0
1430528346.62
525.8 0.0 20.0 1.0 0.0 0.0 0.0
1430528346.65
525.9 0.0 20.0 1.0 0.0 0.0 0.0
1430528346.68
526.0 0.0 20.0 1.0 0.0 0.0 0.0
1430528346.71
526.1 0.0 20.0 1.0 0.0 0.0 0.0
1430528346.74
526.2 0.0 20.0 1.0 0.0 0.0 0.0
1430528346.77
526.3 0.0 20.0 1.0 0.0 0.0 0.0
1430528346.8
526.4 0.0 20.0 1.0 0.0 0.0 0.0
1430528346.83
526.5 0.0 20.0 1.0 0.0 0.0 0.0
1430528346.86
526.6 0.0 20.0 1.0 0.0 0.0 0.0
1430528346.89
526.6 0.0 20.0 1.0 0.0 0.0 0.0
1430528346.92
526.7 0.0 20.0 1.0 0.0 0.0 0.0
1430528346.95
526.8 0.0 20.0 1.0 0.0 0.0 0.0
1430528346.98
526.9 0.0 20.0 1.0 0.0 0.0 0.0
1430528347.01
527.0 0.0 20.0 1.0 0.0 0.0 0.0
1430528347.04
527.1 0.0 20.0 1.0 0.0 0.0 0.0
1430528347.07
527.2 0.0 20.0 1.0 0.0 0.0 0.0
1430528347.1
527.3 0.0 20.0 1.0 0.0 0.0 0.0
1430528347.13
527.4 0.0 20.0 1.0 0.0 0.0 0.0
1430528347.16
527.5 0.0 20.0 1.0 0.0 0.0 0.0
1430528347.19
527.5 0.0 20.0 1.0 0.0 0.0 0.0
1430528347.22
527.7 0.0 20.0 1.0 0.0 0.0 0.0
1430528347.26
527.7 0.0 20.0 1.0 0.0 0.0 0.0
1430528347.29
527.8 0.0 20.0 1.0 0.0 0.0 0.0
1430528347.32
527.9 0.0 20.0 1.0 0.0 0.0 0.0
1430528347.34
528.0 0.0 20.0 1.0 0.0 0.0 0.0
1430528347.38
528.1 0.0 20.0 1.0 0.0 0.0 0.0
1430528347.4
528.2 0.0 20.0 1.0 0.0 0.0 0.0
1430528347.44
528.3 0.0 20.0 1.0 0.0 0.0 0.0
1430528347.46
528.4 0.0 20.0 1.0 0.0 0.0 0.0
1430528347.5
528.4 0.0 20.0 1.0 0.0 0.0 0.0
1430528347.53
528.5 0.0 20.0 1.0 0.0 0.0 0.0
1430528347.56
528.6 0.0 20.0 1.0 0.0 0.0 0.0
1430528347.59
528.7 0.0 20.0 1.0 0.0 0.0 0.0
1430528347.62
528.8 0.0 20.0 1.0 0.0 0.0 0.0
1430528347.65
528.9 0.0 20.0 1.0 0.0 0.0 0.0
1430528347.68
529.0 0.0 20.0 1.0 0.0 0.0 0.0
1430528347.71
529.1 0.0 20.0 1.0 0.0 0.0 0.0
1430528347.74
529.2 0.0 20.0 1.0 0.0 0.0 0.0
1430528347.77
529.3 0.0 20.0 1.0 0.0 0.0 0.0
1430528347.8
529.4 0.0 20.0 1.0 0.0 0.0 0.0
1430528347.83
529.5 0.0 20.0 1.0 0.0 0.0 0.0
1430528347.86
529.5 0.0 20.0 1.0 0.0 0.0 0.0
1430528347.89
529.6 0.0 20.0 1.0 0.0 0.0 0.0
1430528347.92
529.7 0.0 20.0 1.0 0.0 0.0 0.0
1430528347.95
529.8 0.0 20.0 1.0 0.0 0.0 0.0
1430528347.98
529.9 0.0 20.0 1.0 0.0 0.0 0.0
1430528348.01
530.0 0.0 20.0 1.0 0.0 0.0 0.0
1430528348.04
530.1 0.0 20.0 1.0 0.0 0.0 0.0
1430528348.07
530.2 0.0 20.0 1.0 0.0 0.0 0.0
1430528348.1
530.3 0.0 20.0 1.0 0.0 0.0 0.0
1430528348.13
530.4 0.0 20.0 1.0 0.0 0.0 0.0
1430528348.16
530.4 0.0 20.0 1.0 0.0 0.0 0.0
1430528348.19
530.5 0.0 20.0 1.0 0.0 0.0 0.0
1430528348.22
530.6 0.0 20.0 1.0 0.0 0.0 0.0
1430528348.25
530.7 0.0 20.0 1.0 0.0 0.0 0.0
1430528348.28
530.8 0.0 20.0 1.0 0.0 0.0 0.0
1430528348.31
530.9 0.0 20.0 1.0 0.0 0.0 0.0
1430528348.34
531.0 0.0 20.0 1.0 0.0 0.0 0.0
1430528348.37
531.1 0.0 20.0 1.0 0.0 0.0 0.0
1430528348.4
531.2 0.0 20.0 1.0 0.0 0.0 0.0
1430528348.43
531.3 0.0 20.0 1.0 0.0 0.0 0.0
1430528348.46
531.4 0.0 20.0 1.0 0.0 0.0 0.0
1430528348.49
531.5 0.0 20.0 1.0 0.0 0.0 0.0
1430528348.52
531.5 0.0 20.0 1.0 0.0 0.0 0.0
1430528348.55
531.6 0.0 20.0 1.0 0.0 0.0 0.0
1430528348.58
531.7 0.0 20.0 1.0 0.0 0.0 0.0
1430528348.61
531.8 0.0 20.0 1.0 0.0 0.0 0.0
1430528348.64
531.9 0.0 20.0 1.0 0.0 0.0 0.0
1430528348.67
532.0 0.0 20.0 1.0 0.0 0.0 0.0
1430528348.7
532.1 0.0 20.0 1.0 0.0 0.0 0.0
1430528348.73
532.2 0.0 20.0 1.0 0.0 0.0 0.0
1430528348.76
532.3 0.0 20.0 1.0 0.0 0.0 0.0
1430528348.79
532.4 0.0 20.0 1.0 0.0 0.0 0.0
1430528348.83
532.4 0.0 20.0 1.0 0.0 0.0 0.0
1430528348.85
532.5 0.0 20.0 1.0 0.0 0.0 0.0
1430528348.89
532.6 0.0 20.0 1.0 0.0 0.0 0.0
1430528348.92
532.7 0.0 20.0 1.0 0.0 0.0 0.0
1430528348.95
532.8 0.0 20.0 1.0 0.0 0.0 0.0
1430528348.98
532.9 0.0 20.0 1.0 0.0 0.0 0.0
1430528349.01
533.0 0.0 20.0 1.0 0.0 0.0 0.0
1430528349.04
533.1 0.0 20.0 1.0 0.0 0.0 0.0
1430528349.07
533.2 0.0 20.0 1.0 0.0 0.0 0.0
1430528349.1
533.3 0.0 20.0 1.0 0.0 0.0 0.0
1430528349.13
533.3 0.0 20.0 1.0 0.0 0.0 0.0
1430528349.16
533.5 0.0 20.0 1.0 0.0 0.0 0.0
1430528349.19
533.5 0.0 20.0 1.0 0.0 0.0 0.0
1430528349.22
533.6 0.0 20.0 1.0 0.0 0.0 0.0
1430528349.25
533.7 0.0 20.0 1.0 0.0 0.0 0.0
1430528349.28
533.8 0.0 20.0 1.0 0.0 0.0 0.0
1430528349.31
533.9 0.0 20.0 1.0 0.0 0.0 0.0
1430528349.34
534.0 0.0 20.0 1.0 0.0 0.0 0.0
1430528349.37
534.1 0.0 20.0 1.0 0.0 0.0 0.0
1430528349.4
534.2 0.0 20.0 1.0 0.0 0.0 0.0
1430528349.43
534.3 0.0 20.0 1.0 0.0 0.0 0.0
1430528349.46
534.3 0.0 20.0 1.0 0.0 0.0 0.0
1430528349.49
534.4 0.0 20.0 1.0 0.0 0.0 0.0
1430528349.52
534.5 0.0 20.0 1.0 0.0 0.0 0.0
1430528349.55
534.6 0.0 20.0 1.0 0.0 0.0 0.0
1430528349.58
534.7 0.0 20.0 1.0 0.0 0.0 0.0
1430528349.61
534.8 0.0 20.0 1.0 0.0 0.0 0.0
1430528349.64
534.9 0.0 20.0 1.0 0.0 0.0 0.0
1430528349.67
535.0 0.0 20.0 1.0 0.0 0.0 0.0
1430528349.7
535.1 0.0 20.0 1.0 0.0 0.0 0.0
1430528349.73
535.2 0.0 20.0 1.0 0.0 0.0 0.0
1430528349.76
535.3 0.0 20.0 1.0 0.0 0.0 0.0
1430528349.79
535.3 0.0 20.0 1.0 0.0 0.0 0.0
1430528349.82
535.4 0.0 20.0 1.0 0.0 0.0 0.0
1430528349.85
535.5 0.0 20.0 1.0 0.0 0.0 0.0
1430528349.88
535.6 0.0 20.0 1.0 0.0 0.0 0.0
1430528349.91
535.7 0.0 20.0 1.0 0.0 0.0 0.0
1430528349.94
535.8 0.0 20.0 1.0 0.0 0.0 0.0
1430528349.97
535.9 0.0 20.0 1.0 0.0 0.0 0.0
1430528350.0
536.0 0.0 20.0 1.0 0.0 0.0 0.0
1430528350.04
536.1 0.0 20.0 1.0 0.0 0.0 0.0
1430528350.06
536.2 0.0 20.0 1.0 0.0 0.0 0.0
1430528350.1
536.3 0.0 20.0 1.0 0.0 0.0 0.0
1430528350.13
536.3 0.0 20.0 1.0 0.0 0.0 0.0
1430528350.16
536.4 0.0 20.0 1.0 0.0 0.0 0.0
1430528350.19
536.5 0.0 20.0 1.0 0.0 0.0 0.0
1430528350.22
536.6 0.0 20.0 1.0 0.0 0.0 0.0
1430528350.25
536.7 0.0 20.0 1.0 0.0 0.0 0.0
1430528350.28
536.8 0.0 20.0 1.0 0.0 0.0 0.0
1430528350.31
536.9 0.0 20.0 1.0 0.0 0.0 0.0
1430528350.34
537.0 0.0 20.0 1.0 0.0 0.0 0.0
1430528350.37
537.1 0.0 20.0 1.0 0.0 0.0 0.0
1430528350.4
537.2 0.0 20.0 1.0 0.0 0.0 0.0
1430528350.43
537.3 0.0 20.0 1.0 0.0 0.0 0.0
1430528350.46
537.3 0.0 20.0 1.0 0.0 0.0 0.0
1430528350.49
537.4 0.0 20.0 1.0 0.0 0.0 0.0
1430528350.52
537.5 0.0 20.0 1.0 0.0 0.0 0.0
1430528350.55
537.6 0.0 20.0 1.0 0.0 0.0 0.0
1430528350.58
537.7 0.0 20.0 1.0 0.0 0.0 0.0
1430528350.61
537.8 0.0 20.0 1.0 0.0 0.0 0.0
1430528350.64
537.9 0.0 20.0 1.0 0.0 0.0 0.0
1430528350.67
538.0 0.0 20.0 1.0 0.0 0.0 0.0
1430528350.7
538.1 0.0 20.0 1.0 0.0 0.0 0.0
1430528350.73
538.2 0.0 20.0 1.0 0.0 0.0 0.0
1430528350.76
538.3 0.0 20.0 1.0 0.0 0.0 0.0
1430528350.79
538.4 0.0 20.0 1.0 0.0 0.0 0.0
1430528350.82
538.4 0.0 20.0 1.0 0.0 0.0 0.0
1430528350.85
538.5 0.0 20.0 1.0 0.0 0.0 0.0
1430528350.88
538.6 0.0 20.0 1.0 0.0 0.0 0.0
1430528350.91
538.7 0.0 20.0 1.0 0.0 0.0 0.0
1430528350.94
538.8 0.0 20.0 1.0 0.0 0.0 0.0
1430528350.97
538.9 0.0 20.0 1.0 0.0 0.0 0.0
1430528351.0
539.0 0.0 20.0 1.0 0.0 0.0 0.0
1430528351.03
539.1 0.0 20.0 1.0 0.0 0.0 0.0
1430528351.06
539.1 0.0 20.0 1.0 0.0 0.0 0.0
1430528351.09
539.2 0.0 20.0 1.0 0.0 0.0 0.0
1430528351.12
539.3 0.0 20.0 1.0 0.0 0.0 0.0
1430528351.15
539.4 0.0 20.0 1.0 0.0 0.0 0.0
1430528351.19
539.5 0.0 20.0 1.0 0.0 0.0 0.0
1430528351.21
539.6 0.0 20.0 1.0 0.0 0.0 0.0
1430528351.24
539.7 0.0 20.0 1.0 0.0 0.0 0.0
1430528351.27
539.8 0.0 20.0 1.0 0.0 0.0 0.0
1430528351.31
539.9 0.0 20.0 1.0 0.0 0.0 0.0
1430528351.33
540.0 0.0 20.0 1.0 0.0 0.0 0.0
1430528351.37
540.1 0.0 20.0 1.0 0.0 0.0 0.0
1430528351.4
540.2 0.0 20.0 1.0 0.0 0.0 0.0
1430528351.43
540.2 0.0 20.0 1.0 0.0 0.0 0.0
1430528351.45
540.3 0.0 20.0 1.0 0.0 0.0 0.0
1430528351.49
540.4 0.0 20.0 1.0 0.0 0.0 0.0
1430528351.52
540.5 0.0 20.0 1.0 0.0 0.0 0.0
1430528351.55
540.6 0.0 20.0 1.0 0.0 0.0 0.0
1430528351.58
540.7 0.0 20.0 1.0 0.0 0.0 0.0
1430528351.61
540.8 0.0 20.0 1.0 0.0 0.0 0.0
1430528351.63
540.9 0.0 20.0 1.0 0.0 0.0 0.0
1430528351.67
541.0 0.0 20.0 1.0 0.0 0.0 0.0
1430528351.7
541.1 0.0 20.0 1.0 0.0 0.0 0.0
1430528351.73
541.1 0.0 20.0 1.0 0.0 0.0 0.0
1430528351.76
541.2 0.0 20.0 1.0 0.0 0.0 0.0
1430528351.79
541.3 0.0 20.0 1.0 0.0 0.0 0.0
1430528351.82
541.4 0.0 20.0 1.0 0.0 0.0 0.0
1430528351.85
541.5 0.0 20.0 1.0 0.0 0.0 0.0
1430528351.88
541.6 0.0 20.0 1.0 0.0 0.0 0.0
1430528351.91
541.7 0.0 20.0 1.0 0.0 0.0 0.0
1430528351.94
541.8 0.0 20.0 1.0 0.0 0.0 0.0
1430528351.97
541.9 0.0 20.0 1.0 0.0 0.0 0.0
1430528352.0
542.0 0.0 20.0 1.0 0.0 0.0 0.0
1430528352.03
542.1 0.0 20.0 1.0 0.0 0.0 0.0
1430528352.06
542.2 0.0 20.0 1.0 0.0 0.0 0.0
1430528352.09
542.2 0.0 20.0 1.0 0.0 0.0 0.0
1430528352.12
542.3 0.0 20.0 1.0 0.0 0.0 0.0
1430528352.15
542.4 0.0 20.0 1.0 0.0 0.0 0.0
1430528352.18
542.5 0.0 20.0 1.0 0.0 0.0 0.0
1430528352.21
542.6 0.0 20.0 1.0 0.0 0.0 0.0
1430528352.24
542.7 0.0 20.0 1.0 0.0 0.0 0.0
1430528352.27
542.8 0.0 20.0 1.0 0.0 0.0 0.0
1430528352.3
542.9 0.0 20.0 1.0 0.0 0.0 0.0
1430528352.33
543.0 0.0 20.0 1.0 0.0 0.0 0.0
1430528352.36
543.1 0.0 20.0 1.0 0.0 0.0 0.0
1430528352.39
543.2 0.0 20.0 1.0 0.0 0.0 0.0
1430528352.42
543.2 0.0 20.0 1.0 0.0 0.0 0.0
1430528352.46
543.3 0.0 20.0 1.0 0.0 0.0 0.0
1430528352.48
543.4 0.0 20.0 1.0 0.0 0.0 0.0
1430528352.52
543.5 0.0 20.0 1.0 0.0 0.0 0.0
1430528352.55
543.6 0.0 20.0 1.0 0.0 0.0 0.0
1430528352.58
543.7 0.0 20.0 1.0 0.0 0.0 0.0
1430528352.61
543.8 0.0 20.0 1.0 0.0 0.0 0.0
1430528352.64
543.9 0.0 20.0 1.0 0.0 0.0 0.0
1430528352.67
544.0 0.0 20.0 1.0 0.0 0.0 0.0
1430528352.7
544.1 0.0 20.0 1.0 0.0 0.0 0.0
1430528352.73
544.2 0.0 20.0 1.0 0.0 0.0 0.0
1430528352.76
544.3 0.0 20.0 1.0 0.0 0.0 0.0
1430528352.79
544.3 0.0 20.0 1.0 0.0 0.0 0.0
1430528352.82
544.4 0.0 20.0 1.0 0.0 0.0 0.0
1430528352.85
544.5 0.0 20.0 1.0 0.0 0.0 0.0
1430528352.88
544.6 0.0 20.0 1.0 0.0 0.0 0.0
1430528352.91
544.7 0.0 20.0 1.0 0.0 0.0 0.0
1430528352.94
544.8 0.0 20.0 1.0 0.0 0.0 0.0
1430528352.97
544.9 0.0 20.0 1.0 0.0 0.0 0.0
1430528353.0
545.0 0.0 20.0 1.0 0.0 0.0 0.0
1430528353.03
545.1 0.0 20.0 1.0 0.0 0.0 0.0
1430528353.06
545.2 0.0 20.0 1.0 0.0 0.0 0.0
1430528353.09
545.3 0.0 20.0 1.0 0.0 0.0 0.0
1430528353.12
545.3 0.0 20.0 1.0 0.0 0.0 0.0
1430528353.15
545.4 0.0 20.0 1.0 0.0 0.0 0.0
1430528353.18
545.5 0.0 20.0 1.0 0.0 0.0 0.0
1430528353.21
545.6 0.0 20.0 1.0 0.0 0.0 0.0
1430528353.24
545.7 0.0 20.0 1.0 0.0 0.0 0.0
1430528353.27
545.8 0.0 20.0 1.0 0.0 0.0 0.0
1430528353.31
545.9 0.0 20.0 1.0 0.0 0.0 0.0
1430528353.33
546.0 0.0 20.0 1.0 0.0 0.0 0.0
1430528353.37
546.1 0.0 20.0 1.0 0.0 0.0 0.0
1430528353.39
546.2 0.0 20.0 1.0 0.0 0.0 0.0
1430528353.42
546.2 0.0 20.0 1.0 0.0 0.0 0.0
1430528353.45
546.3 0.0 20.0 1.0 0.0 0.0 0.0
1430528353.49
546.4 0.0 20.0 1.0 0.0 0.0 0.0
1430528353.52
546.5 0.0 20.0 1.0 0.0 0.0 0.0
1430528353.55
546.6 0.0 20.0 1.0 0.0 0.0 0.0
1430528353.58
546.7 0.0 20.0 1.0 0.0 0.0 0.0
1430528353.61
546.8 0.0 20.0 1.0 0.0 0.0 0.0
1430528353.64
546.9 0.0 20.0 1.0 0.0 0.0 0.0
1430528353.67
547.0 0.0 20.0 1.0 0.0 0.0 0.0
1430528353.7
547.1 0.0 20.0 1.0 0.0 0.0 0.0
1430528353.73
547.1 0.0 20.0 1.0 0.0 0.0 0.0
1430528353.76
547.2 0.0 20.0 1.0 0.0 0.0 0.0
1430528353.79
547.3 0.0 20.0 1.0 0.0 0.0 0.0
1430528353.82
547.4 0.0 20.0 1.0 0.0 0.0 0.0
1430528353.85
547.5 0.0 20.0 1.0 0.0 0.0 0.0
1430528353.88
547.6 0.0 20.0 1.0 0.0 0.0 0.0
1430528353.91
547.7 0.0 20.0 1.0 0.0 0.0 0.0
1430528353.94
547.8 0.0 20.0 1.0 0.0 0.0 0.0
1430528353.97
547.9 0.0 20.0 1.0 0.0 0.0 0.0
1430528354.0
548.0 0.0 20.0 1.0 0.0 0.0 0.0
1430528354.03
548.1 0.0 20.0 1.0 0.0 0.0 0.0
1430528354.06
548.2 0.0 20.0 1.0 0.0 0.0 0.0
1430528354.09
548.2 0.0 20.0 1.0 0.0 0.0 0.0
1430528354.12
548.3 0.0 20.0 1.0 0.0 0.0 0.0
1430528354.15
548.4 0.0 20.0 1.0 0.0 0.0 0.0
1430528354.18
548.5 0.0 20.0 1.0 0.0 0.0 0.0
1430528354.21
548.6 0.0 20.0 1.0 0.0 0.0 0.0
1430528354.24
548.7 0.0 20.0 1.0 0.0 0.0 0.0
1430528354.27
548.8 0.0 20.0 1.0 0.0 0.0 0.0
1430528354.3
548.9 0.0 20.0 1.0 0.0 0.0 0.0
1430528354.33
549.0 0.0 20.0 1.0 0.0 0.0 0.0
1430528354.36
549.1 0.0 20.0 1.0 0.0 0.0 0.0
1430528354.4
549.1 0.0 20.0 1.0 0.0 0.0 0.0
1430528354.43
549.2 0.0 20.0 1.0 0.0 0.0 0.0
1430528354.46
549.3 0.0 20.0 1.0 0.0 0.0 0.0
1430528354.49
549.4 0.0 20.0 1.0 0.0 0.0 0.0
1430528354.52
549.5 0.0 20.0 1.0 0.0 0.0 0.0
1430528354.55
549.6 0.0 20.0 1.0 0.0 0.0 0.0
1430528354.58
549.7 0.0 20.0 1.0 0.0 0.0 0.0
1430528354.61
549.8 0.0 20.0 1.0 0.0 0.0 0.0
1430528354.64
549.9 0.0 20.0 1.0 0.0 0.0 0.0
1430528354.67
550.0 0.0 20.0 1.0 0.0 0.0 0.0
1430528354.7
550.1 0.0 20.0 1.0 0.0 0.0 0.0
1430528354.73
550.2 0.0 20.0 1.0 0.0 0.0 0.0
1430528354.76
550.2 0.0 20.0 1.0 0.0 0.0 0.0
1430528354.79
550.3 0.0 20.0 1.0 0.0 0.0 0.0
1430528354.82
550.4 0.0 20.0 1.0 0.0 0.0 0.0
1430528354.85
550.5 0.0 20.0 1.0 0.0 0.0 0.0
1430528354.88
550.6 0.0 20.0 1.0 0.0 0.0 0.0
1430528354.91
550.7 0.0 20.0 1.0 0.0 0.0 0.0
1430528354.94
550.8 0.0 20.0 1.0 0.0 0.0 0.0
1430528354.97
550.9 0.0 20.0 1.0 0.0 0.0 0.0
1430528355.0
551.0 0.0 20.0 1.0 0.0 0.0 0.0
1430528355.03
551.1 0.0 20.0 1.0 0.0 0.0 0.0
1430528355.06
551.2 0.0 20.0 1.0 0.0 0.0 0.0
1430528355.09
551.3 0.0 20.0 1.0 0.0 0.0 0.0
1430528355.12
551.3 0.0 20.0 1.0 0.0 0.0 0.0
1430528355.15
551.4 0.0 20.0 1.0 0.0 0.0 0.0
1430528355.18
551.5 0.0 20.0 1.0 0.0 0.0 0.0
1430528355.21
551.6 0.0 20.0 1.0 0.0 0.0 0.0
1430528355.24
551.7 0.0 20.0 1.0 0.0 0.0 0.0
1430528355.27
551.8 0.0 20.0 1.0 0.0 0.0 0.0
1430528355.3
551.9 0.0 20.0 1.0 0.0 0.0 0.0
1430528355.33
552.0 0.0 20.0 1.0 0.0 0.0 0.0
1430528355.36
552.1 0.0 20.0 1.0 0.0 0.0 0.0
1430528355.39
552.2 0.0 20.0 1.0 0.0 0.0 0.0
1430528355.42
552.3 0.0 20.0 1.0 0.0 0.0 0.0
1430528355.45
552.3 0.0 20.0 1.0 0.0 0.0 0.0
1430528355.48
552.4 0.0 20.0 1.0 0.0 0.0 0.0
1430528355.51
552.5 0.0 20.0 1.0 0.0 0.0 0.0
1430528355.54
552.6 0.0 20.0 1.0 0.0 0.0 0.0
1430528355.57
552.7 0.0 20.0 1.0 0.0 0.0 0.0
1430528355.6
552.8 0.0 20.0 1.0 0.0 0.0 0.0
1430528355.63
552.9 0.0 20.0 1.0 0.0 0.0 0.0
1430528355.67
553.0 0.0 20.0 1.0 0.0 0.0 0.0
1430528355.69
553.1 0.0 20.0 1.0 0.0 0.0 0.0
1430528355.73
553.2 0.0 20.0 1.0 0.0 0.0 0.0
1430528355.76
553.3 0.0 20.0 1.0 0.0 0.0 0.0
1430528355.79
553.3 0.0 20.0 1.0 0.0 0.0 0.0
1430528355.82
553.4 0.0 20.0 1.0 0.0 0.0 0.0
1430528355.85
553.5 0.0 20.0 1.0 0.0 0.0 0.0
1430528355.88
553.6 0.0 20.0 1.0 0.0 0.0 0.0
1430528355.91
553.7 0.0 20.0 1.0 0.0 0.0 0.0
1430528355.94
553.8 0.0 20.0 1.0 0.0 0.0 0.0
1430528355.97
553.9 0.0 20.0 1.0 0.0 0.0 0.0
1430528356.0
554.0 0.0 20.0 1.0 0.0 0.0 0.0
1430528356.03
554.1 0.0 20.0 1.0 0.0 0.0 0.0
1430528356.06
554.2 0.0 20.0 1.0 0.0 0.0 0.0
1430528356.09
554.2 0.0 20.0 1.0 0.0 0.0 0.0
1430528356.12
554.3 0.0 20.0 1.0 0.0 0.0 0.0
1430528356.15
554.4 0.0 20.0 1.0 0.0 0.0 0.0
1430528356.18
554.5 0.0 20.0 1.0 0.0 0.0 0.0
1430528356.21
554.6 0.0 20.0 1.0 0.0 0.0 0.0
1430528356.24
554.7 0.0 20.0 1.0 0.0 0.0 0.0
1430528356.27
554.8 0.0 20.0 1.0 0.0 0.0 0.0
1430528356.3
554.9 0.0 20.0 1.0 0.0 0.0 0.0
1430528356.33
555.0 0.0 20.0 1.0 0.0 0.0 0.0
1430528356.36
555.1 0.0 20.0 1.0 0.0 0.0 0.0
1430528356.4
555.2 0.0 20.0 1.0 0.0 0.0 0.0
1430528356.43
555.3 0.0 20.0 1.0 0.0 0.0 0.0
1430528356.46
555.3 0.0 20.0 1.0 0.0 0.0 0.0
1430528356.48
555.4 0.0 20.0 1.0 0.0 0.0 0.0
1430528356.52
555.5 0.0 20.0 1.0 0.0 0.0 0.0
1430528356.55
555.6 0.0 20.0 1.0 0.0 0.0 0.0
1430528356.58
555.7 0.0 20.0 1.0 0.0 0.0 0.0
1430528356.6
555.8 0.0 20.0 1.0 0.0 0.0 0.0
1430528356.64
555.9 0.0 20.0 1.0 0.0 0.0 0.0
1430528356.66
556.0 0.0 20.0 1.0 0.0 0.0 0.0
1430528356.7
556.1 0.0 20.0 1.0 0.0 0.0 0.0
1430528356.73
556.1 0.0 20.0 1.0 0.0 0.0 0.0
1430528356.76
556.2 0.0 20.0 1.0 0.0 0.0 0.0
1430528356.79
556.3 0.0 20.0 1.0 0.0 0.0 0.0
1430528356.82
556.4 0.0 20.0 1.0 0.0 0.0 0.0
1430528356.85
556.5 0.0 20.0 1.0 0.0 0.0 0.0
1430528356.88
556.6 0.0 20.0 1.0 0.0 0.0 0.0
1430528356.91
556.7 0.0 20.0 1.0 0.0 0.0 0.0
1430528356.94
556.8 0.0 20.0 1.0 0.0 0.0 0.0
1430528356.97
556.9 0.0 20.0 1.0 0.0 0.0 0.0
1430528357.0
557.0 0.0 20.0 1.0 0.0 0.0 0.0
1430528357.03
557.1 0.0 20.0 1.0 0.0 0.0 0.0
1430528357.06
557.1 0.0 20.0 1.0 0.0 0.0 0.0
1430528357.09
557.2 0.0 20.0 1.0 0.0 0.0 0.0
1430528357.12
557.3 0.0 20.0 1.0 0.0 0.0 0.0
1430528357.15
557.4 0.0 20.0 1.0 0.0 0.0 0.0
1430528357.18
557.5 0.0 20.0 1.0 0.0 0.0 0.0
1430528357.21
557.6 0.0 20.0 1.0 0.0 0.0 0.0
1430528357.24
557.7 0.0 20.0 1.0 0.0 0.0 0.0
1430528357.27
557.8 0.0 20.0 1.0 0.0 0.0 0.0
1430528357.3
557.9 0.0 20.0 1.0 0.0 0.0 0.0
1430528357.33
558.0 0.0 20.0 1.0 0.0 0.0 0.0
1430528357.36
558.1 0.0 20.0 1.0 0.0 0.0 0.0
1430528357.39
558.2 0.0 20.0 1.0 0.0 0.0 0.0
1430528357.42
558.2 0.0 20.0 1.0 0.0 0.0 0.0
1430528357.45
558.3 0.0 20.0 1.0 0.0 0.0 0.0
1430528357.48
558.4 0.0 20.0 1.0 0.0 0.0 0.0
1430528357.51
558.5 0.0 20.0 1.0 0.0 0.0 0.0
1430528357.54
558.6 0.0 20.0 1.0 0.0 0.0 0.0
1430528357.57
558.7 0.0 20.0 1.0 0.0 0.0 0.0
1430528357.6
558.8 0.0 20.0 1.0 0.0 0.0 0.0
1430528357.63
558.9 0.0 20.0 1.0 0.0 0.0 0.0
1430528357.66
559.0 0.0 20.0 1.0 0.0 0.0 0.0
1430528357.69
559.1 0.0 20.0 1.0 0.0 0.0 0.0
1430528357.72
559.1 0.0 20.0 1.0 0.0 0.0 0.0
1430528357.75
559.2 0.0 20.0 1.0 0.0 0.0 0.0
1430528357.78
559.3 0.0 20.0 1.0 0.0 0.0 0.0
1430528357.81
559.4 0.0 20.0 1.0 0.0 0.0 0.0
1430528357.84
559.5 0.0 20.0 1.0 0.0 0.0 0.0
1430528357.87
559.6 0.0 20.0 1.0 0.0 0.0 0.0
1430528357.9
559.7 0.0 20.0 1.0 0.0 0.0 0.0
1430528357.93
559.8 0.0 20.0 1.0 0.0 0.0 0.0
1430528357.97
559.9 0.0 20.0 1.0 0.0 0.0 0.0
1430528358.0
560.0 0.0 20.0 1.0 0.0 0.0 0.0
1430528358.03
560.1 0.0 20.0 1.0 0.0 0.0 0.0
1430528358.06
560.2 0.0 20.0 1.0 0.0 0.0 0.0
1430528358.09
560.2 0.0 20.0 1.0 0.0 0.0 0.0
1430528358.12
560.3 0.0 20.0 1.0 0.0 0.0 0.0
1430528358.15
560.4 0.0 20.0 1.0 0.0 0.0 0.0
1430528358.18
560.5 0.0 20.0 1.0 0.0 0.0 0.0
1430528358.21
560.6 0.0 20.0 1.0 0.0 0.0 0.0
1430528358.24
560.7 0.0 20.0 1.0 0.0 0.0 0.0
1430528358.27
560.8 0.0 20.0 1.0 0.0 0.0 0.0
1430528358.3
560.9 0.0 20.0 1.0 0.0 0.0 0.0
1430528358.33
561.0 0.0 20.0 1.0 0.0 0.0 0.0
1430528358.36
561.1 0.0 20.0 1.0 0.0 0.0 0.0
1430528358.39
561.1 0.0 20.0 1.0 0.0 0.0 0.0
1430528358.42
561.2 0.0 20.0 1.0 0.0 0.0 0.0
1430528358.45
561.3 0.0 20.0 1.0 0.0 0.0 0.0
1430528358.48
561.4 0.0 20.0 1.0 0.0 0.0 0.0
1430528358.51
561.5 0.0 20.0 1.0 0.0 0.0 0.0
1430528358.54
561.6 0.0 20.0 1.0 0.0 0.0 0.0
1430528358.57
561.7 0.0 20.0 1.0 0.0 0.0 0.0
1430528358.6
561.8 0.0 20.0 1.0 0.0 0.0 0.0
1430528358.63
561.9 0.0 20.0 1.0 0.0 0.0 0.0
1430528358.66
562.0 0.0 20.0 1.0 0.0 0.0 0.0
1430528358.7
562.0 0.0 20.0 1.0 0.0 0.0 0.0
1430528358.72
562.1 0.0 20.0 1.0 0.0 0.0 0.0
1430528358.76
562.2 0.0 20.0 1.0 0.0 0.0 0.0
1430528358.79
562.3 0.0 20.0 1.0 0.0 0.0 0.0
1430528358.82
562.4 0.0 20.0 1.0 0.0 0.0 0.0
1430528358.85
562.5 0.0 20.0 1.0 0.0 0.0 0.0
1430528358.88
562.6 0.0 20.0 1.0 0.0 0.0 0.0
1430528358.91
562.7 0.0 20.0 1.0 0.0 0.0 0.0
1430528358.94
562.8 0.0 20.0 1.0 0.0 0.0 0.0
1430528358.97
562.9 0.0 20.0 1.0 0.0 0.0 0.0
1430528359.0
563.0 0.0 20.0 1.0 0.0 0.0 0.0
1430528359.03
563.1 0.0 20.0 1.0 0.0 0.0 0.0
1430528359.06
563.1 0.0 20.0 1.0 0.0 0.0 0.0
1430528359.09
563.2 0.0 20.0 1.0 0.0 0.0 0.0
1430528359.12
563.3 0.0 20.0 1.0 0.0 0.0 0.0
1430528359.15
563.4 0.0 20.0 1.0 0.0 0.0 0.0
1430528359.18
563.5 0.0 20.0 1.0 0.0 0.0 0.0
1430528359.21
563.6 0.0 20.0 1.0 0.0 0.0 0.0
1430528359.24
563.7 0.0 20.0 1.0 0.0 0.0 0.0
1430528359.27
563.8 0.0 20.0 1.0 0.0 0.0 0.0
1430528359.3
563.9 0.0 20.0 1.0 0.0 0.0 0.0
1430528359.33
564.0 0.0 20.0 1.0 0.0 0.0 0.0
1430528359.36
564.1 0.0 20.0 1.0 0.0 0.0 0.0
1430528359.39
564.2 0.0 20.0 1.0 0.0 0.0 0.0
1430528359.42
564.2 0.0 20.0 1.0 0.0 0.0 0.0
1430528359.45
564.3 0.0 20.0 1.0 0.0 0.0 0.0
1430528359.48
564.4 0.0 20.0 1.0 0.0 0.0 0.0
1430528359.51
564.5 0.0 20.0 1.0 0.0 0.0 0.0
1430528359.54
564.6 0.0 20.0 1.0 0.0 0.0 0.0
1430528359.57
564.7 0.0 20.0 1.0 0.0 0.0 0.0
1430528359.6
564.8 0.0 20.0 1.0 0.0 0.0 0.0
1430528359.63
564.9 0.0 20.0 1.0 0.0 0.0 0.0
1430528359.66
565.0 0.0 20.0 1.0 0.0 0.0 0.0
1430528359.69
565.1 0.0 20.0 1.0 0.0 0.0 0.0
1430528359.72
565.1 0.0 20.0 1.0 0.0 0.0 0.0
1430528359.75
565.2 0.0 20.0 1.0 0.0 0.0 0.0
1430528359.78
565.3 0.0 20.0 1.0 0.0 0.0 0.0
1430528359.81
565.4 0.0 20.0 1.0 0.0 0.0 0.0
1430528359.84
565.5 0.0 20.0 1.0 0.0 0.0 0.0
1430528359.87
565.6 0.0 20.0 1.0 0.0 0.0 0.0
1430528359.9
565.7 0.0 20.0 1.0 0.0 0.0 0.0
1430528359.93
565.8 0.0 20.0 1.0 0.0 0.0 0.0
1430528359.97
565.9 0.0 20.0 1.0 0.0 0.0 0.0
1430528359.99
566.0 0.0 20.0 1.0 0.0 0.0 0.0
1430528360.03
566.1 0.0 20.0 1.0 0.0 0.0 0.0
1430528360.05
566.1 0.0 20.0 1.0 0.0 0.0 0.0
1430528360.09
566.2 0.0 20.0 1.0 0.0 0.0 0.0
1430528360.11
566.3 0.0 20.0 1.0 0.0 0.0 0.0
1430528360.15
566.4 0.0 20.0 1.0 0.0 0.0 0.0
1430528360.17
566.5 0.0 20.0 1.0 0.0 0.0 0.0
1430528360.21
566.6 0.0 20.0 1.0 0.0 0.0 0.0
1430528360.23
566.7 0.0 20.0 1.0 0.0 0.0 0.0
1430528360.27
566.8 0.0 20.0 1.0 0.0 0.0 0.0
1430528360.3
566.9 0.0 20.0 1.0 0.0 0.0 0.0
1430528360.33
567.0 0.0 20.0 1.0 0.0 0.0 0.0
1430528360.35
567.1 0.0 20.0 1.0 0.0 0.0 0.0
1430528360.39
567.1 0.0 20.0 1.0 0.0 0.0 0.0
1430528360.42
567.2 0.0 20.0 1.0 0.0 0.0 0.0
1430528360.45
567.3 0.0 20.0 1.0 0.0 0.0 0.0
1430528360.48
567.4 0.0 20.0 1.0 0.0 0.0 0.0
1430528360.51
567.5 0.0 20.0 1.0 0.0 0.0 0.0
1430528360.54
567.6 0.0 20.0 1.0 0.0 0.0 0.0
1430528360.57
567.7 0.0 20.0 1.0 0.0 0.0 0.0
1430528360.6
567.8 0.0 20.0 1.0 0.0 0.0 0.0
1430528360.63
567.9 0.0 20.0 1.0 0.0 0.0 0.0
1430528360.66
568.0 0.0 20.0 1.0 0.0 0.0 0.0
1430528360.69
568.1 0.0 20.0 1.0 0.0 0.0 0.0
1430528360.72
568.2 0.0 20.0 1.0 0.0 0.0 0.0
1430528360.75
568.2 0.0 20.0 1.0 0.0 0.0 0.0
1430528360.78
568.3 0.0 20.0 1.0 0.0 0.0 0.0
1430528360.82
568.4 0.0 20.0 1.0 0.0 0.0 0.0
1430528360.84
568.5 0.0 20.0 1.0 0.0 0.0 0.0
1430528360.88
568.6 0.0 20.0 1.0 0.0 0.0 0.0
1430528360.9
568.7 0.0 20.0 1.0 0.0 0.0 0.0
1430528360.93
568.8 0.0 20.0 1.0 0.0 0.0 0.0
1430528360.96
568.9 0.0 20.0 1.0 0.0 0.0 0.0
1430528360.99
568.9 0.0 20.0 1.0 0.0 0.0 0.0
1430528361.02
569.0 0.0 20.0 1.0 0.0 0.0 0.0
1430528361.05
569.1 0.0 20.0 1.0 0.0 0.0 0.0
1430528361.08
569.2 0.0 20.0 1.0 0.0 0.0 0.0
1430528361.11
569.3 0.0 20.0 1.0 0.0 0.0 0.0
1430528361.14
569.4 0.0 20.0 1.0 0.0 0.0 0.0
1430528361.18
569.5 0.0 20.0 1.0 0.0 0.0 0.0
1430528361.21
569.6 0.0 20.0 1.0 0.0 0.0 0.0
1430528361.24
569.7 0.0 20.0 1.0 0.0 0.0 0.0
1430528361.27
569.8 0.0 20.0 1.0 0.0 0.0 0.0
1430528361.3
569.9 0.0 20.0 1.0 0.0 0.0 0.0
1430528361.33
570.0 0.0 20.0 1.0 0.0 0.0 0.0
1430528361.36
570.0 0.0 20.0 1.0 0.0 0.0 0.0
1430528361.38
570.1 0.0 20.0 1.0 0.0 0.0 0.0
1430528361.42
570.2 0.0 20.0 1.0 0.0 0.0 0.0
1430528361.44
570.3 0.0 20.0 1.0 0.0 0.0 0.0
1430528361.47
570.4 0.0 20.0 1.0 0.0 0.0 0.0
1430528361.51
570.5 0.0 20.0 1.0 0.0 0.0 0.0
1430528361.53
570.6 0.0 20.0 1.0 0.0 0.0 0.0
1430528361.57
570.7 0.0 20.0 1.0 0.0 0.0 0.0
1430528361.59
570.8 0.0 20.0 1.0 0.0 0.0 0.0
1430528361.62
570.8 0.0 20.0 1.0 0.0 0.0 0.0
1430528361.66
570.9 0.0 20.0 1.0 0.0 0.0 0.0
1430528361.68
571.0 0.0 20.0 1.0 0.0 0.0 0.0
1430528361.71
571.1 0.0 20.0 1.0 0.0 0.0 0.0
1430528361.74
571.2 0.0 20.0 1.0 0.0 0.0 0.0
1430528361.77
571.3 0.0 20.0 1.0 0.0 0.0 0.0
1430528361.8
571.4 0.0 20.0 1.0 0.0 0.0 0.0
1430528361.83
571.5 0.0 20.0 1.0 0.0 0.0 0.0
1430528361.86
571.6 0.0 20.0 1.0 0.0 0.0 0.0
1430528361.89
571.7 0.0 20.0 1.0 0.0 0.0 0.0
1430528361.92
571.7 0.0 20.0 1.0 0.0 0.0 0.0
1430528361.95
571.8 0.0 20.0 1.0 0.0 0.0 0.0
1430528361.98
571.9 0.0 20.0 1.0 0.0 0.0 0.0
1430528362.01
572.0 0.0 20.0 1.0 0.0 0.0 0.0
1430528362.04
572.1 0.0 20.0 1.0 0.0 0.0 0.0
1430528362.07
572.2 0.0 20.0 1.0 0.0 0.0 0.0
1430528362.1
572.3 0.0 20.0 1.0 0.0 0.0 0.0
1430528362.13
572.4 0.0 20.0 1.0 0.0 0.0 0.0
1430528362.16
572.5 0.0 20.0 1.0 0.0 0.0 0.0
1430528362.19
572.6 0.0 20.0 1.0 0.0 0.0 0.0
1430528362.22
572.7 0.0 20.0 1.0 0.0 0.0 0.0
1430528362.25
572.7 0.0 20.0 1.0 0.0 0.0 0.0
1430528362.28
572.8 0.0 20.0 1.0 0.0 0.0 0.0
1430528362.31
572.9 0.0 20.0 1.0 0.0 0.0 0.0
1430528362.34
573.0 0.0 20.0 1.0 0.0 0.0 0.0
1430528362.37
573.1 0.0 20.0 1.0 0.0 0.0 0.0
1430528362.4
573.2 0.0 20.0 1.0 0.0 0.0 0.0
1430528362.44
573.3 0.0 20.0 1.0 0.0 0.0 0.0
1430528362.47
573.4 0.0 20.0 1.0 0.0 0.0 0.0
1430528362.5
573.5 0.0 20.0 1.0 0.0 0.0 0.0
1430528362.53
573.6 0.0 20.0 1.0 0.0 0.0 0.0
1430528362.56
573.7 0.0 20.0 1.0 0.0 0.0 0.0
1430528362.59
573.8 0.0 20.0 1.0 0.0 0.0 0.0
1430528362.62
573.8 0.0 20.0 1.0 0.0 0.0 0.0
1430528362.65
573.9 0.0 20.0 1.0 0.0 0.0 0.0
1430528362.68
574.0 0.0 20.0 1.0 0.0 0.0 0.0
1430528362.71
574.1 0.0 20.0 1.0 0.0 0.0 0.0
1430528362.74
574.2 0.0 20.0 1.0 0.0 0.0 0.0
1430528362.77
574.3 0.0 20.0 1.0 0.0 0.0 0.0
1430528362.8
574.4 0.0 20.0 1.0 0.0 0.0 0.0
1430528362.83
574.5 0.0 20.0 1.0 0.0 0.0 0.0
1430528362.86
574.6 0.0 20.0 1.0 0.0 0.0 0.0
1430528362.89
574.7 0.0 20.0 1.0 0.0 0.0 0.0
1430528362.92
574.7 0.0 20.0 1.0 0.0 0.0 0.0
1430528362.95
574.8 0.0 20.0 1.0 0.0 0.0 0.0
1430528362.98
574.9 0.0 20.0 1.0 0.0 0.0 0.0
1430528363.01
575.0 0.0 20.0 1.0 0.0 0.0 0.0
1430528363.04
575.1 0.0 20.0 1.0 0.0 0.0 0.0
1430528363.07
575.2 0.0 20.0 1.0 0.0 0.0 0.0
1430528363.1
575.3 0.0 20.0 1.0 0.0 0.0 0.0
1430528363.13
575.4 0.0 20.0 1.0 0.0 0.0 0.0
1430528363.16
575.5 0.0 20.0 1.0 0.0 0.0 0.0
1430528363.19
575.6 0.0 20.0 1.0 0.0 0.0 0.0
1430528363.22
575.6 0.0 20.0 1.0 0.0 0.0 0.0
1430528363.25
575.7 0.0 20.0 1.0 0.0 0.0 0.0
1430528363.28
575.8 0.0 20.0 1.0 0.0 0.0 0.0
1430528363.31
575.9 0.0 20.0 1.0 0.0 0.0 0.0
1430528363.35
576.0 0.0 20.0 1.0 0.0 0.0 0.0
1430528363.37
576.1 0.0 20.0 1.0 0.0 0.0 0.0
1430528363.4
576.2 0.0 20.0 1.0 0.0 0.0 0.0
1430528363.43
576.3 0.0 20.0 1.0 0.0 0.0 0.0
1430528363.47
576.4 0.0 20.0 1.0 0.0 0.0 0.0
1430528363.49
576.5 0.0 20.0 1.0 0.0 0.0 0.0
1430528363.53
576.5 0.0 20.0 1.0 0.0 0.0 0.0
1430528363.55
576.6 0.0 20.0 1.0 0.0 0.0 0.0
1430528363.59
576.7 0.0 20.0 1.0 0.0 0.0 0.0
1430528363.62
576.8 0.0 20.0 1.0 0.0 0.0 0.0
1430528363.65
576.9 0.0 20.0 1.0 0.0 0.0 0.0
1430528363.67
577.0 0.0 20.0 1.0 0.0 0.0 0.0
1430528363.71
577.1 0.0 20.0 1.0 0.0 0.0 0.0
1430528363.73
577.2 0.0 20.0 1.0 0.0 0.0 0.0
1430528363.77
577.3 0.0 20.0 1.0 0.0 0.0 0.0
1430528363.79
577.4 0.0 20.0 1.0 0.0 0.0 0.0
1430528363.83
577.5 0.0 20.0 1.0 0.0 0.0 0.0
1430528363.85
577.5 0.0 20.0 1.0 0.0 0.0 0.0
1430528363.89
577.6 0.0 20.0 1.0 0.0 0.0 0.0
1430528363.91
577.7 0.0 20.0 1.0 0.0 0.0 0.0
1430528363.95
577.8 0.0 20.0 1.0 0.0 0.0 0.0
1430528363.97
577.9 0.0 20.0 1.0 0.0 0.0 0.0
1430528364.01
578.0 0.0 20.0 1.0 0.0 0.0 0.0
1430528364.03
578.1 0.0 20.0 1.0 0.0 0.0 0.0
1430528364.07
578.2 0.0 20.0 1.0 0.0 0.0 0.0
1430528364.09
578.3 0.0 20.0 1.0 0.0 0.0 0.0
1430528364.12
578.4 0.0 20.0 1.0 0.0 0.0 0.0
1430528364.15
578.4 0.0 20.0 1.0 0.0 0.0 0.0
1430528364.18
578.5 0.0 20.0 1.0 0.0 0.0 0.0
1430528364.21
578.6 0.0 20.0 1.0 0.0 0.0 0.0
1430528364.24
578.7 0.0 20.0 1.0 0.0 0.0 0.0
1430528364.27
578.8 0.0 20.0 1.0 0.0 0.0 0.0
1430528364.3
578.9 0.0 20.0 1.0 0.0 0.0 0.0
1430528364.33
579.0 0.0 20.0 1.0 0.0 0.0 0.0
1430528364.36
579.1 0.0 20.0 1.0 0.0 0.0 0.0
1430528364.39
579.2 0.0 20.0 1.0 0.0 0.0 0.0
1430528364.42
579.2 0.0 20.0 1.0 0.0 0.0 0.0
1430528364.45
579.3 0.0 20.0 1.0 0.0 0.0 0.0
1430528364.48
579.4 0.0 20.0 1.0 0.0 0.0 0.0
1430528364.51
579.5 0.0 20.0 1.0 0.0 0.0 0.0
1430528364.54
579.6 0.0 20.0 1.0 0.0 0.0 0.0
1430528364.57
579.7 0.0 20.0 1.0 0.0 0.0 0.0
1430528364.6
579.8 0.0 20.0 1.0 0.0 0.0 0.0
1430528364.63
579.9 0.0 20.0 1.0 0.0 0.0 0.0
1430528364.66
579.9 0.0 20.0 1.0 0.0 0.0 0.0
1430528364.69
580.0 0.0 20.0 1.0 0.0 0.0 0.0
1430528364.72
580.0 0.0 20.0 1.0 0.0 0.0 0.0
1430528364.75
580.0 0.0 20.0 1.0 0.0 0.0 0.0
1430528364.78
580.0 0.0 20.0 1.0 0.0 0.0 0.0
1430528364.81
580.0 0.0 20.0 1.0 0.0 0.0 0.0
1430528364.84
580.0 0.0 20.0 1.0 0.0 0.0 0.0
1430528364.87
580.0 0.0 20.0 1.0 0.0 0.0 0.0
1430528364.9
580.0 0.0 20.0 1.0 0.0 0.0 0.0
1430528364.93
580.0 0.0 20.0 1.0 0.0 0.0 0.0
1430528364.96
580.0 0.0 20.0 1.0 0.0 0.0 0.0
1430528364.99
580.0 0.0 20.0 1.0 0.0 0.0 0.0
1430528365.02
580.0 0.0 20.0 1.0 0.0 0.0 0.0
1430528365.05
580.0 0.0 20.0 1.0 0.0 0.0 0.0
1430528365.08
580.0 0.0 20.0 1.0 0.0 0.0 0.0
1430528365.11
580.0 0.0 20.0 1.0 0.0 0.0 0.0
1430528365.14
580.0 0.0 20.0 1.0 0.0 0.0 0.0
1430528365.17
580.0 0.0 20.0 1.0 0.0 0.0 0.0
1430528365.2
580.0 0.0 20.0 1.0 0.0 0.0 0.0
1430528365.23
580.0 0.0 20.0 1.0 0.0 0.0 0.0
1430528365.26
580.0 0.0 20.0 1.0 0.0 0.0 0.0
1430528365.29
580.0 0.0 20.0 1.0 0.0 0.0 0.0
1430528365.32
580.0 0.0 20.0 1.0 0.0 0.0 0.0
1430528365.35
580.0 0.0 20.0 1.0 0.0 0.0 0.0
1430528365.38
580.0 0.0 20.0 1.0 0.0 0.0 0.0
1430528365.41
580.0 0.0 20.0 1.0 0.0 0.0 0.0
1430528365.44
580.0 0.0 20.0 1.0 0.0 0.0 0.0
1430528365.47
580.0 0.0 20.0 1.0 0.0 0.0 0.0
1430528365.5
580.0 0.0 20.0 1.0 0.0 0.0 0.0
1430528365.53
580.0 0.0 20.0 1.0 0.0 0.0 0.0
1430528365.56
580.0 0.0 20.0 1.0 0.0 0.0 0.0
1430528365.59
580.0 0.0 20.0 1.0 0.0 0.0 0.0
1430528365.62
580.0 0.0 20.0 1.0 0.0 0.0 0.0
1430528365.65
580.0 0.0 20.0 1.0 0.0 0.0 0.0
1430528365.68
580.0 0.0 20.0 1.0 0.0 0.0 0.0
1430528365.71
580.0 0.0 20.0 1.0 0.0 0.0 0.0
1430528365.74
580.0 0.0 20.0 1.0 0.0 0.0 0.0
1430528365.77
580.0 0.0 20.0 1.0 0.0 0.0 0.0
1430528365.8
580.0 0.0 20.0 1.0 0.0 0.0 0.0
1430528365.83
580.0 0.0 20.0 1.0 0.0 0.0 0.0
1430528365.86
580.0 0.0 20.0 1.0 0.0 0.0 0.0
1430528365.89
580.0 0.0 20.0 1.0 0.0 0.0 0.0
1430528365.92
580.0 0.0 20.0 1.0 0.0 0.0 0.0
1430528365.95
580.0 0.0 20.0 1.0 0.0 0.0 0.0
1430528365.98
580.0 0.0 20.0 1.0 0.0 0.0 0.0
1430528366.01
580.0 0.0 20.0 1.0 0.0 0.0 0.0
1430528366.04
580.0 0.0 20.0 1.0 0.0 0.0 0.0
1430528366.07
580.0 0.0 20.0 1.0 0.0 0.0 0.0
1430528366.1
580.0 0.0 20.0 1.0 0.0 0.0 0.0
1430528366.13
580.0 0.0 20.0 1.0 0.0 0.0 0.0
1430528366.16
580.0 0.0 20.0 1.0 0.0 0.0 0.0
1430528366.19
580.0 0.0 20.0 1.0 0.0 0.0 0.0
1430528366.22
580.0 0.0 20.0 1.0 0.0 0.0 0.0
1430528366.25
580.0 0.0 20.0 1.0 0.0 0.0 0.0
1430528366.28
580.0 0.0 20.0 1.0 0.0 0.0 0.0
1430528366.31
580.0 0.0 20.0 1.0 0.0 0.0 0.0
1430528366.34
580.0 0.0 20.0 1.0 0.0 0.0 0.0
1430528366.37
580.0 0.0 20.0 1.0 0.0 0.0 0.0
1430528366.4
580.0 0.0 20.0 1.0 0.0 0.0 0.0
1430528366.42
580.0 0.0 20.0 1.0 0.0 0.0 0.0
1430528366.46
580.0 0.0 20.0 1.0 0.0 0.0 0.0
1430528366.48
580.0 0.0 20.0 1.0 0.0 0.0 0.0
1430528366.52
580.0 0.0 20.0 1.0 0.0 0.0 0.0
1430528366.54
580.0 0.0 20.0 1.0 0.0 0.0 0.0
1430528366.58
580.0 0.0 20.0 1.0 0.0 0.0 0.0
1430528366.61
580.0 0.0 20.0 1.0 0.0 0.0 0.0
1430528366.63
580.0 0.0 20.0 1.0 0.0 0.0 0.0
1430528366.66
580.0 0.0 20.0 1.0 0.0 0.0 0.0
1430528366.7
580.0 0.0 20.0 1.0 0.0 0.0 0.0
1430528366.73
580.0 0.0 20.0 1.0 0.0 0.0 0.0
1430528366.76
580.0 0.0 20.0 1.0 0.0 0.0 0.0
1430528366.79
580.0 0.0 20.0 1.0 0.0 0.0 0.0
1430528366.81
580.0 0.0 20.0 1.0 0.0 0.0 0.0
1430528366.84
580.0 0.0 20.0 1.0 0.0 0.0 0.0
1430528366.88
580.0 0.0 20.0 1.0 0.0 0.0 0.0
1430528366.9
580.0 0.0 20.0 1.0 0.0 0.0 0.0
1430528366.93
580.0 0.0 20.0 1.0 0.0 0.0 0.0
1430528366.96
580.0 0.0 20.0 1.0 0.0 0.0 0.0
1430528367.0
580.0 0.0 20.0 1.0 0.0 0.0 0.0
1430528367.03
580.0 0.0 20.0 1.0 0.0 0.0 0.0
1430528367.05
580.0 0.0 20.0 1.0 0.0 0.0 0.0
1430528367.08
580.0 0.0 20.0 1.0 0.0 0.0 0.0
1430528367.11
580.0 0.0 20.0 1.0 0.0 0.0 0.0
1430528367.14
580.0 0.0 20.0 1.0 0.0 0.0 0.0
1430528367.18
580.0 0.0 20.0 1.0 0.0 0.0 0.0
1430528367.21
580.0 0.0 20.0 1.0 0.0 0.0 0.0
1430528367.24
580.0 0.0 20.0 1.0 0.0 0.0 0.0
1430528367.26
580.0 0.0 20.0 1.0 0.0 0.0 0.0
1430528367.29
580.0 0.0 20.0 1.0 0.0 0.0 0.0
1430528367.33
580.0 0.0 20.0 1.0 0.0 0.0 0.0
1430528367.35
580.0 0.0 20.0 1.0 0.0 0.0 0.0
1430528367.38
580.0 0.0 20.0 1.0 0.0 0.0 0.0
1430528367.41
580.0 0.0 20.0 1.0 0.0 0.0 0.0
1430528367.44
580.0 0.0 20.0 1.0 0.0 0.0 0.0
1430528367.47
580.0 0.0 20.0 1.0 0.0 0.0 0.0
1430528367.51
580.0 0.0 20.0 1.0 0.0 0.0 0.0
1430528367.53
580.0 0.0 20.0 1.0 0.0 0.0 0.0
1430528367.57
580.0 0.0 20.0 1.0 0.0 0.0 0.0
1430528367.59
580.0 0.0 20.0 1.0 0.0 0.0 0.0
1430528367.62
580.0 0.0 20.0 1.0 0.0 0.0 0.0
1430528367.65
580.0 0.0 20.0 1.0 0.0 0.0 0.0
1430528367.68
580.0 0.0 20.0 1.0 0.0 0.0 0.0
1430528367.71
580.0 0.0 20.0 1.0 0.0 0.0 0.0
1430528367.74
580.0 0.0 20.0 1.0 0.0 0.0 0.0
1430528367.77
580.0 0.0 20.0 1.0 0.0 0.0 0.0
1430528367.81
580.0 0.0 20.0 1.0 0.0 0.0 0.0
1430528367.84
580.0 0.0 20.0 1.0 0.0 0.0 0.0
1430528367.86
580.0 0.0 20.0 1.0 0.0 0.0 0.0
1430528367.89
580.0 0.0 20.0 1.0 0.0 0.0 0.0
1430528367.93
580.0 0.0 20.0 1.0 0.0 0.0 0.0
1430528367.95
580.0 0.0 20.0 1.0 0.0 0.0 0.0
1430528367.99
580.0 0.0 20.0 1.0 0.0 0.0 0.0
1430528368.02
580.0 0.0 20.0 1.0 0.0 0.0 0.0
1430528368.04
580.0 0.0 20.0 1.0 0.0 0.0 0.0
1430528368.08
580.0 0.0 20.0 1.0 0.0 0.0 0.0
1430528368.1
580.0 0.0 20.0 1.0 0.0 0.0 0.0
1430528368.14
580.0 0.0 20.0 1.0 0.0 0.0 0.0
1430528368.17
580.0 0.0 20.0 1.0 0.0 0.0 0.0
1430528368.2
580.0 0.0 20.0 1.0 0.0 0.0 0.0
1430528368.23
580.0 0.0 20.0 1.0 0.0 0.0 0.0
1430528368.26
580.0 0.0 20.0 1.0 0.0 0.0 0.0
1430528368.29
580.0 0.0 20.0 1.0 0.0 0.0 0.0
1430528368.32
580.0 0.0 20.0 1.0 0.0 0.0 0.0
1430528368.34
580.0 0.0 20.0 1.0 0.0 0.0 0.0
1430528368.38
580.0 0.0 20.0 1.0 0.0 0.0 0.0
1430528368.41
580.0 0.0 20.0 1.0 0.0 0.0 0.0
1430528368.44
580.0 0.0 20.0 1.0 0.0 0.0 0.0
1430528368.46
580.0 0.0 20.0 1.0 0.0 0.0 0.0
1430528368.5
580.0 0.0 20.0 1.0 0.0 0.0 0.0
1430528368.53
580.0 0.0 20.0 1.0 0.0 0.0 0.0
1430528368.56
580.0 0.0 20.0 1.0 0.0 0.0 0.0
1430528368.59
580.0 0.0 20.0 1.0 0.0 0.0 0.0
1430528368.62
580.0 0.0 20.0 1.0 0.0 0.0 0.0
1430528368.65
580.0 0.0 20.0 1.0 0.0 0.0 0.0
1430528368.67
580.0 0.0 20.0 1.0 0.0 0.0 0.0
1430528368.7
580.0 0.0 20.0 1.0 0.0 0.0 0.0
1430528368.74
580.0 0.0 20.0 1.0 0.0 0.0 0.0
1430528368.76
580.0 0.0 20.0 1.0 0.0 0.0 0.0
1430528368.79
580.0 0.0 20.0 1.0 0.0 0.0 0.0
1430528368.83
580.0 0.0 20.0 1.0 0.0 0.0 0.0
1430528368.86
580.0 0.0 20.0 1.0 0.0 0.0 0.0
1430528368.88
580.0 0.0 20.0 1.0 0.0 0.0 0.0
1430528368.92
580.0 0.0 20.0 1.0 0.0 0.0 0.0
1430528368.94
580.0 0.0 20.0 1.0 0.0 0.0 0.0
1430528368.97
580.0 0.0 20.0 1.0 0.0 0.0 0.0
1430528369.0
580.0 0.0 20.0 1.0 0.0 0.0 0.0
1430528369.04
580.0 0.0 20.0 1.0 0.0 0.0 0.0
1430528369.06
580.0 0.0 20.0 1.0 0.0 0.0 0.0
1430528369.1
580.0 0.0 20.0 1.0 0.0 0.0 0.0
1430528369.12
580.0 0.0 20.0 1.0 0.0 0.0 0.0
1430528369.15
580.0 0.0 20.0 1.0 0.0 0.0 0.0
1430528369.18
580.0 0.0 20.0 1.0 0.0 0.0 0.0
1430528369.21
580.0 0.0 20.0 1.0 0.0 0.0 0.0
1430528369.24
580.0 0.0 20.0 1.0 0.0 0.0 0.0
1430528369.27
580.0 0.0 20.0 1.0 0.0 0.0 0.0
1430528369.3
580.0 0.0 20.0 1.0 0.0 0.0 0.0
1430528369.33
580.0 0.0 20.0 1.0 0.0 0.0 0.0
1430528369.36
580.0 0.0 20.0 1.0 0.0 0.0 0.0
1430528369.39
580.0 0.0 20.0 1.0 0.0 0.0 0.0
1430528369.42
580.0 0.0 20.0 1.0 0.0 0.0 0.0
1430528369.45
580.0 0.0 20.0 1.0 0.0 0.0 0.0
1430528369.48
580.0 0.0 20.0 1.0 0.0 0.0 0.0
1430528369.51
580.0 0.0 20.0 1.0 0.0 0.0 0.0
1430528369.54
580.0 0.0 20.0 1.0 0.0 0.0 0.0
1430528369.57
580.0 0.0 20.0 1.0 0.0 0.0 0.0
1430528369.6
580.0 0.0 20.0 1.0 0.0 0.0 0.0
1430528369.63
580.0 0.0 20.0 1.0 0.0 0.0 0.0
1430528369.66
580.0 0.0 20.0 1.0 0.0 0.0 0.0
1430528369.69
580.0 0.0 20.0 1.0 0.0 0.0 0.0
1430528369.72
580.0 0.0 20.0 1.0 0.0 0.0 0.0
1430528369.75
580.0 0.0 20.0 1.0 0.0 0.0 0.0
1430528369.78
580.0 0.0 20.0 1.0 0.0 0.0 0.0
1430528369.81
580.0 0.0 20.0 1.0 0.0 0.0 0.0
1430528369.84
580.0 0.0 20.0 1.0 0.0 0.0 0.0
1430528369.87
580.0 0.0 20.0 1.0 0.0 0.0 0.0
1430528369.9
580.0 0.0 20.0 1.0 0.0 0.0 0.0
1430528369.93
580.0 0.0 20.0 1.0 0.0 0.0 0.0
