1430529268.08
500.0 0.0 20.0 1.0 0.0 0.0 0.0
1430529268.11
500.0 0.0 20.0 1.0 0.0 0.0 0.0
1430529268.14
500.0 0.0 20.0 1.0 0.0 0.0 0.0
1430529268.17
500.0 0.0 20.0 1.0 0.0 0.0 0.0
1430529268.19
500.0 0.0 20.0 1.0 0.0 0.0 0.0
1430529268.23
500.0 0.0 20.0 1.0 0.0 0.0 0.0
1430529268.26
500.0 0.0 20.0 1.0 0.0 0.0 0.0
1430529268.29
500.0 0.0 20.0 1.0 0.0 0.0 0.0
1430529268.32
500.0 0.0 20.0 1.0 0.0 0.0 0.0
1430529268.35
500.0 0.0 20.0 1.0 0.0 0.0 0.0
1430529268.38
500.0 0.0 20.0 1.0 0.0 0.0 0.0
1430529268.41
500.0 0.0 20.0 1.0 0.0 0.0 0.0
1430529268.44
500.0 0.0 20.0 1.0 0.0 0.0 0.0
1430529268.47
500.0 0.0 20.0 1.0 0.0 0.0 0.0
1430529268.5
500.0 0.0 20.0 1.0 0.0 0.0 0.0
1430529268.53
500.0 0.0 20.0 1.0 0.0 0.0 0.0
1430529268.55
500.0 0.0 20.0 1.0 0.0 0.0 0.0
1430529268.59
500.0 0.0 20.0 1.0 0.0 0.0 0.0
1430529268.62
500.0 0.0 20.0 1.0 0.0 0.0 0.0
1430529268.65
500.0 0.0 20.0 1.0 0.0 0.0 0.0
1430529268.67
500.0 0.0 20.0 1.0 0.0 0.0 0.0
1430529268.71
500.0 0.0 20.0 1.0 0.0 0.0 0.0
1430529268.74
500.0 0.0 20.0 1.0 0.0 0.0 0.0
1430529268.77
500.0 0.0 20.0 1.0 0.0 0.0 0.0
1430529268.8
500.0 0.0 20.0 1.0 0.0 0.0 0.0
1430529268.83
500.0 0.0 20.0 1.0 0.0 0.0 0.0
1430529268.85
500.0 0.0 20.0 1.0 0.0 0.0 0.0
1430529268.89
500.0 0.0 20.0 1.0 0.0 0.0 0.0
1430529268.91
500.0 0.0 20.0 1.0 0.0 0.0 0.0
1430529268.95
500.0 0.0 20.0 1.0 0.0 0.0 0.0
1430529268.97
500.0 0.0 20.0 1.0 0.0 0.0 0.0
1430529269.01
500.0 0.0 20.0 1.0 0.0 0.0 0.0
1430529269.04
500.0 0.0 20.0 1.0 0.0 0.0 0.0
1430529269.07
500.0 0.0 20.0 1.0 0.0 0.0 0.0
1430529269.1
500.0 0.0 20.0 1.0 0.0 0.0 0.0
1430529269.13
500.0 0.0 20.0 1.0 0.0 0.0 0.0
1430529269.16
500.0 0.0 20.0 1.0 0.0 0.0 0.0
1430529269.19
500.0 0.0 20.0 1.0 0.0 0.0 0.0
1430529269.22
500.0 0.0 20.0 1.0 0.0 0.0 0.0
1430529269.25
500.0 0.0 20.0 1.0 0.0 0.0 0.0
1430529269.28
500.0 0.0 20.0 1.0 0.0 0.0 0.0
1430529269.31
500.0 0.0 20.0 1.0 0.0 0.0 0.0
1430529269.34
500.0 0.0 20.0 1.0 0.0 0.0 0.0
1430529269.37
500.0 0.0 20.0 1.0 0.0 0.0 0.0
1430529269.4
500.0 0.0 20.0 1.0 0.0 0.0 0.0
1430529269.43
500.0 0.0 20.0 1.0 0.0 0.0 0.0
1430529269.46
500.0 0.0 20.0 1.0 0.0 0.0 0.0
1430529269.49
500.0 0.0 20.0 1.0 0.0 0.0 0.0
1430529269.52
500.0 0.0 20.0 1.0 0.0 0.0 0.0
1430529269.55
500.0 0.0 20.0 1.0 0.0 0.0 0.0
1430529269.58
500.0 0.0 20.0 1.0 0.0 0.0 0.0
1430529269.61
500.0 0.0 20.0 1.0 0.0 0.0 0.0
1430529269.64
500.0 0.0 20.0 1.0 0.0 0.0 0.0
1430529269.67
500.0 0.0 20.0 1.0 0.0 0.0 0.0
1430529269.7
500.0 0.0 20.0 1.0 0.0 0.0 0.0
1430529269.73
500.0 0.0 20.0 1.0 0.0 0.0 0.0
1430529269.76
500.0 0.0 20.0 1.0 0.0 0.0 0.0
1430529269.79
500.0 0.0 20.0 1.0 0.0 0.0 0.0
1430529269.82
500.0 0.0 20.0 1.0 0.0 0.0 0.0
1430529269.85
500.0 0.0 20.0 1.0 0.0 0.0 0.0
1430529269.88
500.0 0.0 20.0 1.0 0.0 0.0 0.0
1430529269.91
500.0 0.0 20.0 1.0 0.0 0.0 0.0
1430529269.94
500.0 0.0 20.0 1.0 0.0 0.0 0.0
1430529269.97
500.0 0.0 20.0 1.0 0.0 0.0 0.0
1430529270.0
500.0 0.0 20.0 1.0 0.0 0.0 0.0
1430529270.03
500.0 0.0 20.0 1.0 0.0 0.0 0.0
1430529270.06
500.0 0.0 20.0 1.0 0.0 0.0 0.0
1430529270.09
500.0 0.0 20.0 1.0 0.0 0.0 0.0
1430529270.12
500.0 0.0 20.0 1.0 0.0 0.0 0.0
1430529270.15
500.0 0.0 20.0 1.0 0.0 0.0 0.0
1430529270.18
500.0 0.0 20.0 1.0 0.0 0.0 0.0
1430529270.21
500.0 0.0 20.0 1.0 0.0 0.0 0.0
1430529270.24
500.0 0.0 20.0 1.0 0.0 0.0 0.0
1430529270.27
500.0 0.0 20.0 1.0 0.0 0.0 0.0
1430529270.3
500.0 0.0 20.0 1.0 0.0 0.0 0.0
1430529270.33
500.0 0.0 20.0 1.0 0.0 0.0 0.0
1430529270.36
500.0 0.0 20.0 1.0 0.0 0.0 0.0
1430529270.39
500.0 0.0 20.0 1.0 0.0 0.0 0.0
1430529270.77
500.0 0.0 20.0 1.0 0.0 0.0 0.0
1430529270.8
500.0 0.0 20.0 1.0 0.0 0.0 0.0
1430529270.83
500.0 0.0 20.0 1.0 0.0 0.0 0.0
1430529270.86
500.0 0.0 20.0 1.0 0.0 0.0 0.0
1430529270.89
500.1 0.0 20.0 1.0 0.0 0.0 0.0
1430529270.92
500.2 0.0 20.0 1.0 0.0 0.0 0.0
1430529270.95
500.3 0.0 20.0 1.0 0.0 0.0 0.0
1430529270.98
500.4 0.0 20.0 1.0 0.0 0.0 0.0
1430529271.01
500.5 0.0 20.0 1.0 0.0 0.0 0.0
1430529271.04
500.6 0.0 20.0 1.0 0.0 0.0 0.0
1430529271.07
500.7 0.0 20.0 1.0 0.0 0.0 0.0
1430529271.1
500.7 0.0 20.0 1.0 0.0 0.0 0.0
1430529271.13
500.8 0.0 20.0 1.0 0.0 0.0 0.0
1430529271.16
500.9 0.0 20.0 1.0 0.0 0.0 0.0
1430529271.19
501.0 0.0 20.0 1.0 0.0 0.0 0.0
1430529271.23
501.1 0.0 20.0 1.0 0.0 0.0 0.0
1430529271.26
501.2 0.0 20.0 1.0 0.0 0.0 0.0
1430529271.29
501.3 0.0 20.0 1.0 0.0 0.0 0.0
1430529271.32
501.4 0.0 20.0 1.0 0.0 0.0 0.0
1430529271.35
501.5 0.0 20.0 1.0 0.0 0.0 0.0
1430529271.38
501.6 0.0 20.0 1.0 0.0 0.0 0.0
1430529271.41
501.6 0.0 20.0 1.0 0.0 0.0 0.0
1430529271.44
501.7 0.0 20.0 1.0 0.0 0.0 0.0
1430529271.47
501.8 0.0 20.0 1.0 0.0 0.0 0.0
1430529271.5
501.9 0.0 20.0 1.0 0.0 0.0 0.0
1430529271.53
502.0 0.0 20.0 1.0 0.0 0.0 0.0
1430529271.56
502.1 0.0 20.0 1.0 0.0 0.0 0.0
1430529271.59
502.2 0.0 20.0 1.0 0.0 0.0 0.0
1430529271.62
502.3 0.0 20.0 1.0 0.0 0.0 0.0
1430529271.65
502.4 0.0 20.0 1.0 0.0 0.0 0.0
1430529271.68
502.5 0.0 20.0 1.0 0.0 0.0 0.0
1430529271.71
502.6 0.0 20.0 1.0 0.0 0.0 0.0
1430529271.74
502.6 0.0 20.0 1.0 0.0 0.0 0.0
1430529271.77
502.7 0.0 20.0 1.0 0.0 0.0 0.0
1430529271.8
502.8 0.0 20.0 1.0 0.0 0.0 0.0
1430529271.83
502.9 0.0 20.0 1.0 0.0 0.0 0.0
1430529271.86
503.0 0.0 20.0 1.0 0.0 0.0 0.0
1430529271.89
503.1 0.0 20.0 1.0 0.0 0.0 0.0
1430529271.92
503.2 0.0 20.0 1.0 0.0 0.0 0.0
1430529271.95
503.3 0.0 20.0 1.0 0.0 0.0 0.0
1430529271.98
503.4 0.0 20.0 1.0 0.0 0.0 0.0
1430529272.01
503.5 0.0 20.0 1.0 0.0 0.0 0.0
1430529272.04
503.6 0.0 20.0 1.0 0.0 0.0 0.0
1430529272.07
503.7 0.0 20.0 1.0 0.0 0.0 0.0
1430529272.1
503.7 0.0 20.0 1.0 0.0 0.0 0.0
1430529272.13
503.8 0.0 20.0 1.0 0.0 0.0 0.0
1430529272.16
503.9 0.0 20.0 1.0 0.0 0.0 0.0
1430529272.19
504.0 0.0 20.0 1.0 0.0 0.0 0.0
1430529272.22
504.1 0.0 20.0 1.0 0.0 0.0 0.0
1430529272.25
504.2 0.0 20.0 1.0 0.0 0.0 0.0
1430529272.28
504.3 0.0 20.0 1.0 0.0 0.0 0.0
1430529272.31
504.4 0.0 20.0 1.0 0.0 0.0 0.0
1430529272.34
504.4 0.0 20.0 1.0 0.0 0.0 0.0
1430529272.37
504.5 0.0 20.0 1.0 0.0 0.0 0.0
1430529272.4
504.6 0.0 20.0 1.0 0.0 0.0 0.0
1430529272.43
504.7 0.0 20.0 1.0 0.0 0.0 0.0
1430529272.46
504.8 0.0 20.0 1.0 0.0 0.0 0.0
1430529272.49
504.9 0.0 20.0 1.0 0.0 0.0 0.0
1430529272.52
505.0 0.0 20.0 1.0 0.0 0.0 0.0
1430529272.55
505.1 0.0 20.0 1.0 0.0 0.0 0.0
1430529272.59
505.2 0.0 20.0 1.0 0.0 0.0 0.0
1430529272.62
505.3 0.0 20.0 1.0 0.0 0.0 0.0
1430529272.64
505.4 0.0 20.0 1.0 0.0 0.0 0.0
1430529272.67
505.4 0.0 20.0 1.0 0.0 0.0 0.0
1430529272.7
505.5 0.0 20.0 1.0 0.0 0.0 0.0
1430529272.73
505.6 0.0 20.0 1.0 0.0 0.0 0.0
1430529272.76
505.7 0.0 20.0 1.0 0.0 0.0 0.0
1430529272.79
505.8 0.0 20.0 1.0 0.0 0.0 0.0
1430529272.82
505.9 0.0 20.0 1.0 0.0 0.0 0.0
1430529272.86
506.0 0.0 20.0 1.0 0.0 0.0 0.0
1430529272.88
506.1 0.0 20.0 1.0 0.0 0.0 0.0
1430529272.91
506.2 0.0 20.0 1.0 0.0 0.0 0.0
1430529272.94
506.3 0.0 20.0 1.0 0.0 0.0 0.0
1430529272.97
506.3 0.0 20.0 1.0 0.0 0.0 0.0
1430529273.0
506.4 0.0 20.0 1.0 0.0 0.0 0.0
1430529273.04
506.5 0.0 20.0 1.0 0.0 0.0 0.0
1430529273.06
506.6 0.0 20.0 1.0 0.0 0.0 0.0
1430529273.09
506.7 0.0 20.0 1.0 0.0 0.0 0.0
1430529273.13
506.8 0.0 20.0 1.0 0.0 0.0 0.0
1430529273.16
506.9 0.0 20.0 1.0 0.0 0.0 0.0
1430529273.19
507.0 0.0 20.0 1.0 0.0 0.0 0.0
1430529273.22
507.1 0.0 20.0 1.0 0.0 0.0 0.0
1430529273.24
507.2 0.0 20.0 1.0 0.0 0.0 0.0
1430529273.28
507.3 0.0 20.0 1.0 0.0 0.0 0.0
1430529273.3
507.4 0.0 20.0 1.0 0.0 0.0 0.0
1430529273.34
507.4 0.0 20.0 1.0 0.0 0.0 0.0
1430529273.36
507.5 0.0 20.0 1.0 0.0 0.0 0.0
1430529273.4
507.6 0.0 20.0 1.0 0.0 0.0 0.0
1430529273.43
507.7 0.0 20.0 1.0 0.0 0.0 0.0
1430529273.46
507.8 0.0 20.0 1.0 0.0 0.0 0.0
1430529273.48
507.9 0.0 20.0 1.0 0.0 0.0 0.0
1430529273.52
508.0 0.0 20.0 1.0 0.0 0.0 0.0
1430529273.55
508.1 0.0 20.0 1.0 0.0 0.0 0.0
1430529273.58
508.2 0.0 20.0 1.0 0.0 0.0 0.0
1430529273.61
508.3 0.0 20.0 1.0 0.0 0.0 0.0
1430529273.64
508.4 0.0 20.0 1.0 0.0 0.0 0.0
1430529273.67
508.4 0.0 20.0 1.0 0.0 0.0 0.0
1430529273.7
508.5 0.0 20.0 1.0 0.0 0.0 0.0
1430529273.73
508.6 0.0 20.0 1.0 0.0 0.0 0.0
1430529273.76
508.7 0.0 20.0 1.0 0.0 0.0 0.0
1430529273.79
508.8 0.0 20.0 1.0 0.0 0.0 0.0
1430529273.82
508.9 0.0 20.0 1.0 0.0 0.0 0.0
1430529273.85
509.0 0.0 20.0 1.0 0.0 0.0 0.0
1430529273.88
509.1 0.0 20.0 1.0 0.0 0.0 0.0
1430529273.9
509.2 0.0 20.0 1.0 0.0 0.0 0.0
1430529273.94
509.2 0.0 20.0 1.0 0.0 0.0 0.0
1430529273.97
509.3 0.0 20.0 1.0 0.0 0.0 0.0
1430529274.0
509.4 0.0 20.0 1.0 0.0 0.0 0.0
1430529274.03
509.5 0.0 20.0 1.0 0.0 0.0 0.0
1430529274.06
509.6 0.0 20.0 1.0 0.0 0.0 0.0
1430529274.09
509.7 0.0 20.0 1.0 0.0 0.0 0.0
1430529274.12
509.8 0.0 20.0 1.0 0.0 0.0 0.0
1430529274.15
509.9 0.0 20.0 1.0 0.0 0.0 0.0
1430529274.18
510.0 0.0 20.0 1.0 0.0 0.0 0.0
1430529274.2
510.1 0.0 20.0 1.0 0.0 0.0 0.0
1430529274.24
510.1 0.0 20.0 1.0 0.0 0.0 0.0
1430529274.27
510.2 0.0 20.0 1.0 0.0 0.0 0.0
1430529274.3
510.3 0.0 20.0 1.0 0.0 0.0 0.0
1430529274.33
510.4 0.0 20.0 1.0 0.0 0.0 0.0
1430529274.36
510.5 0.0 20.0 1.0 0.0 0.0 0.0
1430529274.39
510.6 0.0 20.0 1.0 0.0 0.0 0.0
1430529274.42
510.7 0.0 20.0 1.0 0.0 0.0 0.0
1430529274.44
510.8 0.0 20.0 1.0 0.0 0.0 0.0
1430529274.48
510.9 0.0 20.0 1.0 0.0 0.0 0.0
1430529274.51
511.0 0.0 20.0 1.0 0.0 0.0 0.0
1430529274.54
511.0 0.0 20.0 1.0 0.0 0.0 0.0
1430529274.56
511.1 0.0 20.0 1.0 0.0 0.0 0.0
1430529274.6
511.2 0.0 20.0 1.0 0.0 0.0 0.0
1430529274.63
511.3 0.0 20.0 1.0 0.0 0.0 0.0
1430529274.66
511.4 0.0 20.0 1.0 0.0 0.0 0.0
1430529274.69
511.5 0.0 20.0 1.0 0.0 0.0 0.0
1430529274.72
511.6 0.0 20.0 1.0 0.0 0.0 0.0
1430529274.75
511.7 0.0 20.0 1.0 0.0 0.0 0.0
1430529274.78
511.8 0.0 20.0 1.0 0.0 0.0 0.0
1430529274.81
511.9 0.0 20.0 1.0 0.0 0.0 0.0
1430529274.84
512.0 0.0 20.0 1.0 0.0 0.0 0.0
1430529274.87
512.1 0.0 20.0 1.0 0.0 0.0 0.0
1430529274.9
512.1 0.0 20.0 1.0 0.0 0.0 0.0
1430529274.93
512.2 0.0 20.0 1.0 0.0 0.0 0.0
1430529274.96
512.3 0.0 20.0 1.0 0.0 0.0 0.0
1430529274.99
512.4 0.0 20.0 1.0 0.0 0.0 0.0
1430529275.02
512.5 0.0 20.0 1.0 0.0 0.0 0.0
1430529275.05
512.6 0.0 20.0 1.0 0.0 0.0 0.0
1430529275.08
512.7 0.0 20.0 1.0 0.0 0.0 0.0
1430529275.11
512.8 0.0 20.0 1.0 0.0 0.0 0.0
1430529275.14
512.9 0.0 20.0 1.0 0.0 0.0 0.0
1430529275.17
513.0 0.0 20.0 1.0 0.0 0.0 0.0
1430529275.2
513.0 0.0 20.0 1.0 0.0 0.0 0.0
1430529275.23
513.1 0.0 20.0 1.0 0.0 0.0 0.0
1430529275.26
513.2 0.0 20.0 1.0 0.0 0.0 0.0
1430529275.29
513.3 0.0 20.0 1.0 0.0 0.0 0.0
1430529275.32
513.4 0.0 20.0 1.0 0.0 0.0 0.0
1430529275.35
513.5 0.0 20.0 1.0 0.0 0.0 0.0
1430529275.39
513.6 0.0 20.0 1.0 0.0 0.0 0.0
1430529275.41
513.7 0.0 20.0 1.0 0.0 0.0 0.0
1430529275.45
513.8 0.0 20.0 1.0 0.0 0.0 0.0
1430529275.47
513.9 0.0 20.0 1.0 0.0 0.0 0.0
1430529275.51
513.9 0.0 20.0 1.0 0.0 0.0 0.0
1430529275.53
514.0 0.0 20.0 1.0 0.0 0.0 0.0
1430529275.57
514.1 0.0 20.0 1.0 0.0 0.0 0.0
1430529275.59
514.2 0.0 20.0 1.0 0.0 0.0 0.0
1430529275.63
514.3 0.0 20.0 1.0 0.0 0.0 0.0
1430529275.65
514.4 0.0 20.0 1.0 0.0 0.0 0.0
1430529275.69
514.5 0.0 20.0 1.0 0.0 0.0 0.0
1430529275.71
514.6 0.0 20.0 1.0 0.0 0.0 0.0
1430529275.74
514.7 0.0 20.0 1.0 0.0 0.0 0.0
1430529275.77
514.8 0.0 20.0 1.0 0.0 0.0 0.0
1430529275.81
514.9 0.0 20.0 1.0 0.0 0.0 0.0
1430529275.83
514.9 0.0 20.0 1.0 0.0 0.0 0.0
1430529275.87
515.0 0.0 20.0 1.0 0.0 0.0 0.0
1430529275.9
515.1 0.0 20.0 1.0 0.0 0.0 0.0
1430529275.93
515.2 0.0 20.0 1.0 0.0 0.0 0.0
1430529275.96
515.3 0.0 20.0 1.0 0.0 0.0 0.0
1430529275.99
515.4 0.0 20.0 1.0 0.0 0.0 0.0
1430529276.02
515.5 0.0 20.0 1.0 0.0 0.0 0.0
1430529276.05
515.6 0.0 20.0 1.0 0.0 0.0 0.0
1430529276.08
515.7 0.0 20.0 1.0 0.0 0.0 0.0
1430529276.11
515.8 0.0 20.0 1.0 0.0 0.0 0.0
1430529276.14
515.9 0.0 20.0 1.0 0.0 0.0 0.0
1430529276.17
516.0 0.0 20.0 1.0 0.0 0.0 0.0
1430529276.2
516.0 0.0 20.0 1.0 0.0 0.0 0.0
1430529276.23
516.1 0.0 20.0 1.0 0.0 0.0 0.0
1430529276.26
516.2 0.0 20.0 1.0 0.0 0.0 0.0
1430529276.29
516.3 0.0 20.0 1.0 0.0 0.0 0.0
1430529276.32
516.4 0.0 20.0 1.0 0.0 0.0 0.0
1430529276.35
516.5 0.0 20.0 1.0 0.0 0.0 0.0
1430529276.38
516.6 0.0 20.0 1.0 0.0 0.0 0.0
1430529276.41
516.7 0.0 20.0 1.0 0.0 0.0 0.0
1430529276.44
516.8 0.0 20.0 1.0 0.0 0.0 0.0
1430529276.47
516.8 0.0 20.0 1.0 0.0 0.0 0.0
1430529276.5
517.0 0.0 20.0 1.0 0.0 0.0 0.0
1430529276.53
517.0 0.0 20.0 1.0 0.0 0.0 0.0
1430529276.56
517.1 0.0 20.0 1.0 0.0 0.0 0.0
1430529276.59
517.2 0.0 20.0 1.0 0.0 0.0 0.0
1430529276.62
517.3 0.0 20.0 1.0 0.0 0.0 0.0
1430529276.66
517.4 0.0 20.0 1.0 0.0 0.0 0.0
1430529276.68
517.5 0.0 20.0 1.0 0.0 0.0 0.0
1430529276.72
517.6 0.0 20.0 1.0 0.0 0.0 0.0
1430529276.74
517.7 0.0 20.0 1.0 0.0 0.0 0.0
1430529276.78
517.8 0.0 20.0 1.0 0.0 0.0 0.0
1430529276.8
517.9 0.0 20.0 1.0 0.0 0.0 0.0
1430529276.83
517.9 0.0 20.0 1.0 0.0 0.0 0.0
1430529276.86
518.0 0.0 20.0 1.0 0.0 0.0 0.0
1430529276.9
518.1 0.0 20.0 1.0 0.0 0.0 0.0
1430529276.92
518.2 0.0 20.0 1.0 0.0 0.0 0.0
1430529276.96
518.3 0.0 20.0 1.0 0.0 0.0 0.0
1430529276.98
518.4 0.0 20.0 1.0 0.0 0.0 0.0
1430529277.02
518.5 0.0 20.0 1.0 0.0 0.0 0.0
1430529277.04
518.6 0.0 20.0 1.0 0.0 0.0 0.0
1430529277.08
518.6 0.0 20.0 1.0 0.0 0.0 0.0
1430529277.11
518.7 0.0 20.0 1.0 0.0 0.0 0.0
1430529277.14
518.8 0.0 20.0 1.0 0.0 0.0 0.0
1430529277.17
518.9 0.0 20.0 1.0 0.0 0.0 0.0
1430529277.2
519.0 0.0 20.0 1.0 0.0 0.0 0.0
1430529277.23
519.1 0.0 20.0 1.0 0.0 0.0 0.0
1430529277.26
519.2 0.0 20.0 1.0 0.0 0.0 0.0
1430529277.29
519.3 0.0 20.0 1.0 0.0 0.0 0.0
1430529277.32
519.4 0.0 20.0 1.0 0.0 0.0 0.0
1430529277.35
519.5 0.0 20.0 1.0 0.0 0.0 0.0
1430529277.38
519.6 0.0 20.0 1.0 0.0 0.0 0.0
1430529277.41
519.7 0.0 20.0 1.0 0.0 0.0 0.0
1430529277.44
519.7 0.0 20.0 1.0 0.0 0.0 0.0
1430529277.47
519.8 0.0 20.0 1.0 0.0 0.0 0.0
1430529277.5
519.9 0.0 20.0 1.0 0.0 0.0 0.0
1430529277.53
520.0 0.0 20.0 1.0 0.0 0.0 0.0
1430529277.56
520.1 0.0 20.0 1.0 0.0 0.0 0.0
1430529277.59
520.2 0.0 20.0 1.0 0.0 0.0 0.0
1430529277.62
520.3 0.0 20.0 1.0 0.0 0.0 0.0
1430529277.65
520.4 0.0 20.0 1.0 0.0 0.0 0.0
1430529277.68
520.5 0.0 20.0 1.0 0.0 0.0 0.0
1430529277.71
520.6 0.0 20.0 1.0 0.0 0.0 0.0
1430529277.74
520.7 0.0 20.0 1.0 0.0 0.0 0.0
1430529277.77
520.7 0.0 20.0 1.0 0.0 0.0 0.0
1430529277.8
520.8 0.0 20.0 1.0 0.0 0.0 0.0
1430529277.83
520.9 0.0 20.0 1.0 0.0 0.0 0.0
1430529277.86
521.0 0.0 20.0 1.0 0.0 0.0 0.0
1430529277.89
521.1 0.0 20.0 1.0 0.0 0.0 0.0
1430529277.92
521.2 0.0 20.0 1.0 0.0 0.0 0.0
1430529277.95
521.3 0.0 20.0 1.0 0.0 0.0 0.0
1430529277.98
521.4 0.0 20.0 1.0 0.0 0.0 0.0
1430529278.01
521.5 0.0 20.0 1.0 0.0 0.0 0.0
1430529278.04
521.6 0.0 20.0 1.0 0.0 0.0 0.0
1430529278.07
521.7 0.0 20.0 1.0 0.0 0.0 0.0
1430529278.1
521.7 0.0 20.0 1.0 0.0 0.0 0.0
1430529278.13
521.8 0.0 20.0 1.0 0.0 0.0 0.0
1430529278.16
521.9 0.0 20.0 1.0 0.0 0.0 0.0
1430529278.19
522.0 0.0 20.0 1.0 0.0 0.0 0.0
1430529278.22
522.1 0.0 20.0 1.0 0.0 0.0 0.0
1430529278.25
522.2 0.0 20.0 1.0 0.0 0.0 0.0
1430529278.28
522.3 0.0 20.0 1.0 0.0 0.0 0.0
1430529278.31
522.4 0.0 20.0 1.0 0.0 0.0 0.0
1430529278.35
522.5 0.0 20.0 1.0 0.0 0.0 0.0
1430529278.37
522.6 0.0 20.0 1.0 0.0 0.0 0.0
1430529278.41
522.6 0.0 20.0 1.0 0.0 0.0 0.0
1430529278.44
522.7 0.0 20.0 1.0 0.0 0.0 0.0
1430529278.47
522.8 0.0 20.0 1.0 0.0 0.0 0.0
1430529278.5
522.9 0.0 20.0 1.0 0.0 0.0 0.0
1430529278.53
523.0 0.0 20.0 1.0 0.0 0.0 0.0
1430529278.56
523.1 0.0 20.0 1.0 0.0 0.0 0.0
1430529278.59
523.2 0.0 20.0 1.0 0.0 0.0 0.0
1430529278.61
523.3 0.0 20.0 1.0 0.0 0.0 0.0
1430529278.65
523.4 0.0 20.0 1.0 0.0 0.0 0.0
1430529278.68
523.5 0.0 20.0 1.0 0.0 0.0 0.0
1430529278.71
523.6 0.0 20.0 1.0 0.0 0.0 0.0
1430529278.74
523.6 0.0 20.0 1.0 0.0 0.0 0.0
1430529278.77
523.7 0.0 20.0 1.0 0.0 0.0 0.0
1430529278.8
523.8 0.0 20.0 1.0 0.0 0.0 0.0
1430529278.83
523.9 0.0 20.0 1.0 0.0 0.0 0.0
1430529278.85
524.0 0.0 20.0 1.0 0.0 0.0 0.0
1430529278.89
524.1 0.0 20.0 1.0 0.0 0.0 0.0
1430529278.92
524.2 0.0 20.0 1.0 0.0 0.0 0.0
1430529278.95
524.3 0.0 20.0 1.0 0.0 0.0 0.0
1430529278.98
524.4 0.0 20.0 1.0 0.0 0.0 0.0
1430529279.01
524.5 0.0 20.0 1.0 0.0 0.0 0.0
1430529279.04
524.6 0.0 20.0 1.0 0.0 0.0 0.0
1430529279.07
524.6 0.0 20.0 1.0 0.0 0.0 0.0
1430529279.1
524.7 0.0 20.0 1.0 0.0 0.0 0.0
1430529279.13
524.8 0.0 20.0 1.0 0.0 0.0 0.0
1430529279.16
524.9 0.0 20.0 1.0 0.0 0.0 0.0
1430529279.19
525.0 0.0 20.0 1.0 0.0 0.0 0.0
1430529279.22
525.1 0.0 20.0 1.0 0.0 0.0 0.0
1430529279.25
525.2 0.0 20.0 1.0 0.0 0.0 0.0
1430529279.28
525.3 0.0 20.0 1.0 0.0 0.0 0.0
1430529279.31
525.4 0.0 20.0 1.0 0.0 0.0 0.0
1430529279.34
525.5 0.0 20.0 1.0 0.0 0.0 0.0
1430529279.37
525.5 0.0 20.0 1.0 0.0 0.0 0.0
1430529279.4
525.6 0.0 20.0 1.0 0.0 0.0 0.0
1430529279.43
525.7 0.0 20.0 1.0 0.0 0.0 0.0
1430529279.46
525.8 0.0 20.0 1.0 0.0 0.0 0.0
1430529279.49
525.9 0.0 20.0 1.0 0.0 0.0 0.0
1430529279.52
526.0 0.0 20.0 1.0 0.0 0.0 0.0
1430529279.55
526.1 0.0 20.0 1.0 0.0 0.0 0.0
1430529279.58
526.2 0.0 20.0 1.0 0.0 0.0 0.0
1430529279.61
526.3 0.0 20.0 1.0 0.0 0.0 0.0
1430529279.64
526.4 0.0 20.0 1.0 0.0 0.0 0.0
1430529279.67
526.5 0.0 20.0 1.0 0.0 0.0 0.0
1430529279.7
526.6 0.0 20.0 1.0 0.0 0.0 0.0
1430529279.73
526.6 0.0 20.0 1.0 0.0 0.0 0.0
1430529279.76
526.7 0.0 20.0 1.0 0.0 0.0 0.0
1430529279.79
526.8 0.0 20.0 1.0 0.0 0.0 0.0
1430529279.82
526.9 0.0 20.0 1.0 0.0 0.0 0.0
1430529279.85
527.0 0.0 20.0 1.0 0.0 0.0 0.0
1430529279.88
527.1 0.0 20.0 1.0 0.0 0.0 0.0
1430529279.91
527.2 0.0 20.0 1.0 0.0 0.0 0.0
1430529279.94
527.3 0.0 20.0 1.0 0.0 0.0 0.0
1430529279.97
527.4 0.0 20.0 1.0 0.0 0.0 0.0
1430529280.0
527.4 0.0 20.0 1.0 0.0 0.0 0.0
1430529280.03
527.5 0.0 20.0 1.0 0.0 0.0 0.0
1430529280.06
527.6 0.0 20.0 1.0 0.0 0.0 0.0
1430529280.09
527.7 0.0 20.0 1.0 0.0 0.0 0.0
1430529280.12
527.8 0.0 20.0 1.0 0.0 0.0 0.0
1430529280.15
527.9 0.0 20.0 1.0 0.0 0.0 0.0
1430529280.18
528.0 0.0 20.0 1.0 0.0 0.0 0.0
1430529280.21
528.1 0.0 20.0 1.0 0.0 0.0 0.0
1430529280.24
528.2 0.0 20.0 1.0 0.0 0.0 0.0
1430529280.27
528.2 0.0 20.0 1.0 0.0 0.0 0.0
1430529280.3
528.4 0.0 20.0 1.0 0.0 0.0 0.0
1430529280.34
528.4 0.0 20.0 1.0 0.0 0.0 0.0
1430529280.37
528.5 0.0 20.0 1.0 0.0 0.0 0.0
1430529280.4
528.6 0.0 20.0 1.0 0.0 0.0 0.0
1430529280.43
528.7 0.0 20.0 1.0 0.0 0.0 0.0
1430529280.46
528.8 0.0 20.0 1.0 0.0 0.0 0.0
1430529280.49
528.9 0.0 20.0 1.0 0.0 0.0 0.0
1430529280.52
529.0 0.0 20.0 1.0 0.0 0.0 0.0
1430529280.55
529.1 0.0 20.0 1.0 0.0 0.0 0.0
1430529280.58
529.2 0.0 20.0 1.0 0.0 0.0 0.0
1430529280.61
529.3 0.0 20.0 1.0 0.0 0.0 0.0
1430529280.64
529.4 0.0 20.0 1.0 0.0 0.0 0.0
1430529280.67
529.5 0.0 20.0 1.0 0.0 0.0 0.0
1430529280.7
529.5 0.0 20.0 1.0 0.0 0.0 0.0
1430529280.73
529.6 0.0 20.0 1.0 0.0 0.0 0.0
1430529280.76
529.7 0.0 20.0 1.0 0.0 0.0 0.0
1430529280.79
529.8 0.0 20.0 1.0 0.0 0.0 0.0
1430529280.82
529.9 0.0 20.0 1.0 0.0 0.0 0.0
1430529280.85
530.0 0.0 20.0 1.0 0.0 0.0 0.0
1430529280.88
530.1 0.0 20.0 1.0 0.0 0.0 0.0
1430529280.91
530.2 0.0 20.0 1.0 0.0 0.0 0.0
1430529280.94
530.3 0.0 20.0 1.0 0.0 0.0 0.0
1430529280.97
530.4 0.0 20.0 1.0 0.0 0.0 0.0
1430529281.0
530.4 0.0 20.0 1.0 0.0 0.0 0.0
1430529281.03
530.5 0.0 20.0 1.0 0.0 0.0 0.0
1430529281.06
530.6 0.0 20.0 1.0 0.0 0.0 0.0
1430529281.09
530.7 0.0 20.0 1.0 0.0 0.0 0.0
1430529281.12
530.8 0.0 20.0 1.0 0.0 0.0 0.0
1430529281.15
530.9 0.0 20.0 1.0 0.0 0.0 0.0
1430529281.18
531.0 0.0 20.0 1.0 0.0 0.0 0.0
1430529281.21
531.1 0.0 20.0 1.0 0.0 0.0 0.0
1430529281.24
531.2 0.0 20.0 1.0 0.0 0.0 0.0
1430529281.27
531.3 0.0 20.0 1.0 0.0 0.0 0.0
1430529281.3
531.3 0.0 20.0 1.0 0.0 0.0 0.0
1430529281.33
531.4 0.0 20.0 1.0 0.0 0.0 0.0
1430529281.36
531.5 0.0 20.0 1.0 0.0 0.0 0.0
1430529281.39
531.6 0.0 20.0 1.0 0.0 0.0 0.0
1430529281.42
531.7 0.0 20.0 1.0 0.0 0.0 0.0
1430529281.45
531.8 0.0 20.0 1.0 0.0 0.0 0.0
1430529281.48
531.9 0.0 20.0 1.0 0.0 0.0 0.0
1430529281.51
532.0 0.0 20.0 1.0 0.0 0.0 0.0
1430529281.55
532.1 0.0 20.0 1.0 0.0 0.0 0.0
1430529281.57
532.2 0.0 20.0 1.0 0.0 0.0 0.0
1430529281.61
532.3 0.0 20.0 1.0 0.0 0.0 0.0
1430529281.63
532.3 0.0 20.0 1.0 0.0 0.0 0.0
1430529281.66
532.4 0.0 20.0 1.0 0.0 0.0 0.0
1430529281.69
532.5 0.0 20.0 1.0 0.0 0.0 0.0
1430529281.73
532.6 0.0 20.0 1.0 0.0 0.0 0.0
1430529281.75
532.7 0.0 20.0 1.0 0.0 0.0 0.0
1430529281.79
532.8 0.0 20.0 1.0 0.0 0.0 0.0
1430529281.82
532.9 0.0 20.0 1.0 0.0 0.0 0.0
1430529281.85
533.0 0.0 20.0 1.0 0.0 0.0 0.0
1430529281.88
533.1 0.0 20.0 1.0 0.0 0.0 0.0
1430529281.91
533.2 0.0 20.0 1.0 0.0 0.0 0.0
1430529281.94
533.3 0.0 20.0 1.0 0.0 0.0 0.0
1430529281.97
533.3 0.0 20.0 1.0 0.0 0.0 0.0
1430529282.0
533.4 0.0 20.0 1.0 0.0 0.0 0.0
1430529282.03
533.5 0.0 20.0 1.0 0.0 0.0 0.0
1430529282.06
533.6 0.0 20.0 1.0 0.0 0.0 0.0
1430529282.09
533.7 0.0 20.0 1.0 0.0 0.0 0.0
1430529282.12
533.8 0.0 20.0 1.0 0.0 0.0 0.0
1430529282.15
533.9 0.0 20.0 1.0 0.0 0.0 0.0
1430529282.18
534.0 0.0 20.0 1.0 0.0 0.0 0.0
1430529282.21
534.1 0.0 20.0 1.0 0.0 0.0 0.0
1430529282.24
534.2 0.0 20.0 1.0 0.0 0.0 0.0
1430529282.27
534.2 0.0 20.0 1.0 0.0 0.0 0.0
1430529282.3
534.3 0.0 20.0 1.0 0.0 0.0 0.0
1430529282.33
534.4 0.0 20.0 1.0 0.0 0.0 0.0
1430529282.36
534.5 0.0 20.0 1.0 0.0 0.0 0.0
1430529282.39
534.6 0.0 20.0 1.0 0.0 0.0 0.0
1430529282.42
534.7 0.0 20.0 1.0 0.0 0.0 0.0
1430529282.45
534.8 0.0 20.0 1.0 0.0 0.0 0.0
1430529282.48
534.9 0.0 20.0 1.0 0.0 0.0 0.0
1430529282.51
535.0 0.0 20.0 1.0 0.0 0.0 0.0
1430529282.54
535.1 0.0 20.0 1.0 0.0 0.0 0.0
1430529282.57
535.1 0.0 20.0 1.0 0.0 0.0 0.0
1430529282.6
535.2 0.0 20.0 1.0 0.0 0.0 0.0
1430529282.63
535.3 0.0 20.0 1.0 0.0 0.0 0.0
1430529282.66
535.4 0.0 20.0 1.0 0.0 0.0 0.0
1430529282.69
535.5 0.0 20.0 1.0 0.0 0.0 0.0
1430529282.72
535.6 0.0 20.0 1.0 0.0 0.0 0.0
1430529282.75
535.7 0.0 20.0 1.0 0.0 0.0 0.0
1430529282.78
535.8 0.0 20.0 1.0 0.0 0.0 0.0
1430529282.81
535.9 0.0 20.0 1.0 0.0 0.0 0.0
1430529282.84
536.0 0.0 20.0 1.0 0.0 0.0 0.0
1430529282.87
536.1 0.0 20.0 1.0 0.0 0.0 0.0
1430529282.9
536.2 0.0 20.0 1.0 0.0 0.0 0.0
1430529282.93
536.2 0.0 20.0 1.0 0.0 0.0 0.0
1430529282.96
536.3 0.0 20.0 1.0 0.0 0.0 0.0
1430529282.99
536.4 0.0 20.0 1.0 0.0 0.0 0.0
1430529283.02
536.5 0.0 20.0 1.0 0.0 0.0 0.0
1430529283.05
536.6 0.0 20.0 1.0 0.0 0.0 0.0
1430529283.08
536.7 0.0 20.0 1.0 0.0 0.0 0.0
1430529283.11
536.8 0.0 20.0 1.0 0.0 0.0 0.0
1430529283.14
536.9 0.0 20.0 1.0 0.0 0.0 0.0
1430529283.17
536.9 0.0 20.0 1.0 0.0 0.0 0.0
1430529283.2
537.0 0.0 20.0 1.0 0.0 0.0 0.0
1430529283.23
537.1 0.0 20.0 1.0 0.0 0.0 0.0
1430529283.26
537.2 0.0 20.0 1.0 0.0 0.0 0.0
1430529283.29
537.3 0.0 20.0 1.0 0.0 0.0 0.0
1430529283.32
537.4 0.0 20.0 1.0 0.0 0.0 0.0
1430529283.35
537.5 0.0 20.0 1.0 0.0 0.0 0.0
1430529283.38
537.6 0.0 20.0 1.0 0.0 0.0 0.0
1430529283.41
537.7 0.0 20.0 1.0 0.0 0.0 0.0
1430529283.44
537.8 0.0 20.0 1.0 0.0 0.0 0.0
1430529283.47
537.8 0.0 20.0 1.0 0.0 0.0 0.0
1430529283.5
537.9 0.0 20.0 1.0 0.0 0.0 0.0
1430529283.53
538.0 0.0 20.0 1.0 0.0 0.0 0.0
1430529283.56
538.1 0.0 20.0 1.0 0.0 0.0 0.0
1430529283.6
538.2 0.0 20.0 1.0 0.0 0.0 0.0
1430529283.62
538.3 0.0 20.0 1.0 0.0 0.0 0.0
1430529283.66
538.4 0.0 20.0 1.0 0.0 0.0 0.0
1430529283.68
538.5 0.0 20.0 1.0 0.0 0.0 0.0
1430529283.72
538.6 0.0 20.0 1.0 0.0 0.0 0.0
1430529283.75
538.7 0.0 20.0 1.0 0.0 0.0 0.0
1430529283.78
538.8 0.0 20.0 1.0 0.0 0.0 0.0
1430529283.81
538.9 0.0 20.0 1.0 0.0 0.0 0.0
1430529283.84
538.9 0.0 20.0 1.0 0.0 0.0 0.0
1430529283.87
539.0 0.0 20.0 1.0 0.0 0.0 0.0
1430529283.9
539.1 0.0 20.0 1.0 0.0 0.0 0.0
1430529283.93
539.2 0.0 20.0 1.0 0.0 0.0 0.0
1430529283.96
539.3 0.0 20.0 1.0 0.0 0.0 0.0
1430529283.99
539.4 0.0 20.0 1.0 0.0 0.0 0.0
1430529284.02
539.5 0.0 20.0 1.0 0.0 0.0 0.0
1430529284.05
539.6 0.0 20.0 1.0 0.0 0.0 0.0
1430529284.08
539.7 0.0 20.0 1.0 0.0 0.0 0.0
1430529284.11
539.8 0.0 20.0 1.0 0.0 0.0 0.0
1430529284.14
539.8 0.0 20.0 1.0 0.0 0.0 0.0
1430529284.17
539.9 0.0 20.0 1.0 0.0 0.0 0.0
1430529284.2
540.0 0.0 20.0 1.0 0.0 0.0 0.0
1430529284.23
540.1 0.0 20.0 1.0 0.0 0.0 0.0
1430529284.26
540.2 0.0 20.0 1.0 0.0 0.0 0.0
1430529284.29
540.3 0.0 20.0 1.0 0.0 0.0 0.0
1430529284.32
540.4 0.0 20.0 1.0 0.0 0.0 0.0
1430529284.35
540.5 0.0 20.0 1.0 0.0 0.0 0.0
1430529284.38
540.6 0.0 20.0 1.0 0.0 0.0 0.0
1430529284.41
540.7 0.0 20.0 1.0 0.0 0.0 0.0
1430529284.44
540.8 0.0 20.0 1.0 0.0 0.0 0.0
1430529284.47
540.9 0.0 20.0 1.0 0.0 0.0 0.0
1430529284.5
540.9 0.0 20.0 1.0 0.0 0.0 0.0
1430529284.53
541.0 0.0 20.0 1.0 0.0 0.0 0.0
1430529284.56
541.1 0.0 20.0 1.0 0.0 0.0 0.0
1430529284.59
541.2 0.0 20.0 1.0 0.0 0.0 0.0
1430529284.63
541.3 0.0 20.0 1.0 0.0 0.0 0.0
1430529284.66
541.4 0.0 20.0 1.0 0.0 0.0 0.0
1430529284.69
541.5 0.0 20.0 1.0 0.0 0.0 0.0
1430529284.72
541.6 0.0 20.0 1.0 0.0 0.0 0.0
1430529284.75
541.7 0.0 20.0 1.0 0.0 0.0 0.0
1430529284.78
541.8 0.0 20.0 1.0 0.0 0.0 0.0
1430529284.81
541.9 0.0 20.0 1.0 0.0 0.0 0.0
1430529284.83
542.0 0.0 20.0 1.0 0.0 0.0 0.0
1430529284.87
542.0 0.0 20.0 1.0 0.0 0.0 0.0
1430529284.9
542.1 0.0 20.0 1.0 0.0 0.0 0.0
1430529284.93
542.2 0.0 20.0 1.0 0.0 0.0 0.0
1430529284.96
542.3 0.0 20.0 1.0 0.0 0.0 0.0
1430529284.99
542.4 0.0 20.0 1.0 0.0 0.0 0.0
1430529285.02
542.5 0.0 20.0 1.0 0.0 0.0 0.0
1430529285.05
542.6 0.0 20.0 1.0 0.0 0.0 0.0
1430529285.08
542.7 0.0 20.0 1.0 0.0 0.0 0.0
1430529285.11
542.8 0.0 20.0 1.0 0.0 0.0 0.0
1430529285.14
542.9 0.0 20.0 1.0 0.0 0.0 0.0
1430529285.17
543.0 0.0 20.0 1.0 0.0 0.0 0.0
1430529285.2
543.1 0.0 20.0 1.0 0.0 0.0 0.0
1430529285.23
543.1 0.0 20.0 1.0 0.0 0.0 0.0
1430529285.26
543.2 0.0 20.0 1.0 0.0 0.0 0.0
1430529285.29
543.3 0.0 20.0 1.0 0.0 0.0 0.0
1430529285.32
543.4 0.0 20.0 1.0 0.0 0.0 0.0
1430529285.35
543.5 0.0 20.0 1.0 0.0 0.0 0.0
1430529285.38
543.6 0.0 20.0 1.0 0.0 0.0 0.0
1430529285.41
543.7 0.0 20.0 1.0 0.0 0.0 0.0
1430529285.44
543.8 0.0 20.0 1.0 0.0 0.0 0.0
1430529285.47
543.8 0.0 20.0 1.0 0.0 0.0 0.0
1430529285.5
543.9 0.0 20.0 1.0 0.0 0.0 0.0
1430529285.53
544.0 0.0 20.0 1.0 0.0 0.0 0.0
1430529285.56
544.1 0.0 20.0 1.0 0.0 0.0 0.0
1430529285.59
544.2 0.0 20.0 1.0 0.0 0.0 0.0
1430529285.62
544.3 0.0 20.0 1.0 0.0 0.0 0.0
1430529285.65
544.4 0.0 20.0 1.0 0.0 0.0 0.0
1430529285.68
544.5 0.0 20.0 1.0 0.0 0.0 0.0
1430529285.71
544.6 0.0 20.0 1.0 0.0 0.0 0.0
1430529285.74
544.7 0.0 20.0 1.0 0.0 0.0 0.0
1430529285.77
544.8 0.0 20.0 1.0 0.0 0.0 0.0
1430529285.8
544.9 0.0 20.0 1.0 0.0 0.0 0.0
1430529285.84
544.9 0.0 20.0 1.0 0.0 0.0 0.0
1430529285.86
545.0 0.0 20.0 1.0 0.0 0.0 0.0
1430529285.9
545.1 0.0 20.0 1.0 0.0 0.0 0.0
1430529285.93
545.2 0.0 20.0 1.0 0.0 0.0 0.0
1430529285.96
545.3 0.0 20.0 1.0 0.0 0.0 0.0
1430529285.99
545.4 0.0 20.0 1.0 0.0 0.0 0.0
1430529286.02
545.5 0.0 20.0 1.0 0.0 0.0 0.0
1430529286.04
545.6 0.0 20.0 1.0 0.0 0.0 0.0
1430529286.08
545.7 0.0 20.0 1.0 0.0 0.0 0.0
1430529286.11
545.8 0.0 20.0 1.0 0.0 0.0 0.0
1430529286.14
545.8 0.0 20.0 1.0 0.0 0.0 0.0
1430529286.17
545.9 0.0 20.0 1.0 0.0 0.0 0.0
1430529286.2
546.0 0.0 20.0 1.0 0.0 0.0 0.0
1430529286.23
546.1 0.0 20.0 1.0 0.0 0.0 0.0
1430529286.26
546.2 0.0 20.0 1.0 0.0 0.0 0.0
1430529286.29
546.3 0.0 20.0 1.0 0.0 0.0 0.0
1430529286.32
546.4 0.0 20.0 1.0 0.0 0.0 0.0
1430529286.35
546.5 0.0 20.0 1.0 0.0 0.0 0.0
1430529286.38
546.6 0.0 20.0 1.0 0.0 0.0 0.0
1430529286.41
546.7 0.0 20.0 1.0 0.0 0.0 0.0
1430529286.44
546.8 0.0 20.0 1.0 0.0 0.0 0.0
1430529286.47
546.8 0.0 20.0 1.0 0.0 0.0 0.0
1430529286.5
546.9 0.0 20.0 1.0 0.0 0.0 0.0
1430529286.53
547.0 0.0 20.0 1.0 0.0 0.0 0.0
1430529286.56
547.1 0.0 20.0 1.0 0.0 0.0 0.0
1430529286.59
547.2 0.0 20.0 1.0 0.0 0.0 0.0
1430529286.62
547.3 0.0 20.0 1.0 0.0 0.0 0.0
1430529286.65
547.4 0.0 20.0 1.0 0.0 0.0 0.0
1430529286.68
547.5 0.0 20.0 1.0 0.0 0.0 0.0
1430529286.71
547.6 0.0 20.0 1.0 0.0 0.0 0.0
1430529286.74
547.7 0.0 20.0 1.0 0.0 0.0 0.0
1430529286.77
547.7 0.0 20.0 1.0 0.0 0.0 0.0
1430529286.8
547.8 0.0 20.0 1.0 0.0 0.0 0.0
1430529286.83
547.9 0.0 20.0 1.0 0.0 0.0 0.0
1430529286.86
548.0 0.0 20.0 1.0 0.0 0.0 0.0
1430529286.89
548.1 0.0 20.0 1.0 0.0 0.0 0.0
1430529286.92
548.2 0.0 20.0 1.0 0.0 0.0 0.0
1430529286.95
548.3 0.0 20.0 1.0 0.0 0.0 0.0
1430529286.98
548.4 0.0 20.0 1.0 0.0 0.0 0.0
1430529287.01
548.5 0.0 20.0 1.0 0.0 0.0 0.0
1430529287.04
548.6 0.0 20.0 1.0 0.0 0.0 0.0
1430529287.07
548.7 0.0 20.0 1.0 0.0 0.0 0.0
1430529287.1
548.7 0.0 20.0 1.0 0.0 0.0 0.0
1430529287.13
548.8 0.0 20.0 1.0 0.0 0.0 0.0
1430529287.16
548.9 0.0 20.0 1.0 0.0 0.0 0.0
1430529287.19
549.0 0.0 20.0 1.0 0.0 0.0 0.0
1430529287.22
549.1 0.0 20.0 1.0 0.0 0.0 0.0
1430529287.25
549.2 0.0 20.0 1.0 0.0 0.0 0.0
1430529287.28
549.3 0.0 20.0 1.0 0.0 0.0 0.0
1430529287.31
549.4 0.0 20.0 1.0 0.0 0.0 0.0
1430529287.34
549.5 0.0 20.0 1.0 0.0 0.0 0.0
1430529287.37
549.6 0.0 20.0 1.0 0.0 0.0 0.0
1430529287.4
549.6 0.0 20.0 1.0 0.0 0.0 0.0
1430529287.43
549.7 0.0 20.0 1.0 0.0 0.0 0.0
1430529287.46
549.8 0.0 20.0 1.0 0.0 0.0 0.0
1430529287.49
549.9 0.0 20.0 1.0 0.0 0.0 0.0
1430529287.52
550.0 0.0 20.0 1.0 0.0 0.0 0.0
1430529287.55
550.1 0.0 20.0 1.0 0.0 0.0 0.0
1430529287.58
550.2 0.0 20.0 1.0 0.0 0.0 0.0
1430529287.61
550.3 0.0 20.0 1.0 0.0 0.0 0.0
1430529287.64
550.4 0.0 20.0 1.0 0.0 0.0 0.0
1430529287.67
550.5 0.0 20.0 1.0 0.0 0.0 0.0
1430529287.7
550.5 0.0 20.0 1.0 0.0 0.0 0.0
1430529287.73
550.6 0.0 20.0 1.0 0.0 0.0 0.0
1430529287.76
550.7 0.0 20.0 1.0 0.0 0.0 0.0
1430529287.79
550.8 0.0 20.0 1.0 0.0 0.0 0.0
1430529287.82
550.9 0.0 20.0 1.0 0.0 0.0 0.0
1430529287.85
551.0 0.0 20.0 1.0 0.0 0.0 0.0
1430529287.89
551.1 0.0 20.0 1.0 0.0 0.0 0.0
1430529287.91
551.2 0.0 20.0 1.0 0.0 0.0 0.0
1430529287.95
551.3 0.0 20.0 1.0 0.0 0.0 0.0
1430529287.97
551.4 0.0 20.0 1.0 0.0 0.0 0.0
1430529288.01
551.5 0.0 20.0 1.0 0.0 0.0 0.0
1430529288.04
551.6 0.0 20.0 1.0 0.0 0.0 0.0
1430529288.07
551.6 0.0 20.0 1.0 0.0 0.0 0.0
1430529288.1
551.7 0.0 20.0 1.0 0.0 0.0 0.0
1430529288.13
551.8 0.0 20.0 1.0 0.0 0.0 0.0
1430529288.15
551.9 0.0 20.0 1.0 0.0 0.0 0.0
1430529288.19
552.0 0.0 20.0 1.0 0.0 0.0 0.0
1430529288.22
552.1 0.0 20.0 1.0 0.0 0.0 0.0
1430529288.25
552.2 0.0 20.0 1.0 0.0 0.0 0.0
1430529288.28
552.3 0.0 20.0 1.0 0.0 0.0 0.0
1430529288.31
552.4 0.0 20.0 1.0 0.0 0.0 0.0
1430529288.34
552.5 0.0 20.0 1.0 0.0 0.0 0.0
1430529288.37
552.5 0.0 20.0 1.0 0.0 0.0 0.0
1430529288.4
552.6 0.0 20.0 1.0 0.0 0.0 0.0
1430529288.43
552.7 0.0 20.0 1.0 0.0 0.0 0.0
1430529288.46
552.8 0.0 20.0 1.0 0.0 0.0 0.0
1430529288.49
552.9 0.0 20.0 1.0 0.0 0.0 0.0
1430529288.52
553.0 0.0 20.0 1.0 0.0 0.0 0.0
1430529288.55
553.1 0.0 20.0 1.0 0.0 0.0 0.0
1430529288.58
553.2 0.0 20.0 1.0 0.0 0.0 0.0
1430529288.61
553.3 0.0 20.0 1.0 0.0 0.0 0.0
1430529288.64
553.4 0.0 20.0 1.0 0.0 0.0 0.0
1430529288.67
553.5 0.0 20.0 1.0 0.0 0.0 0.0
1430529288.7
553.5 0.0 20.0 1.0 0.0 0.0 0.0
1430529288.73
553.6 0.0 20.0 1.0 0.0 0.0 0.0
1430529288.76
553.7 0.0 20.0 1.0 0.0 0.0 0.0
1430529288.79
553.8 0.0 20.0 1.0 0.0 0.0 0.0
1430529288.82
553.9 0.0 20.0 1.0 0.0 0.0 0.0
1430529288.85
554.0 0.0 20.0 1.0 0.0 0.0 0.0
1430529288.88
554.1 0.0 20.0 1.0 0.0 0.0 0.0
1430529288.91
554.2 0.0 20.0 1.0 0.0 0.0 0.0
1430529288.94
554.3 0.0 20.0 1.0 0.0 0.0 0.0
1430529288.97
554.4 0.0 20.0 1.0 0.0 0.0 0.0
1430529289.0
554.5 0.0 20.0 1.0 0.0 0.0 0.0
1430529289.03
554.6 0.0 20.0 1.0 0.0 0.0 0.0
1430529289.06
554.6 0.0 20.0 1.0 0.0 0.0 0.0
1430529289.09
554.7 0.0 20.0 1.0 0.0 0.0 0.0
1430529289.12
554.8 0.0 20.0 1.0 0.0 0.0 0.0
1430529289.16
554.9 0.0 20.0 1.0 0.0 0.0 0.0
1430529289.19
555.0 0.0 20.0 1.0 0.0 0.0 0.0
1430529289.22
555.1 0.0 20.0 1.0 0.0 0.0 0.0
1430529289.25
555.2 0.0 20.0 1.0 0.0 0.0 0.0
1430529289.28
555.3 0.0 20.0 1.0 0.0 0.0 0.0
1430529289.31
555.4 0.0 20.0 1.0 0.0 0.0 0.0
1430529289.34
555.4 0.0 20.0 1.0 0.0 0.0 0.0
1430529289.37
555.5 0.0 20.0 1.0 0.0 0.0 0.0
1430529289.4
555.6 0.0 20.0 1.0 0.0 0.0 0.0
1430529289.43
555.7 0.0 20.0 1.0 0.0 0.0 0.0
1430529289.46
555.8 0.0 20.0 1.0 0.0 0.0 0.0
1430529289.49
555.9 0.0 20.0 1.0 0.0 0.0 0.0
1430529289.52
556.0 0.0 20.0 1.0 0.0 0.0 0.0
1430529289.55
556.1 0.0 20.0 1.0 0.0 0.0 0.0
1430529289.58
556.2 0.0 20.0 1.0 0.0 0.0 0.0
1430529289.61
556.3 0.0 20.0 1.0 0.0 0.0 0.0
1430529289.64
556.3 0.0 20.0 1.0 0.0 0.0 0.0
1430529289.67
556.4 0.0 20.0 1.0 0.0 0.0 0.0
1430529289.7
556.5 0.0 20.0 1.0 0.0 0.0 0.0
1430529289.73
556.6 0.0 20.0 1.0 0.0 0.0 0.0
1430529289.76
556.7 0.0 20.0 1.0 0.0 0.0 0.0
1430529289.79
556.8 0.0 20.0 1.0 0.0 0.0 0.0
1430529289.82
556.9 0.0 20.0 1.0 0.0 0.0 0.0
1430529289.85
557.0 0.0 20.0 1.0 0.0 0.0 0.0
1430529289.89
557.1 0.0 20.0 1.0 0.0 0.0 0.0
1430529289.92
557.2 0.0 20.0 1.0 0.0 0.0 0.0
1430529289.95
557.3 0.0 20.0 1.0 0.0 0.0 0.0
1430529289.98
557.4 0.0 20.0 1.0 0.0 0.0 0.0
1430529290.01
557.5 0.0 20.0 1.0 0.0 0.0 0.0
1430529290.04
557.5 0.0 20.0 1.0 0.0 0.0 0.0
1430529290.07
557.6 0.0 20.0 1.0 0.0 0.0 0.0
1430529290.09
557.7 0.0 20.0 1.0 0.0 0.0 0.0
1430529290.13
557.8 0.0 20.0 1.0 0.0 0.0 0.0
1430529290.16
557.9 0.0 20.0 1.0 0.0 0.0 0.0
1430529290.19
558.0 0.0 20.0 1.0 0.0 0.0 0.0
1430529290.22
558.1 0.0 20.0 1.0 0.0 0.0 0.0
1430529290.25
558.2 0.0 20.0 1.0 0.0 0.0 0.0
1430529290.28
558.3 0.0 20.0 1.0 0.0 0.0 0.0
1430529290.31
558.4 0.0 20.0 1.0 0.0 0.0 0.0
1430529290.34
558.5 0.0 20.0 1.0 0.0 0.0 0.0
1430529290.37
558.5 0.0 20.0 1.0 0.0 0.0 0.0
1430529290.4
558.6 0.0 20.0 1.0 0.0 0.0 0.0
1430529290.43
558.7 0.0 20.0 1.0 0.0 0.0 0.0
1430529290.46
558.8 0.0 20.0 1.0 0.0 0.0 0.0
1430529290.49
558.9 0.0 20.0 1.0 0.0 0.0 0.0
1430529290.52
559.0 0.0 20.0 1.0 0.0 0.0 0.0
1430529290.55
559.1 0.0 20.0 1.0 0.0 0.0 0.0
1430529290.58
559.2 0.0 20.0 1.0 0.0 0.0 0.0
1430529290.61
559.3 0.0 20.0 1.0 0.0 0.0 0.0
1430529290.64
559.4 0.0 20.0 1.0 0.0 0.0 0.0
1430529290.67
559.5 0.0 20.0 1.0 0.0 0.0 0.0
1430529290.7
559.5 0.0 20.0 1.0 0.0 0.0 0.0
1430529290.73
559.6 0.0 20.0 1.0 0.0 0.0 0.0
1430529290.76
559.7 0.0 20.0 1.0 0.0 0.0 0.0
1430529290.79
559.8 0.0 20.0 1.0 0.0 0.0 0.0
1430529290.82
559.9 0.0 20.0 1.0 0.0 0.0 0.0
1430529290.85
560.0 0.0 20.0 1.0 0.0 0.0 0.0
1430529290.88
560.1 0.0 20.0 1.0 0.0 0.0 0.0
1430529290.91
560.2 0.0 20.0 1.0 0.0 0.0 0.0
1430529290.94
560.3 0.0 20.0 1.0 0.0 0.0 0.0
1430529290.97
560.4 0.0 20.0 1.0 0.0 0.0 0.0
1430529291.0
560.4 0.0 20.0 1.0 0.0 0.0 0.0
1430529291.03
560.5 0.0 20.0 1.0 0.0 0.0 0.0
1430529291.06
560.6 0.0 20.0 1.0 0.0 0.0 0.0
1430529291.09
560.7 0.0 20.0 1.0 0.0 0.0 0.0
1430529291.12
560.8 0.0 20.0 1.0 0.0 0.0 0.0
1430529291.15
560.9 0.0 20.0 1.0 0.0 0.0 0.0
1430529291.18
561.0 0.0 20.0 1.0 0.0 0.0 0.0
1430529291.21
561.1 0.0 20.0 1.0 0.0 0.0 0.0
1430529291.24
561.2 0.0 20.0 1.0 0.0 0.0 0.0
1430529291.27
561.3 0.0 20.0 1.0 0.0 0.0 0.0
1430529291.3
561.4 0.0 20.0 1.0 0.0 0.0 0.0
1430529291.33
561.4 0.0 20.0 1.0 0.0 0.0 0.0
1430529291.36
561.5 0.0 20.0 1.0 0.0 0.0 0.0
1430529291.39
561.6 0.0 20.0 1.0 0.0 0.0 0.0
1430529291.42
561.7 0.0 20.0 1.0 0.0 0.0 0.0
1430529291.45
561.8 0.0 20.0 1.0 0.0 0.0 0.0
1430529291.48
561.9 0.0 20.0 1.0 0.0 0.0 0.0
1430529291.51
562.0 0.0 20.0 1.0 0.0 0.0 0.0
1430529291.54
562.1 0.0 20.0 1.0 0.0 0.0 0.0
1430529291.57
562.1 0.0 20.0 1.0 0.0 0.0 0.0
1430529291.6
562.3 0.0 20.0 1.0 0.0 0.0 0.0
1430529291.63
562.4 0.0 20.0 1.0 0.0 0.0 0.0
1430529291.66
562.4 0.0 20.0 1.0 0.0 0.0 0.0
1430529291.69
562.5 0.0 20.0 1.0 0.0 0.0 0.0
1430529291.72
562.6 0.0 20.0 1.0 0.0 0.0 0.0
1430529291.76
562.7 0.0 20.0 1.0 0.0 0.0 0.0
1430529291.78
562.8 0.0 20.0 1.0 0.0 0.0 0.0
1430529291.82
562.9 0.0 20.0 1.0 0.0 0.0 0.0
1430529291.84
563.0 0.0 20.0 1.0 0.0 0.0 0.0
1430529291.88
563.1 0.0 20.0 1.0 0.0 0.0 0.0
1430529291.9
563.2 0.0 20.0 1.0 0.0 0.0 0.0
1430529291.94
563.2 0.0 20.0 1.0 0.0 0.0 0.0
1430529291.96
563.3 0.0 20.0 1.0 0.0 0.0 0.0
1430529292.0
563.4 0.0 20.0 1.0 0.0 0.0 0.0
1430529292.02
563.5 0.0 20.0 1.0 0.0 0.0 0.0
1430529292.06
563.6 0.0 20.0 1.0 0.0 0.0 0.0
1430529292.08
563.7 0.0 20.0 1.0 0.0 0.0 0.0
1430529292.12
563.8 0.0 20.0 1.0 0.0 0.0 0.0
1430529292.15
563.9 0.0 20.0 1.0 0.0 0.0 0.0
1430529292.18
564.0 0.0 20.0 1.0 0.0 0.0 0.0
1430529292.21
564.1 0.0 20.0 1.0 0.0 0.0 0.0
1430529292.24
564.1 0.0 20.0 1.0 0.0 0.0 0.0
1430529292.27
564.2 0.0 20.0 1.0 0.0 0.0 0.0
1430529292.3
564.3 0.0 20.0 1.0 0.0 0.0 0.0
1430529292.33
564.4 0.0 20.0 1.0 0.0 0.0 0.0
1430529292.36
564.5 0.0 20.0 1.0 0.0 0.0 0.0
1430529292.39
564.6 0.0 20.0 1.0 0.0 0.0 0.0
1430529292.42
564.7 0.0 20.0 1.0 0.0 0.0 0.0
1430529292.45
564.8 0.0 20.0 1.0 0.0 0.0 0.0
1430529292.48
564.9 0.0 20.0 1.0 0.0 0.0 0.0
1430529292.51
565.0 0.0 20.0 1.0 0.0 0.0 0.0
1430529292.54
565.1 0.0 20.0 1.0 0.0 0.0 0.0
1430529292.57
565.2 0.0 20.0 1.0 0.0 0.0 0.0
1430529292.6
565.2 0.0 20.0 1.0 0.0 0.0 0.0
1430529292.63
565.3 0.0 20.0 1.0 0.0 0.0 0.0
1430529292.66
565.4 0.0 20.0 1.0 0.0 0.0 0.0
1430529292.69
565.5 0.0 20.0 1.0 0.0 0.0 0.0
1430529292.73
565.6 0.0 20.0 1.0 0.0 0.0 0.0
1430529292.75
565.7 0.0 20.0 1.0 0.0 0.0 0.0
1430529292.79
565.8 0.0 20.0 1.0 0.0 0.0 0.0
1430529292.82
565.9 0.0 20.0 1.0 0.0 0.0 0.0
1430529292.85
566.0 0.0 20.0 1.0 0.0 0.0 0.0
1430529292.88
566.1 0.0 20.0 1.0 0.0 0.0 0.0
1430529292.91
566.2 0.0 20.0 1.0 0.0 0.0 0.0
1430529292.93
566.3 0.0 20.0 1.0 0.0 0.0 0.0
1430529292.97
566.3 0.0 20.0 1.0 0.0 0.0 0.0
1430529293.0
566.4 0.0 20.0 1.0 0.0 0.0 0.0
1430529293.03
566.5 0.0 20.0 1.0 0.0 0.0 0.0
1430529293.06
566.6 0.0 20.0 1.0 0.0 0.0 0.0
1430529293.09
566.7 0.0 20.0 1.0 0.0 0.0 0.0
1430529293.12
566.8 0.0 20.0 1.0 0.0 0.0 0.0
1430529293.15
566.9 0.0 20.0 1.0 0.0 0.0 0.0
1430529293.18
567.0 0.0 20.0 1.0 0.0 0.0 0.0
1430529293.21
567.1 0.0 20.0 1.0 0.0 0.0 0.0
1430529293.24
567.2 0.0 20.0 1.0 0.0 0.0 0.0
1430529293.27
567.3 0.0 20.0 1.0 0.0 0.0 0.0
1430529293.3
567.4 0.0 20.0 1.0 0.0 0.0 0.0
1430529293.33
567.4 0.0 20.0 1.0 0.0 0.0 0.0
1430529293.36
567.5 0.0 20.0 1.0 0.0 0.0 0.0
1430529293.39
567.6 0.0 20.0 1.0 0.0 0.0 0.0
1430529293.42
567.7 0.0 20.0 1.0 0.0 0.0 0.0
1430529293.45
567.8 0.0 20.0 1.0 0.0 0.0 0.0
1430529293.48
567.9 0.0 20.0 1.0 0.0 0.0 0.0
1430529293.52
568.0 0.0 20.0 1.0 0.0 0.0 0.0
1430529293.54
568.1 0.0 20.0 1.0 0.0 0.0 0.0
1430529293.58
568.2 0.0 20.0 1.0 0.0 0.0 0.0
1430529293.6
568.3 0.0 20.0 1.0 0.0 0.0 0.0
1430529293.63
568.3 0.0 20.0 1.0 0.0 0.0 0.0
1430529293.66
568.4 0.0 20.0 1.0 0.0 0.0 0.0
1430529293.69
568.5 0.0 20.0 1.0 0.0 0.0 0.0
1430529293.72
568.6 0.0 20.0 1.0 0.0 0.0 0.0
1430529293.76
568.7 0.0 20.0 1.0 0.0 0.0 0.0
1430529293.79
568.8 0.0 20.0 1.0 0.0 0.0 0.0
1430529293.82
568.9 0.0 20.0 1.0 0.0 0.0 0.0
1430529293.84
569.0 0.0 20.0 1.0 0.0 0.0 0.0
1430529293.88
569.1 0.0 20.0 1.0 0.0 0.0 0.0
1430529293.91
569.2 0.0 20.0 1.0 0.0 0.0 0.0
1430529293.94
569.3 0.0 20.0 1.0 0.0 0.0 0.0
1430529293.97
569.4 0.0 20.0 1.0 0.0 0.0 0.0
1430529294.0
569.4 0.0 20.0 1.0 0.0 0.0 0.0
1430529294.02
569.5 0.0 20.0 1.0 0.0 0.0 0.0
1430529294.06
569.6 0.0 20.0 1.0 0.0 0.0 0.0
1430529294.09
569.7 0.0 20.0 1.0 0.0 0.0 0.0
1430529294.12
569.8 0.0 20.0 1.0 0.0 0.0 0.0
1430529294.15
569.9 0.0 20.0 1.0 0.0 0.0 0.0
1430529294.18
570.0 0.0 20.0 1.0 0.0 0.0 0.0
1430529294.2
570.1 0.0 20.0 1.0 0.0 0.0 0.0
1430529294.24
570.2 0.0 20.0 1.0 0.0 0.0 0.0
1430529294.27
570.3 0.0 20.0 1.0 0.0 0.0 0.0
1430529294.3
570.3 0.0 20.0 1.0 0.0 0.0 0.0
1430529294.33
570.5 0.0 20.0 1.0 0.0 0.0 0.0
1430529294.36
570.5 0.0 20.0 1.0 0.0 0.0 0.0
1430529294.39
570.6 0.0 20.0 1.0 0.0 0.0 0.0
1430529294.42
570.7 0.0 20.0 1.0 0.0 0.0 0.0
1430529294.45
570.8 0.0 20.0 1.0 0.0 0.0 0.0
1430529294.48
570.9 0.0 20.0 1.0 0.0 0.0 0.0
1430529294.51
571.0 0.0 20.0 1.0 0.0 0.0 0.0
1430529294.54
571.0 0.0 20.0 1.0 0.0 0.0 0.0
1430529294.57
571.1 0.0 20.0 1.0 0.0 0.0 0.0
1430529294.6
571.2 0.0 20.0 1.0 0.0 0.0 0.0
1430529294.63
571.3 0.0 20.0 1.0 0.0 0.0 0.0
1430529294.66
571.4 0.0 20.0 1.0 0.0 0.0 0.0
1430529294.69
571.5 0.0 20.0 1.0 0.0 0.0 0.0
1430529294.72
571.6 0.0 20.0 1.0 0.0 0.0 0.0
1430529294.75
571.7 0.0 20.0 1.0 0.0 0.0 0.0
1430529294.78
571.8 0.0 20.0 1.0 0.0 0.0 0.0
1430529294.81
571.9 0.0 20.0 1.0 0.0 0.0 0.0
1430529294.84
572.0 0.0 20.0 1.0 0.0 0.0 0.0
1430529294.87
572.1 0.0 20.0 1.0 0.0 0.0 0.0
1430529294.9
572.1 0.0 20.0 1.0 0.0 0.0 0.0
1430529294.93
572.2 0.0 20.0 1.0 0.0 0.0 0.0
1430529294.96
572.3 0.0 20.0 1.0 0.0 0.0 0.0
1430529294.99
572.4 0.0 20.0 1.0 0.0 0.0 0.0
1430529295.02
572.5 0.0 20.0 1.0 0.0 0.0 0.0
1430529295.05
572.6 0.0 20.0 1.0 0.0 0.0 0.0
1430529295.08
572.7 0.0 20.0 1.0 0.0 0.0 0.0
1430529295.11
572.8 0.0 20.0 1.0 0.0 0.0 0.0
1430529295.14
572.9 0.0 20.0 1.0 0.0 0.0 0.0
1430529295.17
573.0 0.0 20.0 1.0 0.0 0.0 0.0
1430529295.2
573.0 0.0 20.0 1.0 0.0 0.0 0.0
1430529295.23
573.1 0.0 20.0 1.0 0.0 0.0 0.0
1430529295.26
573.2 0.0 20.0 1.0 0.0 0.0 0.0
1430529295.3
573.3 0.0 20.0 1.0 0.0 0.0 0.0
1430529295.33
573.4 0.0 20.0 1.0 0.0 0.0 0.0
1430529295.36
573.5 0.0 20.0 1.0 0.0 0.0 0.0
1430529295.39
573.6 0.0 20.0 1.0 0.0 0.0 0.0
1430529295.42
573.7 0.0 20.0 1.0 0.0 0.0 0.0
1430529295.45
573.8 0.0 20.0 1.0 0.0 0.0 0.0
1430529295.48
573.9 0.0 20.0 1.0 0.0 0.0 0.0
1430529295.51
574.0 0.0 20.0 1.0 0.0 0.0 0.0
1430529295.54
574.1 0.0 20.0 1.0 0.0 0.0 0.0
1430529295.57
574.1 0.0 20.0 1.0 0.0 0.0 0.0
1430529295.6
574.2 0.0 20.0 1.0 0.0 0.0 0.0
1430529295.63
574.3 0.0 20.0 1.0 0.0 0.0 0.0
1430529295.66
574.4 0.0 20.0 1.0 0.0 0.0 0.0
1430529295.69
574.5 0.0 20.0 1.0 0.0 0.0 0.0
1430529295.72
574.6 0.0 20.0 1.0 0.0 0.0 0.0
1430529295.75
574.7 0.0 20.0 1.0 0.0 0.0 0.0
1430529295.78
574.8 0.0 20.0 1.0 0.0 0.0 0.0
1430529295.81
574.9 0.0 20.0 1.0 0.0 0.0 0.0
1430529295.84
575.0 0.0 20.0 1.0 0.0 0.0 0.0
1430529295.87
575.1 0.0 20.0 1.0 0.0 0.0 0.0
1430529295.9
575.2 0.0 20.0 1.0 0.0 0.0 0.0
1430529295.93
575.2 0.0 20.0 1.0 0.0 0.0 0.0
1430529295.96
575.3 0.0 20.0 1.0 0.0 0.0 0.0
1430529295.99
575.4 0.0 20.0 1.0 0.0 0.0 0.0
1430529296.02
575.5 0.0 20.0 1.0 0.0 0.0 0.0
1430529296.05
575.6 0.0 20.0 1.0 0.0 0.0 0.0
1430529296.08
575.7 0.0 20.0 1.0 0.0 0.0 0.0
1430529296.11
575.8 0.0 20.0 1.0 0.0 0.0 0.0
1430529296.14
575.9 0.0 20.0 1.0 0.0 0.0 0.0
1430529296.18
576.0 0.0 20.0 1.0 0.0 0.0 0.0
1430529296.2
576.1 0.0 20.0 1.0 0.0 0.0 0.0
1430529296.24
576.2 0.0 20.0 1.0 0.0 0.0 0.0
1430529296.27
576.3 0.0 20.0 1.0 0.0 0.0 0.0
1430529296.3
576.3 0.0 20.0 1.0 0.0 0.0 0.0
1430529296.33
576.4 0.0 20.0 1.0 0.0 0.0 0.0
1430529296.36
576.5 0.0 20.0 1.0 0.0 0.0 0.0
1430529296.39
576.6 0.0 20.0 1.0 0.0 0.0 0.0
1430529296.42
576.7 0.0 20.0 1.0 0.0 0.0 0.0
1430529296.45
576.8 0.0 20.0 1.0 0.0 0.0 0.0
1430529296.48
576.9 0.0 20.0 1.0 0.0 0.0 0.0
1430529296.51
577.0 0.0 20.0 1.0 0.0 0.0 0.0
1430529296.54
577.1 0.0 20.0 1.0 0.0 0.0 0.0
1430529296.57
577.2 0.0 20.0 1.0 0.0 0.0 0.0
1430529296.6
577.2 0.0 20.0 1.0 0.0 0.0 0.0
1430529296.63
577.3 0.0 20.0 1.0 0.0 0.0 0.0
1430529296.66
577.4 0.0 20.0 1.0 0.0 0.0 0.0
1430529296.69
577.5 0.0 20.0 1.0 0.0 0.0 0.0
1430529296.72
577.6 0.0 20.0 1.0 0.0 0.0 0.0
1430529296.75
577.7 0.0 20.0 1.0 0.0 0.0 0.0
1430529296.78
577.8 0.0 20.0 1.0 0.0 0.0 0.0
1430529296.81
577.9 0.0 20.0 1.0 0.0 0.0 0.0
1430529296.84
578.0 0.0 20.0 1.0 0.0 0.0 0.0
1430529296.87
578.1 0.0 20.0 1.0 0.0 0.0 0.0
1430529296.9
578.2 0.0 20.0 1.0 0.0 0.0 0.0
1430529296.93
578.3 0.0 20.0 1.0 0.0 0.0 0.0
1430529296.96
578.3 0.0 20.0 1.0 0.0 0.0 0.0
1430529296.99
578.4 0.0 20.0 1.0 0.0 0.0 0.0
1430529297.02
578.5 0.0 20.0 1.0 0.0 0.0 0.0
1430529297.05
578.6 0.0 20.0 1.0 0.0 0.0 0.0
1430529297.08
578.7 0.0 20.0 1.0 0.0 0.0 0.0
1430529297.11
578.8 0.0 20.0 1.0 0.0 0.0 0.0
1430529297.14
578.9 0.0 20.0 1.0 0.0 0.0 0.0
1430529297.17
579.0 0.0 20.0 1.0 0.0 0.0 0.0
1430529297.2
579.0 0.0 20.0 1.0 0.0 0.0 0.0
1430529297.23
579.1 0.0 20.0 1.0 0.0 0.0 0.0
1430529297.26
579.2 0.0 20.0 1.0 0.0 0.0 0.0
1430529297.29
579.3 0.0 20.0 1.0 0.0 0.0 0.0
1430529297.32
579.4 0.0 20.0 1.0 0.0 0.0 0.0
1430529297.35
579.5 0.0 20.0 1.0 0.0 0.0 0.0
1430529297.38
579.6 0.0 20.0 1.0 0.0 0.0 0.0
1430529297.41
579.7 0.0 20.0 1.0 0.0 0.0 0.0
1430529297.44
579.8 0.0 20.0 1.0 0.0 0.0 0.0
1430529297.47
579.9 0.0 20.0 1.0 0.0 0.0 0.0
1430529297.5
580.0 0.0 20.0 1.0 0.0 0.0 0.0
1430529297.53
580.0 0.0 20.0 1.0 0.0 0.0 0.0
1430529297.57
580.1 0.0 20.0 1.0 0.0 0.0 0.0
1430529297.59
580.2 0.0 20.0 1.0 0.0 0.0 0.0
1430529297.63
580.3 0.0 20.0 1.0 0.0 0.0 0.0
1430529297.65
580.4 0.0 20.0 1.0 0.0 0.0 0.0
1430529297.68
580.5 0.0 20.0 1.0 0.0 0.0 0.0
1430529297.71
580.6 0.0 20.0 1.0 0.0 0.0 0.0
1430529297.74
580.7 0.0 20.0 1.0 0.0 0.0 0.0
1430529297.77
580.8 0.0 20.0 1.0 0.0 0.0 0.0
1430529297.81
580.9 0.0 20.0 1.0 0.0 0.0 0.0
1430529297.83
581.0 0.0 20.0 1.0 0.0 0.0 0.0
1430529297.87
581.1 0.0 20.0 1.0 0.0 0.0 0.0
1430529297.9
581.2 0.0 20.0 1.0 0.0 0.0 0.0
1430529297.93
581.2 0.0 20.0 1.0 0.0 0.0 0.0
1430529297.96
581.3 0.0 20.0 1.0 0.0 0.0 0.0
1430529297.99
581.4 0.0 20.0 1.0 0.0 0.0 0.0
1430529298.02
581.5 0.0 20.0 1.0 0.0 0.0 0.0
1430529298.05
581.6 0.0 20.0 1.0 0.0 0.0 0.0
1430529298.08
581.7 0.0 20.0 1.0 0.0 0.0 0.0
1430529298.11
581.8 0.0 20.0 1.0 0.0 0.0 0.0
1430529298.14
581.9 0.0 20.0 1.0 0.0 0.0 0.0
1430529298.17
582.0 0.0 20.0 1.0 0.0 0.0 0.0
1430529298.2
582.1 0.0 20.0 1.0 0.0 0.0 0.0
1430529298.23
582.1 0.0 20.0 1.0 0.0 0.0 0.0
1430529298.26
582.2 0.0 20.0 1.0 0.0 0.0 0.0
1430529298.29
582.3 0.0 20.0 1.0 0.0 0.0 0.0
1430529298.32
582.4 0.0 20.0 1.0 0.0 0.0 0.0
1430529298.35
582.5 0.0 20.0 1.0 0.0 0.0 0.0
1430529298.38
582.6 0.0 20.0 1.0 0.0 0.0 0.0
1430529298.42
582.7 0.0 20.0 1.0 0.0 0.0 0.0
1430529298.44
582.8 0.0 20.0 1.0 0.0 0.0 0.0
1430529298.48
582.9 0.0 20.0 1.0 0.0 0.0 0.0
1430529298.5
583.0 0.0 20.0 1.0 0.0 0.0 0.0
1430529298.54
583.1 0.0 20.0 1.0 0.0 0.0 0.0
1430529298.56
583.1 0.0 20.0 1.0 0.0 0.0 0.0
1430529298.6
583.2 0.0 20.0 1.0 0.0 0.0 0.0
1430529298.62
583.3 0.0 20.0 1.0 0.0 0.0 0.0
1430529298.66
583.4 0.0 20.0 1.0 0.0 0.0 0.0
1430529298.69
583.5 0.0 20.0 1.0 0.0 0.0 0.0
1430529298.72
583.6 0.0 20.0 1.0 0.0 0.0 0.0
1430529298.75
583.7 0.0 20.0 1.0 0.0 0.0 0.0
1430529298.78
583.8 0.0 20.0 1.0 0.0 0.0 0.0
1430529298.81
583.9 0.0 20.0 1.0 0.0 0.0 0.0
1430529298.84
584.0 0.0 20.0 1.0 0.0 0.0 0.0
1430529298.87
584.1 0.0 20.0 1.0 0.0 0.0 0.0
1430529298.9
584.1 0.0 20.0 1.0 0.0 0.0 0.0
1430529298.93
584.2 0.0 20.0 1.0 0.0 0.0 0.0
1430529298.96
584.3 0.0 20.0 1.0 0.0 0.0 0.0
1430529298.99
584.4 0.0 20.0 1.0 0.0 0.0 0.0
1430529299.02
584.5 0.0 20.0 1.0 0.0 0.0 0.0
1430529299.05
584.6 0.0 20.0 1.0 0.0 0.0 0.0
1430529299.08
584.7 0.0 20.0 1.0 0.0 0.0 0.0
1430529299.11
584.8 0.0 20.0 1.0 0.0 0.0 0.0
1430529299.14
584.9 0.0 20.0 1.0 0.0 0.0 0.0
1430529299.17
585.0 0.0 20.0 1.0 0.0 0.0 0.0
1430529299.2
585.0 0.0 20.0 1.0 0.0 0.0 0.0
1430529299.23
585.1 0.0 20.0 1.0 0.0 0.0 0.0
1430529299.26
585.2 0.0 20.0 1.0 0.0 0.0 0.0
1430529299.29
585.3 0.0 20.0 1.0 0.0 0.0 0.0
1430529299.32
585.4 0.0 20.0 1.0 0.0 0.0 0.0
1430529299.35
585.5 0.0 20.0 1.0 0.0 0.0 0.0
1430529299.38
585.6 0.0 20.0 1.0 0.0 0.0 0.0
1430529299.41
585.7 0.0 20.0 1.0 0.0 0.0 0.0
1430529299.44
585.8 0.0 20.0 1.0 0.0 0.0 0.0
1430529299.47
585.9 0.0 20.0 1.0 0.0 0.0 0.0
1430529299.5
586.0 0.0 20.0 1.0 0.0 0.0 0.0
1430529299.53
586.0 0.0 20.0 1.0 0.0 0.0 0.0
1430529299.56
586.1 0.0 20.0 1.0 0.0 0.0 0.0
1430529299.59
586.2 0.0 20.0 1.0 0.0 0.0 0.0
1430529299.62
586.3 0.0 20.0 1.0 0.0 0.0 0.0
1430529299.65
586.4 0.0 20.0 1.0 0.0 0.0 0.0
1430529299.68
586.5 0.0 20.0 1.0 0.0 0.0 0.0
1430529299.71
586.6 0.0 20.0 1.0 0.0 0.0 0.0
1430529299.74
586.7 0.0 20.0 1.0 0.0 0.0 0.0
1430529299.77
586.8 0.0 20.0 1.0 0.0 0.0 0.0
1430529299.8
586.8 0.0 20.0 1.0 0.0 0.0 0.0
1430529299.83
586.9 0.0 20.0 1.0 0.0 0.0 0.0
1430529299.86
587.0 0.0 20.0 1.0 0.0 0.0 0.0
1430529299.89
587.1 0.0 20.0 1.0 0.0 0.0 0.0
1430529299.92
587.2 0.0 20.0 1.0 0.0 0.0 0.0
1430529299.95
587.3 0.0 20.0 1.0 0.0 0.0 0.0
1430529299.98
587.4 0.0 20.0 1.0 0.0 0.0 0.0
1430529300.01
587.5 0.0 20.0 1.0 0.0 0.0 0.0
1430529300.04
587.6 0.0 20.0 1.0 0.0 0.0 0.0
1430529300.07
587.7 0.0 20.0 1.0 0.0 0.0 0.0
1430529300.1
587.7 0.0 20.0 1.0 0.0 0.0 0.0
1430529300.13
587.8 0.0 20.0 1.0 0.0 0.0 0.0
1430529300.16
587.9 0.0 20.0 1.0 0.0 0.0 0.0
1430529300.19
588.0 0.0 20.0 1.0 0.0 0.0 0.0
1430529300.22
588.1 0.0 20.0 1.0 0.0 0.0 0.0
1430529300.25
588.2 0.0 20.0 1.0 0.0 0.0 0.0
1430529300.28
588.3 0.0 20.0 1.0 0.0 0.0 0.0
1430529300.31
588.4 0.0 20.0 1.0 0.0 0.0 0.0
1430529300.34
588.5 0.0 20.0 1.0 0.0 0.0 0.0
1430529300.37
588.6 0.0 20.0 1.0 0.0 0.0 0.0
1430529300.4
588.6 0.0 20.0 1.0 0.0 0.0 0.0
1430529300.43
588.7 0.0 20.0 1.0 0.0 0.0 0.0
1430529300.46
588.8 0.0 20.0 1.0 0.0 0.0 0.0
1430529300.49
588.9 0.0 20.0 1.0 0.0 0.0 0.0
1430529300.52
589.0 0.0 20.0 1.0 0.0 0.0 0.0
1430529300.55
589.1 0.0 20.0 1.0 0.0 0.0 0.0
1430529300.58
589.2 0.0 20.0 1.0 0.0 0.0 0.0
1430529300.61
589.3 0.0 20.0 1.0 0.0 0.0 0.0
1430529300.64
589.4 0.0 20.0 1.0 0.0 0.0 0.0
1430529300.67
589.5 0.0 20.0 1.0 0.0 0.0 0.0
1430529300.7
589.5 0.0 20.0 1.0 0.0 0.0 0.0
1430529300.73
589.6 0.0 20.0 1.0 0.0 0.0 0.0
1430529300.76
589.7 0.0 20.0 1.0 0.0 0.0 0.0
1430529300.79
589.8 0.0 20.0 1.0 0.0 0.0 0.0
1430529300.82
589.9 0.0 20.0 1.0 0.0 0.0 0.0
1430529300.85
590.0 0.0 20.0 1.0 0.0 0.0 0.0
1430529300.88
590.1 0.0 20.0 1.0 0.0 0.0 0.0
1430529300.91
590.2 0.0 20.0 1.0 0.0 0.0 0.0
1430529300.94
590.3 0.0 20.0 1.0 0.0 0.0 0.0
1430529300.97
590.4 0.0 20.0 1.0 0.0 0.0 0.0
1430529301.0
590.5 0.0 20.0 1.0 0.0 0.0 0.0
1430529301.03
590.6 0.0 20.0 1.0 0.0 0.0 0.0
1430529301.06
590.6 0.0 20.0 1.0 0.0 0.0 0.0
1430529301.09
590.7 0.0 20.0 1.0 0.0 0.0 0.0
1430529301.12
590.8 0.0 20.0 1.0 0.0 0.0 0.0
1430529301.15
590.9 0.0 20.0 1.0 0.0 0.0 0.0
1430529301.19
591.0 0.0 20.0 1.0 0.0 0.0 0.0
1430529301.22
591.1 0.0 20.0 1.0 0.0 0.0 0.0
1430529301.25
591.2 0.0 20.0 1.0 0.0 0.0 0.0
1430529301.28
591.3 0.0 20.0 1.0 0.0 0.0 0.0
1430529301.31
591.4 0.0 20.0 1.0 0.0 0.0 0.0
1430529301.34
591.5 0.0 20.0 1.0 0.0 0.0 0.0
1430529301.37
591.5 0.0 20.0 1.0 0.0 0.0 0.0
1430529301.39
591.6 0.0 20.0 1.0 0.0 0.0 0.0
1430529301.43
591.7 0.0 20.0 1.0 0.0 0.0 0.0
1430529301.46
591.8 0.0 20.0 1.0 0.0 0.0 0.0
1430529301.49
591.9 0.0 20.0 1.0 0.0 0.0 0.0
1430529301.52
592.0 0.0 20.0 1.0 0.0 0.0 0.0
1430529301.55
592.1 0.0 20.0 1.0 0.0 0.0 0.0
1430529301.58
592.2 0.0 20.0 1.0 0.0 0.0 0.0
1430529301.61
592.3 0.0 20.0 1.0 0.0 0.0 0.0
1430529301.64
592.4 0.0 20.0 1.0 0.0 0.0 0.0
1430529301.67
592.4 0.0 20.0 1.0 0.0 0.0 0.0
1430529301.7
592.6 0.0 20.0 1.0 0.0 0.0 0.0
1430529301.73
592.6 0.0 20.0 1.0 0.0 0.0 0.0
1430529301.76
592.7 0.0 20.0 1.0 0.0 0.0 0.0
1430529301.79
592.8 0.0 20.0 1.0 0.0 0.0 0.0
1430529301.82
592.9 0.0 20.0 1.0 0.0 0.0 0.0
1430529301.85
593.0 0.0 20.0 1.0 0.0 0.0 0.0
1430529301.88
593.1 0.0 20.0 1.0 0.0 0.0 0.0
1430529301.91
593.2 0.0 20.0 1.0 0.0 0.0 0.0
1430529301.94
593.3 0.0 20.0 1.0 0.0 0.0 0.0
1430529301.97
593.3 0.0 20.0 1.0 0.0 0.0 0.0
1430529302.0
593.5 0.0 20.0 1.0 0.0 0.0 0.0
1430529302.03
593.5 0.0 20.0 1.0 0.0 0.0 0.0
1430529302.06
593.6 0.0 20.0 1.0 0.0 0.0 0.0
1430529302.09
593.7 0.0 20.0 1.0 0.0 0.0 0.0
1430529302.12
593.8 0.0 20.0 1.0 0.0 0.0 0.0
1430529302.15
593.9 0.0 20.0 1.0 0.0 0.0 0.0
1430529302.18
594.0 0.0 20.0 1.0 0.0 0.0 0.0
1430529302.21
594.1 0.0 20.0 1.0 0.0 0.0 0.0
1430529302.24
594.2 0.0 20.0 1.0 0.0 0.0 0.0
1430529302.27
594.3 0.0 20.0 1.0 0.0 0.0 0.0
1430529302.3
594.4 0.0 20.0 1.0 0.0 0.0 0.0
1430529302.34
594.5 0.0 20.0 1.0 0.0 0.0 0.0
1430529302.36
594.6 0.0 20.0 1.0 0.0 0.0 0.0
1430529302.4
594.6 0.0 20.0 1.0 0.0 0.0 0.0
1430529302.42
594.7 0.0 20.0 1.0 0.0 0.0 0.0
1430529302.45
594.8 0.0 20.0 1.0 0.0 0.0 0.0
1430529302.48
594.9 0.0 20.0 1.0 0.0 0.0 0.0
1430529302.52
595.0 0.0 20.0 1.0 0.0 0.0 0.0
1430529302.54
595.1 0.0 20.0 1.0 0.0 0.0 0.0
1430529302.58
595.2 0.0 20.0 1.0 0.0 0.0 0.0
1430529302.61
595.3 0.0 20.0 1.0 0.0 0.0 0.0
1430529302.64
595.3 0.0 20.0 1.0 0.0 0.0 0.0
1430529302.67
595.4 0.0 20.0 1.0 0.0 0.0 0.0
1430529302.69
595.5 0.0 20.0 1.0 0.0 0.0 0.0
1430529302.73
595.6 0.0 20.0 1.0 0.0 0.0 0.0
1430529302.76
595.7 0.0 20.0 1.0 0.0 0.0 0.0
1430529302.78
595.8 0.0 20.0 1.0 0.0 0.0 0.0
1430529302.82
595.9 0.0 20.0 1.0 0.0 0.0 0.0
1430529302.85
596.0 0.0 20.0 1.0 0.0 0.0 0.0
1430529302.88
596.1 0.0 20.0 1.0 0.0 0.0 0.0
1430529302.91
596.2 0.0 20.0 1.0 0.0 0.0 0.0
1430529302.94
596.3 0.0 20.0 1.0 0.0 0.0 0.0
1430529302.97
596.4 0.0 20.0 1.0 0.0 0.0 0.0
1430529303.0
596.4 0.0 20.0 1.0 0.0 0.0 0.0
1430529303.03
596.5 0.0 20.0 1.0 0.0 0.0 0.0
1430529303.06
596.6 0.0 20.0 1.0 0.0 0.0 0.0
1430529303.09
596.7 0.0 20.0 1.0 0.0 0.0 0.0
1430529303.12
596.8 0.0 20.0 1.0 0.0 0.0 0.0
1430529303.14
596.9 0.0 20.0 1.0 0.0 0.0 0.0
1430529303.18
597.0 0.0 20.0 1.0 0.0 0.0 0.0
1430529303.21
597.1 0.0 20.0 1.0 0.0 0.0 0.0
1430529303.24
597.2 0.0 20.0 1.0 0.0 0.0 0.0
1430529303.27
597.3 0.0 20.0 1.0 0.0 0.0 0.0
1430529303.3
597.3 0.0 20.0 1.0 0.0 0.0 0.0
1430529303.33
597.4 0.0 20.0 1.0 0.0 0.0 0.0
1430529303.36
597.5 0.0 20.0 1.0 0.0 0.0 0.0
1430529303.39
597.6 0.0 20.0 1.0 0.0 0.0 0.0
1430529303.42
597.7 0.0 20.0 1.0 0.0 0.0 0.0
1430529303.45
597.8 0.0 20.0 1.0 0.0 0.0 0.0
1430529303.48
597.9 0.0 20.0 1.0 0.0 0.0 0.0
1430529303.51
598.0 0.0 20.0 1.0 0.0 0.0 0.0
1430529303.54
598.1 0.0 20.0 1.0 0.0 0.0 0.0
1430529303.57
598.2 0.0 20.0 1.0 0.0 0.0 0.0
1430529303.6
598.3 0.0 20.0 1.0 0.0 0.0 0.0
1430529303.63
598.3 0.0 20.0 1.0 0.0 0.0 0.0
1430529303.66
598.4 0.0 20.0 1.0 0.0 0.0 0.0
1430529303.69
598.5 0.0 20.0 1.0 0.0 0.0 0.0
1430529303.73
598.6 0.0 20.0 1.0 0.0 0.0 0.0
1430529303.75
598.7 0.0 20.0 1.0 0.0 0.0 0.0
1430529303.79
598.8 0.0 20.0 1.0 0.0 0.0 0.0
1430529303.81
598.9 0.0 20.0 1.0 0.0 0.0 0.0
1430529303.84
599.0 0.0 20.0 1.0 0.0 0.0 0.0
1430529303.87
599.1 0.0 20.0 1.0 0.0 0.0 0.0
1430529303.9
599.2 0.0 20.0 1.0 0.0 0.0 0.0
1430529303.93
599.3 0.0 20.0 1.0 0.0 0.0 0.0
1430529303.97
599.3 0.0 20.0 1.0 0.0 0.0 0.0
1430529303.99
599.4 0.0 20.0 1.0 0.0 0.0 0.0
1430529304.02
599.5 0.0 20.0 1.0 0.0 0.0 0.0
1430529304.05
599.6 0.0 20.0 1.0 0.0 0.0 0.0
1430529304.08
599.7 0.0 20.0 1.0 0.0 0.0 0.0
1430529304.11
599.8 0.0 20.0 1.0 0.0 0.0 0.0
1430529304.14
599.9 0.0 20.0 1.0 0.0 0.0 0.0
1430529304.17
600.0 0.0 20.0 1.0 0.0 0.0 0.0
1430529304.2
600.0 0.0 20.0 1.0 0.0 0.0 0.0
1430529304.23
600.0 0.0 20.0 1.0 0.0 0.0 0.0
1430529304.26
600.0 0.0 20.0 1.0 0.0 0.0 0.0
1430529304.29
600.0 0.0 20.0 1.0 0.0 0.0 0.0
1430529304.32
600.0 0.0 20.0 1.0 0.0 0.0 0.0
1430529304.35
600.0 0.0 20.0 1.0 0.0 0.0 0.0
1430529304.38
600.0 0.0 20.0 1.0 0.0 0.0 0.0
1430529304.41
600.0 0.0 20.0 1.0 0.0 0.0 0.0
1430529304.44
600.0 0.0 20.0 1.0 0.0 0.0 0.0
1430529304.47
600.0 0.0 20.0 1.0 0.0 0.0 0.0
1430529304.5
600.0 0.0 20.0 1.0 0.0 0.0 0.0
1430529304.53
600.0 0.0 20.0 1.0 0.0 0.0 0.0
1430529304.56
600.0 0.0 20.0 1.0 0.0 0.0 0.0
1430529304.59
600.0 0.0 20.0 1.0 0.0 0.0 0.0
1430529304.62
600.0 0.0 20.0 1.0 0.0 0.0 0.0
1430529304.65
600.0 0.0 20.0 1.0 0.0 0.0 0.0
1430529304.68
600.0 0.0 20.0 1.0 0.0 0.0 0.0
1430529304.71
600.0 0.0 20.0 1.0 0.0 0.0 0.0
1430529304.74
600.0 0.0 20.0 1.0 0.0 0.0 0.0
1430529304.77
600.0 0.0 20.0 1.0 0.0 0.0 0.0
1430529304.8
600.0 0.0 20.0 1.0 0.0 0.0 0.0
1430529304.83
600.0 0.0 20.0 1.0 0.0 0.0 0.0
1430529304.86
600.0 0.0 20.0 1.0 0.0 0.0 0.0
1430529304.89
600.0 0.0 20.0 1.0 0.0 0.0 0.0
1430529304.92
600.0 0.0 20.0 1.0 0.0 0.0 0.0
1430529304.95
600.0 0.0 20.0 1.0 0.0 0.0 0.0
1430529304.98
600.0 0.0 20.0 1.0 0.0 0.0 0.0
1430529305.01
600.0 0.0 20.0 1.0 0.0 0.0 0.0
1430529305.04
600.0 0.0 20.0 1.0 0.0 0.0 0.0
1430529305.07
600.0 0.0 20.0 1.0 0.0 0.0 0.0
1430529305.11
600.0 0.0 20.0 1.0 0.0 0.0 0.0
1430529305.13
600.0 0.0 20.0 1.0 0.0 0.0 0.0
1430529305.17
600.0 0.0 20.0 1.0 0.0 0.0 0.0
1430529305.19
600.0 0.0 20.0 1.0 0.0 0.0 0.0
1430529305.23
600.0 0.0 20.0 1.0 0.0 0.0 0.0
1430529305.25
600.0 0.0 20.0 1.0 0.0 0.0 0.0
1430529305.29
600.0 0.0 20.0 1.0 0.0 0.0 0.0
1430529305.31
600.0 0.0 20.0 1.0 0.0 0.0 0.0
1430529305.35
600.0 0.0 20.0 1.0 0.0 0.0 0.0
1430529305.37
600.0 0.0 20.0 1.0 0.0 0.0 0.0
1430529305.4
600.0 0.0 20.0 1.0 0.0 0.0 0.0
1430529305.43
600.0 0.0 20.0 1.0 0.0 0.0 0.0
1430529305.47
600.0 0.0 20.0 1.0 0.0 0.0 0.0
1430529305.49
600.0 0.0 20.0 1.0 0.0 0.0 0.0
1430529305.53
600.0 0.0 20.0 1.0 0.0 0.0 0.0
1430529305.55
600.0 0.0 20.0 1.0 0.0 0.0 0.0
1430529305.59
600.0 0.0 20.0 1.0 0.0 0.0 0.0
1430529305.61
600.0 0.0 20.0 1.0 0.0 0.0 0.0
1430529305.65
600.0 0.0 20.0 1.0 0.0 0.0 0.0
1430529305.67
600.0 0.0 20.0 1.0 0.0 0.0 0.0
1430529305.71
600.0 0.0 20.0 1.0 0.0 0.0 0.0
1430529305.73
600.0 0.0 20.0 1.0 0.0 0.0 0.0
1430529305.77
600.0 0.0 20.0 1.0 0.0 0.0 0.0
1430529305.79
600.0 0.0 20.0 1.0 0.0 0.0 0.0
1430529305.83
600.0 0.0 20.0 1.0 0.0 0.0 0.0
1430529305.85
600.0 0.0 20.0 1.0 0.0 0.0 0.0
1430529305.88
600.0 0.0 20.0 1.0 0.0 0.0 0.0
1430529305.91
600.0 0.0 20.0 1.0 0.0 0.0 0.0
1430529305.95
600.0 0.0 20.0 1.0 0.0 0.0 0.0
1430529305.97
600.0 0.0 20.0 1.0 0.0 0.0 0.0
1430529306.0
600.0 0.0 20.0 1.0 0.0 0.0 0.0
1430529306.03
600.0 0.0 20.0 1.0 0.0 0.0 0.0
1430529306.06
600.0 0.0 20.0 1.0 0.0 0.0 0.0
1430529306.09
600.0 0.0 20.0 1.0 0.0 0.0 0.0
1430529306.12
600.0 0.0 20.0 1.0 0.0 0.0 0.0
1430529306.15
600.0 0.0 20.0 1.0 0.0 0.0 0.0
1430529306.18
600.0 0.0 20.0 1.0 0.0 0.0 0.0
1430529306.21
600.0 0.0 20.0 1.0 0.0 0.0 0.0
1430529306.24
600.0 0.0 20.0 1.0 0.0 0.0 0.0
1430529306.28
600.0 0.0 20.0 1.0 0.0 0.0 0.0
1430529306.3
600.0 0.0 20.0 1.0 0.0 0.0 0.0
1430529306.33
600.0 0.0 20.0 1.0 0.0 0.0 0.0
1430529306.37
600.0 0.0 20.0 1.0 0.0 0.0 0.0
1430529306.39
600.0 0.0 20.0 1.0 0.0 0.0 0.0
1430529306.43
600.0 0.0 20.0 1.0 0.0 0.0 0.0
1430529306.45
600.0 0.0 20.0 1.0 0.0 0.0 0.0
1430529306.48
600.0 0.0 20.0 1.0 0.0 0.0 0.0
1430529306.51
600.0 0.0 20.0 1.0 0.0 0.0 0.0
1430529306.54
600.0 0.0 20.0 1.0 0.0 0.0 0.0
1430529306.57
600.0 0.0 20.0 1.0 0.0 0.0 0.0
1430529306.6
600.0 0.0 20.0 1.0 0.0 0.0 0.0
1430529306.63
600.0 0.0 20.0 1.0 0.0 0.0 0.0
1430529306.67
600.0 0.0 20.0 1.0 0.0 0.0 0.0
1430529306.7
600.0 0.0 20.0 1.0 0.0 0.0 0.0
1430529306.73
600.0 0.0 20.0 1.0 0.0 0.0 0.0
1430529306.75
600.0 0.0 20.0 1.0 0.0 0.0 0.0
1430529306.79
600.0 0.0 20.0 1.0 0.0 0.0 0.0
1430529306.81
600.0 0.0 20.0 1.0 0.0 0.0 0.0
1430529306.85
600.0 0.0 20.0 1.0 0.0 0.0 0.0
1430529306.87
600.0 0.0 20.0 1.0 0.0 0.0 0.0
1430529306.91
600.0 0.0 20.0 1.0 0.0 0.0 0.0
1430529306.93
600.0 0.0 20.0 1.0 0.0 0.0 0.0
1430529306.97
600.0 0.0 20.0 1.0 0.0 0.0 0.0
1430529306.99
600.0 0.0 20.0 1.0 0.0 0.0 0.0
1430529307.03
600.0 0.0 20.0 1.0 0.0 0.0 0.0
1430529307.05
600.0 0.0 20.0 1.0 0.0 0.0 0.0
1430529307.09
600.0 0.0 20.0 1.0 0.0 0.0 0.0
1430529307.11
600.0 0.0 20.0 1.0 0.0 0.0 0.0
1430529307.15
600.0 0.0 20.0 1.0 0.0 0.0 0.0
1430529307.17
600.0 0.0 20.0 1.0 0.0 0.0 0.0
1430529307.21
600.0 0.0 20.0 1.0 0.0 0.0 0.0
1430529307.23
600.0 0.0 20.0 1.0 0.0 0.0 0.0
1430529307.27
600.0 0.0 20.0 1.0 0.0 0.0 0.0
1430529307.29
600.0 0.0 20.0 1.0 0.0 0.0 0.0
1430529307.33
600.0 0.0 20.0 1.0 0.0 0.0 0.0
1430529307.35
600.0 0.0 20.0 1.0 0.0 0.0 0.0
1430529307.39
600.0 0.0 20.0 1.0 0.0 0.0 0.0
1430529307.41
600.0 0.0 20.0 1.0 0.0 0.0 0.0
1430529307.45
600.0 0.0 20.0 1.0 0.0 0.0 0.0
1430529307.48
600.0 0.0 20.0 1.0 0.0 0.0 0.0
1430529307.51
600.0 0.0 20.0 1.0 0.0 0.0 0.0
1430529307.54
600.0 0.0 20.0 1.0 0.0 0.0 0.0
1430529307.57
600.0 0.0 20.0 1.0 0.0 0.0 0.0
1430529307.6
600.0 0.0 20.0 1.0 0.0 0.0 0.0
1430529307.63
600.0 0.0 20.0 1.0 0.0 0.0 0.0
1430529307.66
600.0 0.0 20.0 1.0 0.0 0.0 0.0
1430529307.69
600.0 0.0 20.0 1.0 0.0 0.0 0.0
1430529307.72
600.0 0.0 20.0 1.0 0.0 0.0 0.0
1430529307.75
600.0 0.0 20.0 1.0 0.0 0.0 0.0
1430529307.78
600.0 0.0 20.0 1.0 0.0 0.0 0.0
1430529307.81
600.0 0.0 20.0 1.0 0.0 0.0 0.0
1430529307.84
600.0 0.0 20.0 1.0 0.0 0.0 0.0
1430529307.87
600.0 0.0 20.0 1.0 0.0 0.0 0.0
1430529307.9
600.0 0.0 20.0 1.0 0.0 0.0 0.0
1430529307.93
600.0 0.0 20.0 1.0 0.0 0.0 0.0
1430529307.96
600.0 0.0 20.0 1.0 0.0 0.0 0.0
1430529307.99
600.0 0.0 20.0 1.0 0.0 0.0 0.0
1430529308.02
600.0 0.0 20.0 1.0 0.0 0.0 0.0
1430529308.05
600.0 0.0 20.0 1.0 0.0 0.0 0.0
1430529308.08
600.0 0.0 20.0 1.0 0.0 0.0 0.0
1430529308.11
600.0 0.0 20.0 1.0 0.0 0.0 0.0
1430529308.13
600.0 0.0 20.0 1.0 0.0 0.0 0.0
1430529308.17
600.0 0.0 20.0 1.0 0.0 0.0 0.0
1430529308.19
600.0 0.0 20.0 1.0 0.0 0.0 0.0
1430529308.23
600.0 0.0 20.0 1.0 0.0 0.0 0.0
1430529308.26
600.0 0.0 20.0 1.0 0.0 0.0 0.0
1430529308.29
600.0 0.0 20.0 1.0 0.0 0.0 0.0
1430529308.32
600.0 0.0 20.0 1.0 0.0 0.0 0.0
1430529308.35
600.0 0.0 20.0 1.0 0.0 0.0 0.0
1430529308.38
600.0 0.0 20.0 1.0 0.0 0.0 0.0
1430529308.41
600.0 0.0 20.0 1.0 0.0 0.0 0.0
1430529308.44
600.0 0.0 20.0 1.0 0.0 0.0 0.0
1430529308.47
600.0 0.0 20.0 1.0 0.0 0.0 0.0
1430529308.5
600.0 0.0 20.0 1.0 0.0 0.0 0.0
1430529308.53
600.0 0.0 20.0 1.0 0.0 0.0 0.0
1430529308.55
600.0 0.0 20.0 1.0 0.0 0.0 0.0
1430529308.59
600.0 0.0 20.0 1.0 0.0 0.0 0.0
1430529308.61
600.0 0.0 20.0 1.0 0.0 0.0 0.0
1430529308.65
600.0 0.0 20.0 1.0 0.0 0.0 0.0
1430529308.68
600.0 0.0 20.0 1.0 0.0 0.0 0.0
1430529308.71
600.0 0.0 20.0 1.0 0.0 0.0 0.0
1430529308.74
600.0 0.0 20.0 1.0 0.0 0.0 0.0
1430529308.77
600.0 0.0 20.0 1.0 0.0 0.0 0.0
1430529308.8
600.0 0.0 20.0 1.0 0.0 0.0 0.0
1430529308.83
600.0 0.0 20.0 1.0 0.0 0.0 0.0
1430529308.86
600.0 0.0 20.0 1.0 0.0 0.0 0.0
1430529308.89
600.0 0.0 20.0 1.0 0.0 0.0 0.0
1430529308.92
600.0 0.0 20.0 1.0 0.0 0.0 0.0
1430529308.95
600.0 0.0 20.0 1.0 0.0 0.0 0.0
1430529308.98
600.0 0.0 20.0 1.0 0.0 0.0 0.0
1430529309.01
600.0 0.0 20.0 1.0 0.0 0.0 0.0
1430529309.04
600.0 0.0 20.0 1.0 0.0 0.0 0.0
1430529309.07
600.0 0.0 20.0 1.0 0.0 0.0 0.0
1430529309.1
600.0 0.0 20.0 1.0 0.0 0.0 0.0
1430529309.13
600.0 0.0 20.0 1.0 0.0 0.0 0.0
1430529309.16
600.0 0.0 20.0 1.0 0.0 0.0 0.0
1430529309.19
600.0 0.0 20.0 1.0 0.0 0.0 0.0
1430529309.22
600.0 0.0 20.0 1.0 0.0 0.0 0.0
1430529309.25
600.0 0.0 20.0 1.0 0.0 0.0 0.0
1430529309.28
600.0 0.0 20.0 1.0 0.0 0.0 0.0
1430529309.31
600.0 0.0 20.0 1.0 0.0 0.0 0.0
1430529309.34
600.0 0.0 20.0 1.0 0.0 0.0 0.0
1430529309.37
600.0 0.0 20.0 1.0 0.0 0.0 0.0
1430529309.4
600.0 0.0 20.0 1.0 0.0 0.0 0.0
1430529309.43
600.0 0.0 20.0 1.0 0.0 0.0 0.0
1430529309.46
600.0 0.0 20.0 1.0 0.0 0.0 0.0
1430529309.49
600.0 0.0 20.0 1.0 0.0 0.0 0.0
1430529309.52
600.0 0.0 20.0 1.0 0.0 0.0 0.0
1430529309.55
600.0 0.0 20.0 1.0 0.0 0.0 0.0
1430529309.58
600.0 0.0 20.0 1.0 0.0 0.0 0.0
1430529309.61
600.0 0.0 20.0 1.0 0.0 0.0 0.0
1430529309.64
600.0 0.0 20.0 1.0 0.0 0.0 0.0
1430529309.67
600.0 0.0 20.0 1.0 0.0 0.0 0.0
1430529309.7
600.0 0.0 20.0 1.0 0.0 0.0 0.0
1430529309.73
600.0 0.0 20.0 1.0 0.0 0.0 0.0
1430529309.76
600.0 0.0 20.0 1.0 0.0 0.0 0.0
1430529309.79
600.0 0.0 20.0 1.0 0.0 0.0 0.0
1430529309.82
600.0 0.0 20.0 1.0 0.0 0.0 0.0
1430529309.85
600.0 0.0 20.0 1.0 0.0 0.0 0.0
1430529309.88
600.0 0.0 20.0 1.0 0.0 0.0 0.0
1430529309.91
600.0 0.0 20.0 1.0 0.0 0.0 0.0
1430529309.94
600.0 0.0 20.0 1.0 0.0 0.0 0.0
1430529309.97
600.0 0.0 20.0 1.0 0.0 0.0 0.0
1430529310.0
600.0 0.0 20.0 1.0 0.0 0.0 0.0
1430529310.03
600.0 0.0 20.0 1.0 0.0 0.0 0.0
1430529310.06
600.0 0.0 20.0 1.0 0.0 0.0 0.0
1430529310.09
600.0 0.0 20.0 1.0 0.0 0.0 0.0
1430529310.12
600.0 0.0 20.0 1.0 0.0 0.0 0.0
1430529310.15
600.0 0.0 20.0 1.0 0.0 0.0 0.0
1430529310.18
600.0 0.0 20.0 1.0 0.0 0.0 0.0
1430529310.21
600.0 0.0 20.0 1.0 0.0 0.0 0.0
1430529310.24
600.0 0.0 20.0 1.0 0.0 0.0 0.0
1430529310.27
600.0 0.0 20.0 1.0 0.0 0.0 0.0
1430529310.3
600.0 0.0 20.0 1.0 0.0 0.0 0.0
1430529310.33
600.0 0.0 20.0 1.0 0.0 0.0 0.0
1430529310.36
600.0 0.0 20.0 1.0 0.0 0.0 0.0
1430529310.39
600.0 0.0 20.0 1.0 0.0 0.0 0.0
1430529310.42
600.0 0.0 20.0 1.0 0.0 0.0 0.0
1430529310.45
600.0 0.0 20.0 1.0 0.0 0.0 0.0
1430529310.48
600.0 0.0 20.0 1.0 0.0 0.0 0.0
1430529310.51
600.0 0.0 20.0 1.0 0.0 0.0 0.0
1430529310.54
600.0 0.0 20.0 1.0 0.0 0.0 0.0
1430529310.57
600.0 0.0 20.0 1.0 0.0 0.0 0.0
1430529310.6
600.0 0.0 20.0 1.0 0.0 0.0 0.0
1430529310.63
600.0 0.0 20.0 1.0 0.0 0.0 0.0
1430529310.66
600.0 0.0 20.0 1.0 0.0 0.0 0.0
1430529310.69
600.0 0.0 20.0 1.0 0.0 0.0 0.0
1430529310.72
600.0 0.0 20.0 1.0 0.0 0.0 0.0
1430529310.75
600.0 0.0 20.0 1.0 0.0 0.0 0.0
1430529310.78
600.0 0.0 20.0 1.0 0.0 0.0 0.0
1430529310.81
600.0 0.0 20.0 1.0 0.0 0.0 0.0
1430529310.84
600.0 0.0 20.0 1.0 0.0 0.0 0.0
1430529310.87
600.0 0.0 20.0 1.0 0.0 0.0 0.0
1430529310.9
600.0 0.0 20.0 1.0 0.0 0.0 0.0
1430529310.93
600.0 0.0 20.0 1.0 0.0 0.0 0.0
1430529310.96
600.0 0.0 20.0 1.0 0.0 0.0 0.0
1430529310.99
600.0 0.0 20.0 1.0 0.0 0.0 0.0
1430529311.02
600.0 0.0 20.0 1.0 0.0 0.0 0.0
1430529311.05
600.0 0.0 20.0 1.0 0.0 0.0 0.0
1430529311.08
600.0 0.0 20.0 1.0 0.0 0.0 0.0
1430529311.11
600.0 0.0 20.0 1.0 0.0 0.0 0.0
1430529311.14
600.0 0.0 20.0 1.0 0.0 0.0 0.0
1430529311.17
600.0 0.0 20.0 1.0 0.0 0.0 0.0
1430529311.2
600.0 0.0 20.0 1.0 0.0 0.0 0.0
1430529311.23
600.0 0.0 20.0 1.0 0.0 0.0 0.0
1430529311.26
600.0 0.0 20.0 1.0 0.0 0.0 0.0
1430529311.29
600.0 0.0 20.0 1.0 0.0 0.0 0.0
1430529311.32
600.0 0.0 20.0 1.0 0.0 0.0 0.0
1430529311.35
600.0 0.0 20.0 1.0 0.0 0.0 0.0
1430529311.38
600.0 0.0 20.0 1.0 0.0 0.0 0.0
1430529311.41
600.0 0.0 20.0 1.0 0.0 0.0 0.0
1430529311.44
600.0 0.0 20.0 1.0 0.0 0.0 0.0
1430529311.47
600.0 0.0 20.0 1.0 0.0 0.0 0.0
1430529311.5
600.0 0.0 20.0 1.0 0.0 0.0 0.0
1430529311.53
600.0 0.0 20.0 1.0 0.0 0.0 0.0
1430529311.56
600.0 0.0 20.0 1.0 0.0 0.0 0.0
1430529311.59
600.0 0.0 20.0 1.0 0.0 0.0 0.0
1430529311.62
600.0 0.0 20.0 1.0 0.0 0.0 0.0
1430529311.65
600.0 0.0 20.0 1.0 0.0 0.0 0.0
1430529311.68
600.0 0.0 20.0 1.0 0.0 0.0 0.0
1430529311.71
600.0 0.0 20.0 1.0 0.0 0.0 0.0
1430529311.74
600.0 0.0 20.0 1.0 0.0 0.0 0.0
1430529311.77
600.0 0.0 20.0 1.0 0.0 0.0 0.0
1430529311.8
600.0 0.0 20.0 1.0 0.0 0.0 0.0
1430529311.83
600.0 0.0 20.0 1.0 0.0 0.0 0.0
1430529311.86
600.0 0.0 20.0 1.0 0.0 0.0 0.0
1430529311.89
600.0 0.0 20.0 1.0 0.0 0.0 0.0
1430529311.92
600.0 0.0 20.0 1.0 0.0 0.0 0.0
1430529311.95
600.0 0.0 20.0 1.0 0.0 0.0 0.0
1430529311.98
600.0 0.0 20.0 1.0 0.0 0.0 0.0
1430529312.01
600.0 0.0 20.0 1.0 0.0 0.0 0.0
1430529312.04
600.0 0.0 20.0 1.0 0.0 0.0 0.0
1430529312.07
600.0 0.0 20.0 1.0 0.0 0.0 0.0
1430529312.1
600.0 0.0 20.0 1.0 0.0 0.0 0.0
1430529312.13
600.0 0.0 20.0 1.0 0.0 0.0 0.0
1430529312.16
600.0 0.0 20.0 1.0 0.0 0.0 0.0
1430529312.19
600.0 0.0 20.0 1.0 0.0 0.0 0.0
1430529312.22
600.0 0.0 20.0 1.0 0.0 0.0 0.0
1430529312.25
600.0 0.0 20.0 1.0 0.0 0.0 0.0
1430529312.28
600.0 0.0 20.0 1.0 0.0 0.0 0.0
1430529312.31
600.0 0.0 20.0 1.0 0.0 0.0 0.0
1430529312.34
600.0 0.0 20.0 1.0 0.0 0.0 0.0
1430529312.37
600.0 0.0 20.0 1.0 0.0 0.0 0.0
1430529312.4
600.0 0.0 20.0 1.0 0.0 0.0 0.0
1430529312.43
600.0 0.0 20.0 1.0 0.0 0.0 0.0
1430529312.46
600.0 0.0 20.0 1.0 0.0 0.0 0.0
1430529312.49
600.0 0.0 20.0 1.0 0.0 0.0 0.0
1430529312.52
600.0 0.0 20.0 1.0 0.0 0.0 0.0
1430529312.55
600.0 0.0 20.0 1.0 0.0 0.0 0.0
1430529312.58
600.0 0.0 20.0 1.0 0.0 0.0 0.0
1430529312.61
600.0 0.0 20.0 1.0 0.0 0.0 0.0
1430529312.64
600.0 0.0 20.0 1.0 0.0 0.0 0.0
1430529312.67
600.0 0.0 20.0 1.0 0.0 0.0 0.0
1430529312.7
600.0 0.0 20.0 1.0 0.0 0.0 0.0
1430529312.73
600.0 0.0 20.0 1.0 0.0 0.0 0.0
1430529312.76
600.0 0.0 20.0 1.0 0.0 0.0 0.0
1430529312.79
600.0 0.0 20.0 1.0 0.0 0.0 0.0
1430529312.82
600.0 0.0 20.0 1.0 0.0 0.0 0.0
1430529312.85
600.0 0.0 20.0 1.0 0.0 0.0 0.0
1430529312.88
600.0 0.0 20.0 1.0 0.0 0.0 0.0
1430529312.91
600.0 0.0 20.0 1.0 0.0 0.0 0.0
1430529312.94
600.0 0.0 20.0 1.0 0.0 0.0 0.0
1430529312.97
600.0 0.0 20.0 1.0 0.0 0.0 0.0
1430529313.0
600.0 0.0 20.0 1.0 0.0 0.0 0.0
1430529313.03
600.0 0.0 20.0 1.0 0.0 0.0 0.0
1430529313.06
600.0 0.0 20.0 1.0 0.0 0.0 0.0
1430529313.09
600.0 0.0 20.0 1.0 0.0 0.0 0.0
1430529313.12
600.0 0.0 20.0 1.0 0.0 0.0 0.0
1430529313.15
600.0 0.0 20.0 1.0 0.0 0.0 0.0
1430529313.18
600.0 0.0 20.0 1.0 0.0 0.0 0.0
1430529313.21
600.0 0.0 20.0 1.0 0.0 0.0 0.0
1430529313.24
600.0 0.0 20.0 1.0 0.0 0.0 0.0
1430529313.27
600.0 0.0 20.0 1.0 0.0 0.0 0.0
1430529313.3
600.0 0.0 20.0 1.0 0.0 0.0 0.0
1430529313.33
600.0 0.0 20.0 1.0 0.0 0.0 0.0
1430529313.36
600.0 0.0 20.0 1.0 0.0 0.0 0.0
1430529313.39
600.0 0.0 20.0 1.0 0.0 0.0 0.0
1430529313.42
600.0 0.0 20.0 1.0 0.0 0.0 0.0
1430529313.45
600.0 0.0 20.0 1.0 0.0 0.0 0.0
1430529313.48
600.0 0.0 20.0 1.0 0.0 0.0 0.0
1430529313.51
600.0 0.0 20.0 1.0 0.0 0.0 0.0
1430529313.54
600.0 0.0 20.0 1.0 0.0 0.0 0.0
1430529313.57
600.0 0.0 20.0 1.0 0.0 0.0 0.0
1430529313.6
600.0 0.0 20.0 1.0 0.0 0.0 0.0
1430529313.63
600.0 0.0 20.0 1.0 0.0 0.0 0.0
1430529313.66
600.0 0.0 20.0 1.0 0.0 0.0 0.0
1430529313.69
600.0 0.0 20.0 1.0 0.0 0.0 0.0
1430529313.72
600.0 0.0 20.0 1.0 0.0 0.0 0.0
1430529313.75
600.0 0.0 20.0 1.0 0.0 0.0 0.0
1430529313.78
600.0 0.0 20.0 1.0 0.0 0.0 0.0
1430529313.81
600.0 0.0 20.0 1.0 0.0 0.0 0.0
1430529313.84
600.0 0.0 20.0 1.0 0.0 0.0 0.0
1430529313.87
600.0 0.0 20.0 1.0 0.0 0.0 0.0
1430529313.9
600.0 0.0 20.0 1.0 0.0 0.0 0.0
1430529313.93
600.0 0.0 20.0 1.0 0.0 0.0 0.0
1430529313.96
600.0 0.0 20.0 1.0 0.0 0.0 0.0
1430529313.99
600.0 0.0 20.0 1.0 0.0 0.0 0.0
1430529314.02
600.0 0.0 20.0 1.0 0.0 0.0 0.0
1430529314.05
600.0 0.0 20.0 1.0 0.0 0.0 0.0
1430529314.08
600.0 0.0 20.0 1.0 0.0 0.0 0.0
1430529314.11
600.0 0.0 20.0 1.0 0.0 0.0 0.0
1430529314.14
600.0 0.0 20.0 1.0 0.0 0.0 0.0
1430529314.17
600.0 0.0 20.0 1.0 0.0 0.0 0.0
1430529314.2
600.0 0.0 20.0 1.0 0.0 0.0 0.0
1430529314.23
600.0 0.0 20.0 1.0 0.0 0.0 0.0
1430529314.26
600.0 0.0 20.0 1.0 0.0 0.0 0.0
1430529314.29
600.0 0.0 20.0 1.0 0.0 0.0 0.0
1430529314.32
600.0 0.0 20.0 1.0 0.0 0.0 0.0
1430529314.35
600.0 0.0 20.0 1.0 0.0 0.0 0.0
1430529314.38
600.0 0.0 20.0 1.0 0.0 0.0 0.0
1430529314.41
600.0 0.0 20.0 1.0 0.0 0.0 0.0
1430529314.44
600.0 0.0 20.0 1.0 0.0 0.0 0.0
1430529314.47
600.0 0.0 20.0 1.0 0.0 0.0 0.0
1430529314.5
600.0 0.0 20.0 1.0 0.0 0.0 0.0
1430529314.53
600.0 0.0 20.0 1.0 0.0 0.0 0.0
1430529314.56
600.0 0.0 20.0 1.0 0.0 0.0 0.0
1430529314.59
600.0 0.0 20.0 1.0 0.0 0.0 0.0
1430529314.62
600.0 0.0 20.0 1.0 0.0 0.0 0.0
1430529314.65
600.0 0.0 20.0 1.0 0.0 0.0 0.0
1430529314.68
600.0 0.0 20.0 1.0 0.0 0.0 0.0
1430529314.71
600.0 0.0 20.0 1.0 0.0 0.0 0.0
1430529314.74
600.0 0.0 20.0 1.0 0.0 0.0 0.0
1430529314.77
600.0 0.0 20.0 1.0 0.0 0.0 0.0
1430529314.8
600.0 0.0 20.0 1.0 0.0 0.0 0.0
1430529314.83
600.0 0.0 20.0 1.0 0.0 0.0 0.0
1430529314.86
600.0 0.0 20.0 1.0 0.0 0.0 0.0
1430529314.89
600.0 0.0 20.0 1.0 0.0 0.0 0.0
1430529314.92
600.0 0.0 20.0 1.0 0.0 0.0 0.0
1430529314.95
600.0 0.0 20.0 1.0 0.0 0.0 0.0
1430529314.98
600.0 0.0 20.0 1.0 0.0 0.0 0.0
1430529315.01
600.0 0.0 20.0 1.0 0.0 0.0 0.0
1430529315.04
600.0 0.0 20.0 1.0 0.0 0.0 0.0
1430529315.07
600.0 0.0 20.0 1.0 0.0 0.0 0.0
1430529315.1
600.0 0.0 20.0 1.0 0.0 0.0 0.0
1430529315.13
600.0 0.0 20.0 1.0 0.0 0.0 0.0
1430529315.16
600.0 0.0 20.0 1.0 0.0 0.0 0.0
1430529315.19
600.0 0.0 20.0 1.0 0.0 0.0 0.0
1430529315.22
600.0 0.0 20.0 1.0 0.0 0.0 0.0
1430529315.25
600.0 0.0 20.0 1.0 0.0 0.0 0.0
1430529315.28
600.0 0.0 20.0 1.0 0.0 0.0 0.0
1430529315.31
600.0 0.0 20.0 1.0 0.0 0.0 0.0
1430529315.34
600.0 0.0 20.0 1.0 0.0 0.0 0.0
1430529315.37
600.0 0.0 20.0 1.0 0.0 0.0 0.0
1430529315.4
600.0 0.0 20.0 1.0 0.0 0.0 0.0
1430529315.43
600.0 0.0 20.0 1.0 0.0 0.0 0.0
1430529315.46
600.0 0.0 20.0 1.0 0.0 0.0 0.0
1430529315.49
600.0 0.0 20.0 1.0 0.0 0.0 0.0
1430529315.52
600.0 0.0 20.0 1.0 0.0 0.0 0.0
1430529315.55
600.0 0.0 20.0 1.0 0.0 0.0 0.0
1430529315.58
600.0 0.0 20.0 1.0 0.0 0.0 0.0
1430529315.61
600.0 0.0 20.0 1.0 0.0 0.0 0.0
