1430529679.29
500.0 0.0 20.0 1.0 0.0 0.0 0.0
1430529679.32
500.0 0.0 20.0 1.0 0.0 0.0 0.0
1430529679.35
500.0 0.0 20.0 1.0 0.0 0.0 0.0
1430529679.38
500.0 0.0 20.0 1.0 0.0 0.0 0.0
1430529679.41
500.0 0.0 20.0 1.0 0.0 0.0 0.0
1430529679.44
500.0 0.0 20.0 1.0 0.0 0.0 0.0
1430529679.47
500.0 0.0 20.0 1.0 0.0 0.0 0.0
1430529679.5
500.0 0.0 20.0 1.0 0.0 0.0 0.0
1430529679.53
500.0 0.0 20.0 1.0 0.0 0.0 0.0
1430529679.56
500.0 0.0 20.0 1.0 0.0 0.0 0.0
1430529679.59
500.0 0.0 20.0 1.0 0.0 0.0 0.0
1430529679.62
500.0 0.0 20.0 1.0 0.0 0.0 0.0
1430529679.65
500.0 0.0 20.0 1.0 0.0 0.0 0.0
1430529679.68
500.0 0.0 20.0 1.0 0.0 0.0 0.0
1430529679.71
500.0 0.0 20.0 1.0 0.0 0.0 0.0
1430529679.74
500.0 0.0 20.0 1.0 0.0 0.0 0.0
1430529679.77
500.0 0.0 20.0 1.0 0.0 0.0 0.0
1430529679.8
500.0 0.0 20.0 1.0 0.0 0.0 0.0
1430529679.83
500.0 0.0 20.0 1.0 0.0 0.0 0.0
1430529679.86
500.0 0.0 20.0 1.0 0.0 0.0 0.0
1430529679.89
500.0 0.0 20.0 1.0 0.0 0.0 0.0
1430529679.92
500.0 0.0 20.0 1.0 0.0 0.0 0.0
1430529679.95
500.0 0.0 20.0 1.0 0.0 0.0 0.0
1430529679.98
500.0 0.0 20.0 1.0 0.0 0.0 0.0
1430529680.01
500.0 0.0 20.0 1.0 0.0 0.0 0.0
1430529680.04
500.0 0.0 20.0 1.0 0.0 0.0 0.0
1430529680.07
500.0 0.0 20.0 1.0 0.0 0.0 0.0
1430529680.1
500.0 0.0 20.0 1.0 0.0 0.0 0.0
1430529680.13
500.0 0.0 20.0 1.0 0.0 0.0 0.0
1430529680.16
500.0 0.0 20.0 1.0 0.0 0.0 0.0
1430529680.19
500.0 0.0 20.0 1.0 0.0 0.0 0.0
1430529680.22
500.0 0.0 20.0 1.0 0.0 0.0 0.0
1430529680.25
500.0 0.0 20.0 1.0 0.0 0.0 0.0
1430529680.28
500.0 0.0 20.0 1.0 0.0 0.0 0.0
1430529680.31
500.0 0.0 20.0 1.0 0.0 0.0 0.0
1430529680.34
500.0 0.0 20.0 1.0 0.0 0.0 0.0
1430529680.37
500.0 0.0 20.0 1.0 0.0 0.0 0.0
1430529680.4
500.0 0.0 20.0 1.0 0.0 0.0 0.0
1430529680.43
500.0 0.0 20.0 1.0 0.0 0.0 0.0
1430529680.46
500.0 0.0 20.0 1.0 0.0 0.0 0.0
1430529680.5
500.0 0.0 20.0 1.0 0.0 0.0 0.0
1430529680.53
500.0 0.0 20.0 1.0 0.0 0.0 0.0
1430529680.56
500.0 0.0 20.0 1.0 0.0 0.0 0.0
1430529680.59
500.0 0.0 20.0 1.0 0.0 0.0 0.0
1430529680.62
500.0 0.0 20.0 1.0 0.0 0.0 0.0
1430529680.64
500.0 0.0 20.0 1.0 0.0 0.0 0.0
1430529680.68
500.0 0.0 20.0 1.0 0.0 0.0 0.0
1430529680.7
500.0 0.0 20.0 1.0 0.0 0.0 0.0
1430529680.74
500.0 0.0 20.0 1.0 0.0 0.0 0.0
1430529680.76
500.0 0.0 20.0 1.0 0.0 0.0 0.0
1430529680.8
500.0 0.0 20.0 1.0 0.0 0.0 0.0
1430529680.82
500.0 0.0 20.0 1.0 0.0 0.0 0.0
1430529680.86
500.0 0.0 20.0 1.0 0.0 0.0 0.0
1430529680.88
500.0 0.0 20.0 1.0 0.0 0.0 0.0
1430529680.91
500.0 0.0 20.0 1.0 0.0 0.0 0.0
1430529680.94
500.0 0.0 20.0 1.0 0.0 0.0 0.0
1430529680.97
500.0 0.0 20.0 1.0 0.0 0.0 0.0
1430529681.0
500.0 0.0 20.0 1.0 0.0 0.0 0.0
1430529681.03
500.0 0.0 20.0 1.0 0.0 0.0 0.0
1430529681.44
500.0 0.0 20.0 1.0 0.0 0.0 0.0
1430529681.47
500.0 0.0 20.0 1.0 0.0 0.0 0.0
1430529681.5
500.0 0.0 20.0 1.0 0.0 0.0 0.0
1430529681.53
500.0 0.0 20.0 1.0 0.0 0.0 0.0
1430529681.56
500.1 0.0 20.0 1.0 0.0 0.0 0.0
1430529681.59
500.2 0.0 20.0 1.0 0.0 0.0 0.0
1430529681.62
500.3 0.0 20.0 1.0 0.0 0.0 0.0
1430529681.65
500.4 0.0 20.0 1.0 0.0 0.0 0.0
1430529681.68
500.5 0.0 20.0 1.0 0.0 0.0 0.0
1430529681.71
500.6 0.0 20.0 1.0 0.0 0.0 0.0
1430529681.74
500.7 0.0 20.0 1.0 0.0 0.0 0.0
1430529681.78
500.7 0.0 20.0 1.0 0.0 0.0 0.0
1430529681.8
500.8 0.0 20.0 1.0 0.0 0.0 0.0
1430529681.84
500.9 0.0 20.0 1.0 0.0 0.0 0.0
1430529681.87
501.0 0.0 20.0 1.0 0.0 0.0 0.0
1430529681.89
501.1 0.0 20.0 1.0 0.0 0.0 0.0
1430529681.93
501.2 0.0 20.0 1.0 0.0 0.0 0.0
1430529681.95
501.3 0.0 20.0 1.0 0.0 0.0 0.0
1430529681.98
501.4 0.0 20.0 1.0 0.0 0.0 0.0
1430529682.02
501.5 0.0 20.0 1.0 0.0 0.0 0.0
1430529682.05
501.6 0.0 20.0 1.0 0.0 0.0 0.0
1430529682.08
501.7 0.0 20.0 1.0 0.0 0.0 0.0
1430529682.11
501.7 0.0 20.0 1.0 0.0 0.0 0.0
1430529682.14
501.8 0.0 20.0 1.0 0.0 0.0 0.0
1430529682.17
501.9 0.0 20.0 1.0 0.0 0.0 0.0
1430529682.2
502.0 0.0 20.0 1.0 0.0 0.0 0.0
1430529682.23
502.1 0.0 20.0 1.0 0.0 0.0 0.0
1430529682.26
502.2 0.0 20.0 1.0 0.0 0.0 0.0
1430529682.29
502.3 0.0 20.0 1.0 0.0 0.0 0.0
1430529682.32
502.4 0.0 20.0 1.0 0.0 0.0 0.0
1430529682.35
502.5 0.0 20.0 1.0 0.0 0.0 0.0
1430529682.38
502.6 0.0 20.0 1.0 0.0 0.0 0.0
1430529682.41
502.7 0.0 20.0 1.0 0.0 0.0 0.0
1430529682.44
502.7 0.0 20.0 1.0 0.0 0.0 0.0
1430529682.47
502.8 0.0 20.0 1.0 0.0 0.0 0.0
1430529682.5
502.9 0.0 20.0 1.0 0.0 0.0 0.0
1430529682.53
503.0 0.0 20.0 1.0 0.0 0.0 0.0
1430529682.56
503.1 0.0 20.0 1.0 0.0 0.0 0.0
1430529682.59
503.2 0.0 20.0 1.0 0.0 0.0 0.0
1430529682.62
503.3 0.0 20.0 1.0 0.0 0.0 0.0
1430529682.65
503.4 0.0 20.0 1.0 0.0 0.0 0.0
1430529682.68
503.5 0.0 20.0 1.0 0.0 0.0 0.0
1430529682.71
503.6 0.0 20.0 1.0 0.0 0.0 0.0
1430529682.74
503.7 0.0 20.0 1.0 0.0 0.0 0.0
1430529682.77
503.7 0.0 20.0 1.0 0.0 0.0 0.0
1430529682.8
503.8 0.0 20.0 1.0 0.0 0.0 0.0
1430529682.83
503.9 0.0 20.0 1.0 0.0 0.0 0.0
1430529682.86
504.0 0.0 20.0 1.0 0.0 0.0 0.0
1430529682.89
504.1 0.0 20.0 1.0 0.0 0.0 0.0
1430529682.92
504.2 0.0 20.0 1.0 0.0 0.0 0.0
1430529682.95
504.3 0.0 20.0 1.0 0.0 0.0 0.0
1430529682.98
504.4 0.0 20.0 1.0 0.0 0.0 0.0
1430529683.01
504.5 0.0 20.0 1.0 0.0 0.0 0.0
1430529683.04
504.5 0.0 20.0 1.0 0.0 0.0 0.0
1430529683.07
504.6 0.0 20.0 1.0 0.0 0.0 0.0
1430529683.1
504.7 0.0 20.0 1.0 0.0 0.0 0.0
1430529683.13
504.8 0.0 20.0 1.0 0.0 0.0 0.0
1430529683.16
504.9 0.0 20.0 1.0 0.0 0.0 0.0
1430529683.19
505.0 0.0 20.0 1.0 0.0 0.0 0.0
1430529683.22
505.1 0.0 20.0 1.0 0.0 0.0 0.0
1430529683.25
505.2 0.0 20.0 1.0 0.0 0.0 0.0
1430529683.28
505.3 0.0 20.0 1.0 0.0 0.0 0.0
1430529683.31
505.4 0.0 20.0 1.0 0.0 0.0 0.0
1430529683.35
505.4 0.0 20.0 1.0 0.0 0.0 0.0
1430529683.37
505.5 0.0 20.0 1.0 0.0 0.0 0.0
1430529683.41
505.6 0.0 20.0 1.0 0.0 0.0 0.0
1430529683.43
505.7 0.0 20.0 1.0 0.0 0.0 0.0
1430529683.47
505.8 0.0 20.0 1.0 0.0 0.0 0.0
1430529683.49
505.9 0.0 20.0 1.0 0.0 0.0 0.0
1430529683.53
506.0 0.0 20.0 1.0 0.0 0.0 0.0
1430529683.55
506.1 0.0 20.0 1.0 0.0 0.0 0.0
1430529683.59
506.2 0.0 20.0 1.0 0.0 0.0 0.0
1430529683.62
506.3 0.0 20.0 1.0 0.0 0.0 0.0
1430529683.65
506.3 0.0 20.0 1.0 0.0 0.0 0.0
1430529683.68
506.4 0.0 20.0 1.0 0.0 0.0 0.0
1430529683.71
506.5 0.0 20.0 1.0 0.0 0.0 0.0
1430529683.74
506.6 0.0 20.0 1.0 0.0 0.0 0.0
1430529683.77
506.7 0.0 20.0 1.0 0.0 0.0 0.0
1430529683.8
506.8 0.0 20.0 1.0 0.0 0.0 0.0
1430529683.83
506.9 0.0 20.0 1.0 0.0 0.0 0.0
1430529683.86
507.0 0.0 20.0 1.0 0.0 0.0 0.0
1430529683.89
507.1 0.0 20.0 1.0 0.0 0.0 0.0
1430529683.92
507.2 0.0 20.0 1.0 0.0 0.0 0.0
1430529683.95
507.3 0.0 20.0 1.0 0.0 0.0 0.0
1430529683.98
507.4 0.0 20.0 1.0 0.0 0.0 0.0
1430529684.01
507.4 0.0 20.0 1.0 0.0 0.0 0.0
1430529684.04
507.5 0.0 20.0 1.0 0.0 0.0 0.0
1430529684.07
507.6 0.0 20.0 1.0 0.0 0.0 0.0
1430529684.1
507.7 0.0 20.0 1.0 0.0 0.0 0.0
1430529684.13
507.8 0.0 20.0 1.0 0.0 0.0 0.0
1430529684.16
507.9 0.0 20.0 1.0 0.0 0.0 0.0
1430529684.19
508.0 0.0 20.0 1.0 0.0 0.0 0.0
1430529684.22
508.1 0.0 20.0 1.0 0.0 0.0 0.0
1430529684.25
508.2 0.0 20.0 1.0 0.0 0.0 0.0
1430529684.28
508.3 0.0 20.0 1.0 0.0 0.0 0.0
1430529684.31
508.4 0.0 20.0 1.0 0.0 0.0 0.0
1430529684.34
508.4 0.0 20.0 1.0 0.0 0.0 0.0
1430529684.37
508.5 0.0 20.0 1.0 0.0 0.0 0.0
1430529684.4
508.6 0.0 20.0 1.0 0.0 0.0 0.0
1430529684.43
508.7 0.0 20.0 1.0 0.0 0.0 0.0
1430529684.46
508.8 0.0 20.0 1.0 0.0 0.0 0.0
1430529684.49
508.9 0.0 20.0 1.0 0.0 0.0 0.0
1430529684.52
509.0 0.0 20.0 1.0 0.0 0.0 0.0
1430529684.55
509.1 0.0 20.0 1.0 0.0 0.0 0.0
1430529684.58
509.2 0.0 20.0 1.0 0.0 0.0 0.0
1430529684.61
509.2 0.0 20.0 1.0 0.0 0.0 0.0
1430529684.64
509.3 0.0 20.0 1.0 0.0 0.0 0.0
1430529684.67
509.4 0.0 20.0 1.0 0.0 0.0 0.0
1430529684.7
509.5 0.0 20.0 1.0 0.0 0.0 0.0
1430529684.73
509.6 0.0 20.0 1.0 0.0 0.0 0.0
1430529684.76
509.7 0.0 20.0 1.0 0.0 0.0 0.0
1430529684.79
509.8 0.0 20.0 1.0 0.0 0.0 0.0
1430529684.82
509.9 0.0 20.0 1.0 0.0 0.0 0.0
1430529684.85
510.0 0.0 20.0 1.0 0.0 0.0 0.0
1430529684.88
510.1 0.0 20.0 1.0 0.0 0.0 0.0
1430529684.91
510.2 0.0 20.0 1.0 0.0 0.0 0.0
1430529684.94
510.2 0.0 20.0 1.0 0.0 0.0 0.0
1430529684.97
510.3 0.0 20.0 1.0 0.0 0.0 0.0
1430529685.0
510.4 0.0 20.0 1.0 0.0 0.0 0.0
1430529685.03
510.5 0.0 20.0 1.0 0.0 0.0 0.0
1430529685.06
510.6 0.0 20.0 1.0 0.0 0.0 0.0
1430529685.1
510.7 0.0 20.0 1.0 0.0 0.0 0.0
1430529685.12
510.8 0.0 20.0 1.0 0.0 0.0 0.0
1430529685.16
510.9 0.0 20.0 1.0 0.0 0.0 0.0
1430529685.18
511.0 0.0 20.0 1.0 0.0 0.0 0.0
1430529685.22
511.1 0.0 20.0 1.0 0.0 0.0 0.0
1430529685.24
511.2 0.0 20.0 1.0 0.0 0.0 0.0
1430529685.27
511.2 0.0 20.0 1.0 0.0 0.0 0.0
1430529685.31
511.3 0.0 20.0 1.0 0.0 0.0 0.0
1430529685.34
511.4 0.0 20.0 1.0 0.0 0.0 0.0
1430529685.36
511.5 0.0 20.0 1.0 0.0 0.0 0.0
1430529685.4
511.6 0.0 20.0 1.0 0.0 0.0 0.0
1430529685.43
511.7 0.0 20.0 1.0 0.0 0.0 0.0
1430529685.46
511.8 0.0 20.0 1.0 0.0 0.0 0.0
1430529685.49
511.9 0.0 20.0 1.0 0.0 0.0 0.0
1430529685.52
512.0 0.0 20.0 1.0 0.0 0.0 0.0
1430529685.55
512.1 0.0 20.0 1.0 0.0 0.0 0.0
1430529685.58
512.2 0.0 20.0 1.0 0.0 0.0 0.0
1430529685.61
512.2 0.0 20.0 1.0 0.0 0.0 0.0
1430529685.64
512.3 0.0 20.0 1.0 0.0 0.0 0.0
1430529685.67
512.4 0.0 20.0 1.0 0.0 0.0 0.0
1430529685.7
512.5 0.0 20.0 1.0 0.0 0.0 0.0
1430529685.73
512.6 0.0 20.0 1.0 0.0 0.0 0.0
1430529685.76
512.7 0.0 20.0 1.0 0.0 0.0 0.0
1430529685.79
512.8 0.0 20.0 1.0 0.0 0.0 0.0
1430529685.82
512.9 0.0 20.0 1.0 0.0 0.0 0.0
1430529685.85
513.0 0.0 20.0 1.0 0.0 0.0 0.0
1430529685.88
513.0 0.0 20.0 1.0 0.0 0.0 0.0
1430529685.91
513.1 0.0 20.0 1.0 0.0 0.0 0.0
1430529685.94
513.2 0.0 20.0 1.0 0.0 0.0 0.0
1430529685.97
513.3 0.0 20.0 1.0 0.0 0.0 0.0
1430529686.0
513.4 0.0 20.0 1.0 0.0 0.0 0.0
1430529686.03
513.5 0.0 20.0 1.0 0.0 0.0 0.0
1430529686.06
513.6 0.0 20.0 1.0 0.0 0.0 0.0
1430529686.09
513.7 0.0 20.0 1.0 0.0 0.0 0.0
1430529686.12
513.8 0.0 20.0 1.0 0.0 0.0 0.0
1430529686.15
513.9 0.0 20.0 1.0 0.0 0.0 0.0
1430529686.18
514.0 0.0 20.0 1.0 0.0 0.0 0.0
1430529686.21
514.1 0.0 20.0 1.0 0.0 0.0 0.0
1430529686.24
514.1 0.0 20.0 1.0 0.0 0.0 0.0
1430529686.27
514.2 0.0 20.0 1.0 0.0 0.0 0.0
1430529686.3
514.3 0.0 20.0 1.0 0.0 0.0 0.0
1430529686.33
514.4 0.0 20.0 1.0 0.0 0.0 0.0
1430529686.36
514.5 0.0 20.0 1.0 0.0 0.0 0.0
1430529686.39
514.6 0.0 20.0 1.0 0.0 0.0 0.0
1430529686.42
514.7 0.0 20.0 1.0 0.0 0.0 0.0
1430529686.45
514.8 0.0 20.0 1.0 0.0 0.0 0.0
1430529686.48
514.9 0.0 20.0 1.0 0.0 0.0 0.0
1430529686.51
515.0 0.0 20.0 1.0 0.0 0.0 0.0
1430529686.55
515.1 0.0 20.0 1.0 0.0 0.0 0.0
1430529686.57
515.1 0.0 20.0 1.0 0.0 0.0 0.0
1430529686.61
515.2 0.0 20.0 1.0 0.0 0.0 0.0
1430529686.64
515.3 0.0 20.0 1.0 0.0 0.0 0.0
1430529686.67
515.4 0.0 20.0 1.0 0.0 0.0 0.0
1430529686.7
515.5 0.0 20.0 1.0 0.0 0.0 0.0
1430529686.73
515.6 0.0 20.0 1.0 0.0 0.0 0.0
1430529686.76
515.7 0.0 20.0 1.0 0.0 0.0 0.0
1430529686.79
515.8 0.0 20.0 1.0 0.0 0.0 0.0
1430529686.81
515.9 0.0 20.0 1.0 0.0 0.0 0.0
1430529686.85
516.0 0.0 20.0 1.0 0.0 0.0 0.0
1430529686.88
516.1 0.0 20.0 1.0 0.0 0.0 0.0
1430529686.91
516.1 0.0 20.0 1.0 0.0 0.0 0.0
1430529686.94
516.2 0.0 20.0 1.0 0.0 0.0 0.0
1430529686.97
516.3 0.0 20.0 1.0 0.0 0.0 0.0
1430529687.0
516.4 0.0 20.0 1.0 0.0 0.0 0.0
1430529687.03
516.5 0.0 20.0 1.0 0.0 0.0 0.0
1430529687.06
516.6 0.0 20.0 1.0 0.0 0.0 0.0
1430529687.09
516.7 0.0 20.0 1.0 0.0 0.0 0.0
1430529687.12
516.8 0.0 20.0 1.0 0.0 0.0 0.0
1430529687.15
516.9 0.0 20.0 1.0 0.0 0.0 0.0
1430529687.18
517.0 0.0 20.0 1.0 0.0 0.0 0.0
1430529687.21
517.1 0.0 20.0 1.0 0.0 0.0 0.0
1430529687.24
517.1 0.0 20.0 1.0 0.0 0.0 0.0
1430529687.27
517.2 0.0 20.0 1.0 0.0 0.0 0.0
1430529687.3
517.3 0.0 20.0 1.0 0.0 0.0 0.0
1430529687.33
517.4 0.0 20.0 1.0 0.0 0.0 0.0
1430529687.36
517.5 0.0 20.0 1.0 0.0 0.0 0.0
1430529687.39
517.6 0.0 20.0 1.0 0.0 0.0 0.0
1430529687.42
517.7 0.0 20.0 1.0 0.0 0.0 0.0
1430529687.45
517.8 0.0 20.0 1.0 0.0 0.0 0.0
1430529687.48
517.9 0.0 20.0 1.0 0.0 0.0 0.0
1430529687.51
517.9 0.0 20.0 1.0 0.0 0.0 0.0
1430529687.54
518.0 0.0 20.0 1.0 0.0 0.0 0.0
1430529687.57
518.1 0.0 20.0 1.0 0.0 0.0 0.0
1430529687.6
518.2 0.0 20.0 1.0 0.0 0.0 0.0
1430529687.63
518.3 0.0 20.0 1.0 0.0 0.0 0.0
1430529687.66
518.4 0.0 20.0 1.0 0.0 0.0 0.0
1430529687.69
518.5 0.0 20.0 1.0 0.0 0.0 0.0
1430529687.72
518.6 0.0 20.0 1.0 0.0 0.0 0.0
1430529687.75
518.7 0.0 20.0 1.0 0.0 0.0 0.0
1430529687.78
518.7 0.0 20.0 1.0 0.0 0.0 0.0
1430529687.81
518.8 0.0 20.0 1.0 0.0 0.0 0.0
1430529687.84
518.9 0.0 20.0 1.0 0.0 0.0 0.0
1430529687.87
519.0 0.0 20.0 1.0 0.0 0.0 0.0
1430529687.9
519.1 0.0 20.0 1.0 0.0 0.0 0.0
1430529687.93
519.2 0.0 20.0 1.0 0.0 0.0 0.0
1430529687.96
519.3 0.0 20.0 1.0 0.0 0.0 0.0
1430529687.99
519.4 0.0 20.0 1.0 0.0 0.0 0.0
1430529688.02
519.5 0.0 20.0 1.0 0.0 0.0 0.0
1430529688.05
519.6 0.0 20.0 1.0 0.0 0.0 0.0
1430529688.08
519.7 0.0 20.0 1.0 0.0 0.0 0.0
1430529688.11
519.7 0.0 20.0 1.0 0.0 0.0 0.0
1430529688.14
519.8 0.0 20.0 1.0 0.0 0.0 0.0
1430529688.17
519.9 0.0 20.0 1.0 0.0 0.0 0.0
1430529688.2
520.0 0.0 20.0 1.0 0.0 0.0 0.0
1430529688.23
520.1 0.0 20.0 1.0 0.0 0.0 0.0
1430529688.26
520.2 0.0 20.0 1.0 0.0 0.0 0.0
1430529688.29
520.3 0.0 20.0 1.0 0.0 0.0 0.0
1430529688.32
520.4 0.0 20.0 1.0 0.0 0.0 0.0
1430529688.35
520.5 0.0 20.0 1.0 0.0 0.0 0.0
1430529688.38
520.6 0.0 20.0 1.0 0.0 0.0 0.0
1430529688.41
520.7 0.0 20.0 1.0 0.0 0.0 0.0
1430529688.44
520.8 0.0 20.0 1.0 0.0 0.0 0.0
1430529688.47
520.8 0.0 20.0 1.0 0.0 0.0 0.0
1430529688.5
520.9 0.0 20.0 1.0 0.0 0.0 0.0
1430529688.53
521.0 0.0 20.0 1.0 0.0 0.0 0.0
1430529688.56
521.1 0.0 20.0 1.0 0.0 0.0 0.0
1430529688.59
521.2 0.0 20.0 1.0 0.0 0.0 0.0
1430529688.62
521.3 0.0 20.0 1.0 0.0 0.0 0.0
1430529688.65
521.4 0.0 20.0 1.0 0.0 0.0 0.0
1430529688.68
521.5 0.0 20.0 1.0 0.0 0.0 0.0
1430529688.71
521.6 0.0 20.0 1.0 0.0 0.0 0.0
1430529688.74
521.7 0.0 20.0 1.0 0.0 0.0 0.0
1430529688.77
521.7 0.0 20.0 1.0 0.0 0.0 0.0
1430529688.8
521.8 0.0 20.0 1.0 0.0 0.0 0.0
1430529688.83
521.9 0.0 20.0 1.0 0.0 0.0 0.0
1430529688.86
522.0 0.0 20.0 1.0 0.0 0.0 0.0
1430529688.9
522.1 0.0 20.0 1.0 0.0 0.0 0.0
1430529688.93
522.2 0.0 20.0 1.0 0.0 0.0 0.0
1430529688.96
522.3 0.0 20.0 1.0 0.0 0.0 0.0
1430529688.99
522.4 0.0 20.0 1.0 0.0 0.0 0.0
1430529689.02
522.5 0.0 20.0 1.0 0.0 0.0 0.0
1430529689.05
522.6 0.0 20.0 1.0 0.0 0.0 0.0
1430529689.08
522.6 0.0 20.0 1.0 0.0 0.0 0.0
1430529689.11
522.7 0.0 20.0 1.0 0.0 0.0 0.0
1430529689.14
522.8 0.0 20.0 1.0 0.0 0.0 0.0
1430529689.17
522.9 0.0 20.0 1.0 0.0 0.0 0.0
1430529689.2
523.0 0.0 20.0 1.0 0.0 0.0 0.0
1430529689.23
523.1 0.0 20.0 1.0 0.0 0.0 0.0
1430529689.26
523.2 0.0 20.0 1.0 0.0 0.0 0.0
1430529689.29
523.3 0.0 20.0 1.0 0.0 0.0 0.0
1430529689.32
523.4 0.0 20.0 1.0 0.0 0.0 0.0
1430529689.35
523.5 0.0 20.0 1.0 0.0 0.0 0.0
1430529689.38
523.6 0.0 20.0 1.0 0.0 0.0 0.0
1430529689.41
523.6 0.0 20.0 1.0 0.0 0.0 0.0
1430529689.44
523.7 0.0 20.0 1.0 0.0 0.0 0.0
1430529689.47
523.8 0.0 20.0 1.0 0.0 0.0 0.0
1430529689.5
523.9 0.0 20.0 1.0 0.0 0.0 0.0
1430529689.53
524.0 0.0 20.0 1.0 0.0 0.0 0.0
1430529689.56
524.1 0.0 20.0 1.0 0.0 0.0 0.0
1430529689.59
524.2 0.0 20.0 1.0 0.0 0.0 0.0
1430529689.62
524.3 0.0 20.0 1.0 0.0 0.0 0.0
1430529689.65
524.4 0.0 20.0 1.0 0.0 0.0 0.0
1430529689.68
524.5 0.0 20.0 1.0 0.0 0.0 0.0
1430529689.71
524.6 0.0 20.0 1.0 0.0 0.0 0.0
1430529689.74
524.6 0.0 20.0 1.0 0.0 0.0 0.0
1430529689.77
524.7 0.0 20.0 1.0 0.0 0.0 0.0
1430529689.8
524.8 0.0 20.0 1.0 0.0 0.0 0.0
1430529689.83
524.9 0.0 20.0 1.0 0.0 0.0 0.0
1430529689.86
525.0 0.0 20.0 1.0 0.0 0.0 0.0
1430529689.89
525.1 0.0 20.0 1.0 0.0 0.0 0.0
1430529689.92
525.2 0.0 20.0 1.0 0.0 0.0 0.0
1430529689.95
525.3 0.0 20.0 1.0 0.0 0.0 0.0
1430529689.98
525.4 0.0 20.0 1.0 0.0 0.0 0.0
1430529690.01
525.5 0.0 20.0 1.0 0.0 0.0 0.0
1430529690.04
525.6 0.0 20.0 1.0 0.0 0.0 0.0
1430529690.07
525.6 0.0 20.0 1.0 0.0 0.0 0.0
1430529690.11
525.7 0.0 20.0 1.0 0.0 0.0 0.0
1430529690.13
525.8 0.0 20.0 1.0 0.0 0.0 0.0
1430529690.17
525.9 0.0 20.0 1.0 0.0 0.0 0.0
1430529690.2
526.0 0.0 20.0 1.0 0.0 0.0 0.0
1430529690.23
526.1 0.0 20.0 1.0 0.0 0.0 0.0
1430529690.26
526.2 0.0 20.0 1.0 0.0 0.0 0.0
1430529690.29
526.3 0.0 20.0 1.0 0.0 0.0 0.0
1430529690.32
526.4 0.0 20.0 1.0 0.0 0.0 0.0
1430529690.35
526.5 0.0 20.0 1.0 0.0 0.0 0.0
1430529690.38
526.6 0.0 20.0 1.0 0.0 0.0 0.0
1430529690.41
526.6 0.0 20.0 1.0 0.0 0.0 0.0
1430529690.44
526.7 0.0 20.0 1.0 0.0 0.0 0.0
1430529690.47
526.8 0.0 20.0 1.0 0.0 0.0 0.0
1430529690.5
526.9 0.0 20.0 1.0 0.0 0.0 0.0
1430529690.53
527.0 0.0 20.0 1.0 0.0 0.0 0.0
1430529690.56
527.1 0.0 20.0 1.0 0.0 0.0 0.0
1430529690.59
527.2 0.0 20.0 1.0 0.0 0.0 0.0
1430529690.62
527.3 0.0 20.0 1.0 0.0 0.0 0.0
1430529690.65
527.4 0.0 20.0 1.0 0.0 0.0 0.0
1430529690.68
527.5 0.0 20.0 1.0 0.0 0.0 0.0
1430529690.71
527.5 0.0 20.0 1.0 0.0 0.0 0.0
1430529690.74
527.6 0.0 20.0 1.0 0.0 0.0 0.0
1430529690.77
527.7 0.0 20.0 1.0 0.0 0.0 0.0
1430529690.8
527.8 0.0 20.0 1.0 0.0 0.0 0.0
1430529690.83
527.9 0.0 20.0 1.0 0.0 0.0 0.0
1430529690.86
528.0 0.0 20.0 1.0 0.0 0.0 0.0
1430529690.89
528.1 0.0 20.0 1.0 0.0 0.0 0.0
1430529690.92
528.2 0.0 20.0 1.0 0.0 0.0 0.0
1430529690.95
528.3 0.0 20.0 1.0 0.0 0.0 0.0
1430529690.98
528.3 0.0 20.0 1.0 0.0 0.0 0.0
1430529691.01
528.4 0.0 20.0 1.0 0.0 0.0 0.0
1430529691.04
528.5 0.0 20.0 1.0 0.0 0.0 0.0
1430529691.07
528.6 0.0 20.0 1.0 0.0 0.0 0.0
1430529691.1
528.7 0.0 20.0 1.0 0.0 0.0 0.0
1430529691.13
528.8 0.0 20.0 1.0 0.0 0.0 0.0
1430529691.16
528.9 0.0 20.0 1.0 0.0 0.0 0.0
1430529691.19
529.0 0.0 20.0 1.0 0.0 0.0 0.0
1430529691.22
529.1 0.0 20.0 1.0 0.0 0.0 0.0
1430529691.25
529.2 0.0 20.0 1.0 0.0 0.0 0.0
1430529691.28
529.3 0.0 20.0 1.0 0.0 0.0 0.0
1430529691.31
529.3 0.0 20.0 1.0 0.0 0.0 0.0
1430529691.34
529.4 0.0 20.0 1.0 0.0 0.0 0.0
1430529691.37
529.5 0.0 20.0 1.0 0.0 0.0 0.0
1430529691.4
529.6 0.0 20.0 1.0 0.0 0.0 0.0
1430529691.43
529.7 0.0 20.0 1.0 0.0 0.0 0.0
1430529691.46
529.8 0.0 20.0 1.0 0.0 0.0 0.0
1430529691.49
529.9 0.0 20.0 1.0 0.0 0.0 0.0
1430529691.52
530.0 0.0 20.0 1.0 0.0 0.0 0.0
1430529691.55
530.1 0.0 20.0 1.0 0.0 0.0 0.0
1430529691.58
530.2 0.0 20.0 1.0 0.0 0.0 0.0
1430529691.61
530.3 0.0 20.0 1.0 0.0 0.0 0.0
1430529691.64
530.4 0.0 20.0 1.0 0.0 0.0 0.0
1430529691.67
530.4 0.0 20.0 1.0 0.0 0.0 0.0
1430529691.7
530.5 0.0 20.0 1.0 0.0 0.0 0.0
1430529691.73
530.6 0.0 20.0 1.0 0.0 0.0 0.0
1430529691.76
530.7 0.0 20.0 1.0 0.0 0.0 0.0
1430529691.79
530.8 0.0 20.0 1.0 0.0 0.0 0.0
1430529691.82
530.9 0.0 20.0 1.0 0.0 0.0 0.0
1430529691.85
531.0 0.0 20.0 1.0 0.0 0.0 0.0
1430529691.88
531.1 0.0 20.0 1.0 0.0 0.0 0.0
1430529691.91
531.2 0.0 20.0 1.0 0.0 0.0 0.0
1430529691.94
531.3 0.0 20.0 1.0 0.0 0.0 0.0
1430529691.98
531.4 0.0 20.0 1.0 0.0 0.0 0.0
1430529692.0
531.4 0.0 20.0 1.0 0.0 0.0 0.0
1430529692.04
531.5 0.0 20.0 1.0 0.0 0.0 0.0
1430529692.06
531.6 0.0 20.0 1.0 0.0 0.0 0.0
1430529692.1
531.7 0.0 20.0 1.0 0.0 0.0 0.0
1430529692.12
531.8 0.0 20.0 1.0 0.0 0.0 0.0
1430529692.16
531.9 0.0 20.0 1.0 0.0 0.0 0.0
1430529692.18
532.0 0.0 20.0 1.0 0.0 0.0 0.0
1430529692.22
532.1 0.0 20.0 1.0 0.0 0.0 0.0
1430529692.24
532.2 0.0 20.0 1.0 0.0 0.0 0.0
1430529692.27
532.2 0.0 20.0 1.0 0.0 0.0 0.0
1430529692.3
532.3 0.0 20.0 1.0 0.0 0.0 0.0
1430529692.33
532.4 0.0 20.0 1.0 0.0 0.0 0.0
1430529692.37
532.5 0.0 20.0 1.0 0.0 0.0 0.0
1430529692.4
532.6 0.0 20.0 1.0 0.0 0.0 0.0
1430529692.43
532.7 0.0 20.0 1.0 0.0 0.0 0.0
1430529692.46
532.8 0.0 20.0 1.0 0.0 0.0 0.0
1430529692.49
532.9 0.0 20.0 1.0 0.0 0.0 0.0
1430529692.52
533.0 0.0 20.0 1.0 0.0 0.0 0.0
1430529692.55
533.1 0.0 20.0 1.0 0.0 0.0 0.0
1430529692.58
533.1 0.0 20.0 1.0 0.0 0.0 0.0
1430529692.61
533.2 0.0 20.0 1.0 0.0 0.0 0.0
1430529692.64
533.3 0.0 20.0 1.0 0.0 0.0 0.0
1430529692.67
533.4 0.0 20.0 1.0 0.0 0.0 0.0
1430529692.7
533.5 0.0 20.0 1.0 0.0 0.0 0.0
1430529692.73
533.6 0.0 20.0 1.0 0.0 0.0 0.0
1430529692.76
533.7 0.0 20.0 1.0 0.0 0.0 0.0
1430529692.79
533.8 0.0 20.0 1.0 0.0 0.0 0.0
1430529692.82
533.9 0.0 20.0 1.0 0.0 0.0 0.0
1430529692.85
534.0 0.0 20.0 1.0 0.0 0.0 0.0
1430529692.88
534.1 0.0 20.0 1.0 0.0 0.0 0.0
1430529692.91
534.2 0.0 20.0 1.0 0.0 0.0 0.0
1430529692.94
534.2 0.0 20.0 1.0 0.0 0.0 0.0
1430529692.97
534.3 0.0 20.0 1.0 0.0 0.0 0.0
1430529693.0
534.4 0.0 20.0 1.0 0.0 0.0 0.0
1430529693.03
534.5 0.0 20.0 1.0 0.0 0.0 0.0
1430529693.06
534.6 0.0 20.0 1.0 0.0 0.0 0.0
1430529693.09
534.7 0.0 20.0 1.0 0.0 0.0 0.0
1430529693.12
534.8 0.0 20.0 1.0 0.0 0.0 0.0
1430529693.15
534.9 0.0 20.0 1.0 0.0 0.0 0.0
1430529693.18
535.0 0.0 20.0 1.0 0.0 0.0 0.0
1430529693.21
535.1 0.0 20.0 1.0 0.0 0.0 0.0
1430529693.24
535.1 0.0 20.0 1.0 0.0 0.0 0.0
1430529693.27
535.2 0.0 20.0 1.0 0.0 0.0 0.0
1430529693.3
535.3 0.0 20.0 1.0 0.0 0.0 0.0
1430529693.33
535.4 0.0 20.0 1.0 0.0 0.0 0.0
1430529693.37
535.5 0.0 20.0 1.0 0.0 0.0 0.0
1430529693.39
535.6 0.0 20.0 1.0 0.0 0.0 0.0
1430529693.43
535.7 0.0 20.0 1.0 0.0 0.0 0.0
1430529693.45
535.8 0.0 20.0 1.0 0.0 0.0 0.0
1430529693.49
535.9 0.0 20.0 1.0 0.0 0.0 0.0
1430529693.52
536.0 0.0 20.0 1.0 0.0 0.0 0.0
1430529693.55
536.1 0.0 20.0 1.0 0.0 0.0 0.0
1430529693.58
536.2 0.0 20.0 1.0 0.0 0.0 0.0
1430529693.61
536.2 0.0 20.0 1.0 0.0 0.0 0.0
1430529693.63
536.3 0.0 20.0 1.0 0.0 0.0 0.0
1430529693.67
536.4 0.0 20.0 1.0 0.0 0.0 0.0
1430529693.7
536.5 0.0 20.0 1.0 0.0 0.0 0.0
1430529693.73
536.6 0.0 20.0 1.0 0.0 0.0 0.0
1430529693.76
536.7 0.0 20.0 1.0 0.0 0.0 0.0
1430529693.79
536.8 0.0 20.0 1.0 0.0 0.0 0.0
1430529693.82
536.9 0.0 20.0 1.0 0.0 0.0 0.0
1430529693.85
537.0 0.0 20.0 1.0 0.0 0.0 0.0
1430529693.88
537.1 0.0 20.0 1.0 0.0 0.0 0.0
1430529693.91
537.2 0.0 20.0 1.0 0.0 0.0 0.0
1430529693.94
537.3 0.0 20.0 1.0 0.0 0.0 0.0
1430529693.97
537.3 0.0 20.0 1.0 0.0 0.0 0.0
1430529694.0
537.4 0.0 20.0 1.0 0.0 0.0 0.0
1430529694.03
537.5 0.0 20.0 1.0 0.0 0.0 0.0
1430529694.06
537.6 0.0 20.0 1.0 0.0 0.0 0.0
1430529694.09
537.7 0.0 20.0 1.0 0.0 0.0 0.0
1430529694.12
537.8 0.0 20.0 1.0 0.0 0.0 0.0
1430529694.15
537.9 0.0 20.0 1.0 0.0 0.0 0.0
1430529694.19
538.0 0.0 20.0 1.0 0.0 0.0 0.0
1430529694.22
538.1 0.0 20.0 1.0 0.0 0.0 0.0
1430529694.25
538.2 0.0 20.0 1.0 0.0 0.0 0.0
1430529694.28
538.3 0.0 20.0 1.0 0.0 0.0 0.0
1430529694.31
538.4 0.0 20.0 1.0 0.0 0.0 0.0
1430529694.34
538.4 0.0 20.0 1.0 0.0 0.0 0.0
1430529694.37
538.5 0.0 20.0 1.0 0.0 0.0 0.0
1430529694.4
538.6 0.0 20.0 1.0 0.0 0.0 0.0
1430529694.42
538.7 0.0 20.0 1.0 0.0 0.0 0.0
1430529694.46
538.8 0.0 20.0 1.0 0.0 0.0 0.0
1430529694.49
538.9 0.0 20.0 1.0 0.0 0.0 0.0
1430529694.52
539.0 0.0 20.0 1.0 0.0 0.0 0.0
1430529694.55
539.1 0.0 20.0 1.0 0.0 0.0 0.0
1430529694.58
539.1 0.0 20.0 1.0 0.0 0.0 0.0
1430529694.61
539.3 0.0 20.0 1.0 0.0 0.0 0.0
1430529694.64
539.3 0.0 20.0 1.0 0.0 0.0 0.0
1430529694.67
539.4 0.0 20.0 1.0 0.0 0.0 0.0
1430529694.7
539.5 0.0 20.0 1.0 0.0 0.0 0.0
1430529694.73
539.6 0.0 20.0 1.0 0.0 0.0 0.0
1430529694.76
539.7 0.0 20.0 1.0 0.0 0.0 0.0
1430529694.79
539.8 0.0 20.0 1.0 0.0 0.0 0.0
1430529694.82
539.9 0.0 20.0 1.0 0.0 0.0 0.0
1430529694.85
540.0 0.0 20.0 1.0 0.0 0.0 0.0
1430529694.88
540.0 0.0 20.0 1.0 0.0 0.0 0.0
1430529694.91
540.1 0.0 20.0 1.0 0.0 0.0 0.0
1430529694.94
540.2 0.0 20.0 1.0 0.0 0.0 0.0
1430529694.97
540.3 0.0 20.0 1.0 0.0 0.0 0.0
1430529695.0
540.4 0.0 20.0 1.0 0.0 0.0 0.0
1430529695.03
540.5 0.0 20.0 1.0 0.0 0.0 0.0
1430529695.06
540.6 0.0 20.0 1.0 0.0 0.0 0.0
1430529695.09
540.7 0.0 20.0 1.0 0.0 0.0 0.0
1430529695.12
540.8 0.0 20.0 1.0 0.0 0.0 0.0
1430529695.15
540.9 0.0 20.0 1.0 0.0 0.0 0.0
1430529695.18
541.0 0.0 20.0 1.0 0.0 0.0 0.0
1430529695.21
541.1 0.0 20.0 1.0 0.0 0.0 0.0
1430529695.24
541.1 0.0 20.0 1.0 0.0 0.0 0.0
1430529695.27
541.2 0.0 20.0 1.0 0.0 0.0 0.0
1430529695.3
541.3 0.0 20.0 1.0 0.0 0.0 0.0
1430529695.33
541.4 0.0 20.0 1.0 0.0 0.0 0.0
1430529695.36
541.5 0.0 20.0 1.0 0.0 0.0 0.0
1430529695.39
541.6 0.0 20.0 1.0 0.0 0.0 0.0
1430529695.42
541.7 0.0 20.0 1.0 0.0 0.0 0.0
1430529695.45
541.8 0.0 20.0 1.0 0.0 0.0 0.0
1430529695.48
541.9 0.0 20.0 1.0 0.0 0.0 0.0
1430529695.51
542.0 0.0 20.0 1.0 0.0 0.0 0.0
1430529695.54
542.1 0.0 20.0 1.0 0.0 0.0 0.0
1430529695.57
542.1 0.0 20.0 1.0 0.0 0.0 0.0
1430529695.6
542.2 0.0 20.0 1.0 0.0 0.0 0.0
1430529695.63
542.3 0.0 20.0 1.0 0.0 0.0 0.0
1430529695.66
542.4 0.0 20.0 1.0 0.0 0.0 0.0
1430529695.69
542.5 0.0 20.0 1.0 0.0 0.0 0.0
1430529695.72
542.6 0.0 20.0 1.0 0.0 0.0 0.0
1430529695.75
542.7 0.0 20.0 1.0 0.0 0.0 0.0
1430529695.78
542.8 0.0 20.0 1.0 0.0 0.0 0.0
1430529695.81
542.9 0.0 20.0 1.0 0.0 0.0 0.0
1430529695.84
543.0 0.0 20.0 1.0 0.0 0.0 0.0
1430529695.87
543.1 0.0 20.0 1.0 0.0 0.0 0.0
1430529695.9
543.1 0.0 20.0 1.0 0.0 0.0 0.0
1430529695.93
543.2 0.0 20.0 1.0 0.0 0.0 0.0
1430529695.96
543.3 0.0 20.0 1.0 0.0 0.0 0.0
1430529695.99
543.4 0.0 20.0 1.0 0.0 0.0 0.0
1430529696.02
543.5 0.0 20.0 1.0 0.0 0.0 0.0
1430529696.05
543.6 0.0 20.0 1.0 0.0 0.0 0.0
1430529696.09
543.7 0.0 20.0 1.0 0.0 0.0 0.0
1430529696.11
543.8 0.0 20.0 1.0 0.0 0.0 0.0
1430529696.15
543.9 0.0 20.0 1.0 0.0 0.0 0.0
1430529696.18
544.0 0.0 20.0 1.0 0.0 0.0 0.0
1430529696.21
544.1 0.0 20.0 1.0 0.0 0.0 0.0
1430529696.24
544.2 0.0 20.0 1.0 0.0 0.0 0.0
1430529696.27
544.2 0.0 20.0 1.0 0.0 0.0 0.0
1430529696.3
544.3 0.0 20.0 1.0 0.0 0.0 0.0
1430529696.33
544.4 0.0 20.0 1.0 0.0 0.0 0.0
1430529696.36
544.5 0.0 20.0 1.0 0.0 0.0 0.0
1430529696.39
544.6 0.0 20.0 1.0 0.0 0.0 0.0
1430529696.42
544.7 0.0 20.0 1.0 0.0 0.0 0.0
1430529696.45
544.8 0.0 20.0 1.0 0.0 0.0 0.0
1430529696.48
544.9 0.0 20.0 1.0 0.0 0.0 0.0
1430529696.51
545.0 0.0 20.0 1.0 0.0 0.0 0.0
1430529696.54
545.1 0.0 20.0 1.0 0.0 0.0 0.0
1430529696.57
545.1 0.0 20.0 1.0 0.0 0.0 0.0
1430529696.6
545.2 0.0 20.0 1.0 0.0 0.0 0.0
1430529696.63
545.3 0.0 20.0 1.0 0.0 0.0 0.0
1430529696.66
545.4 0.0 20.0 1.0 0.0 0.0 0.0
1430529696.69
545.5 0.0 20.0 1.0 0.0 0.0 0.0
1430529696.72
545.6 0.0 20.0 1.0 0.0 0.0 0.0
1430529696.75
545.7 0.0 20.0 1.0 0.0 0.0 0.0
1430529696.78
545.8 0.0 20.0 1.0 0.0 0.0 0.0
1430529696.81
545.9 0.0 20.0 1.0 0.0 0.0 0.0
1430529696.84
545.9 0.0 20.0 1.0 0.0 0.0 0.0
1430529696.87
546.0 0.0 20.0 1.0 0.0 0.0 0.0
1430529696.9
546.1 0.0 20.0 1.0 0.0 0.0 0.0
1430529696.93
546.2 0.0 20.0 1.0 0.0 0.0 0.0
1430529696.96
546.3 0.0 20.0 1.0 0.0 0.0 0.0
1430529696.99
546.4 0.0 20.0 1.0 0.0 0.0 0.0
1430529697.03
546.5 0.0 20.0 1.0 0.0 0.0 0.0
1430529697.06
546.6 0.0 20.0 1.0 0.0 0.0 0.0
1430529697.09
546.7 0.0 20.0 1.0 0.0 0.0 0.0
1430529697.12
546.8 0.0 20.0 1.0 0.0 0.0 0.0
1430529697.15
546.9 0.0 20.0 1.0 0.0 0.0 0.0
1430529697.18
547.0 0.0 20.0 1.0 0.0 0.0 0.0
1430529697.21
547.0 0.0 20.0 1.0 0.0 0.0 0.0
1430529697.24
547.1 0.0 20.0 1.0 0.0 0.0 0.0
1430529697.27
547.2 0.0 20.0 1.0 0.0 0.0 0.0
1430529697.3
547.3 0.0 20.0 1.0 0.0 0.0 0.0
1430529697.33
547.4 0.0 20.0 1.0 0.0 0.0 0.0
1430529697.36
547.5 0.0 20.0 1.0 0.0 0.0 0.0
1430529697.39
547.6 0.0 20.0 1.0 0.0 0.0 0.0
1430529697.42
547.7 0.0 20.0 1.0 0.0 0.0 0.0
1430529697.45
547.8 0.0 20.0 1.0 0.0 0.0 0.0
1430529697.48
547.9 0.0 20.0 1.0 0.0 0.0 0.0
1430529697.51
548.0 0.0 20.0 1.0 0.0 0.0 0.0
1430529697.54
548.0 0.0 20.0 1.0 0.0 0.0 0.0
1430529697.57
548.1 0.0 20.0 1.0 0.0 0.0 0.0
1430529697.6
548.2 0.0 20.0 1.0 0.0 0.0 0.0
1430529697.63
548.3 0.0 20.0 1.0 0.0 0.0 0.0
1430529697.66
548.4 0.0 20.0 1.0 0.0 0.0 0.0
1430529697.69
548.5 0.0 20.0 1.0 0.0 0.0 0.0
1430529697.73
548.6 0.0 20.0 1.0 0.0 0.0 0.0
1430529697.75
548.7 0.0 20.0 1.0 0.0 0.0 0.0
1430529697.79
548.8 0.0 20.0 1.0 0.0 0.0 0.0
1430529697.82
548.9 0.0 20.0 1.0 0.0 0.0 0.0
1430529697.85
549.0 0.0 20.0 1.0 0.0 0.0 0.0
1430529697.88
549.1 0.0 20.0 1.0 0.0 0.0 0.0
1430529697.91
549.1 0.0 20.0 1.0 0.0 0.0 0.0
1430529697.93
549.2 0.0 20.0 1.0 0.0 0.0 0.0
1430529697.96
549.3 0.0 20.0 1.0 0.0 0.0 0.0
1430529697.99
549.4 0.0 20.0 1.0 0.0 0.0 0.0
1430529698.03
549.5 0.0 20.0 1.0 0.0 0.0 0.0
1430529698.06
549.6 0.0 20.0 1.0 0.0 0.0 0.0
1430529698.09
549.7 0.0 20.0 1.0 0.0 0.0 0.0
1430529698.12
549.8 0.0 20.0 1.0 0.0 0.0 0.0
1430529698.15
549.9 0.0 20.0 1.0 0.0 0.0 0.0
1430529698.18
550.0 0.0 20.0 1.0 0.0 0.0 0.0
1430529698.21
550.1 0.0 20.0 1.0 0.0 0.0 0.0
1430529698.24
550.1 0.0 20.0 1.0 0.0 0.0 0.0
1430529698.27
550.2 0.0 20.0 1.0 0.0 0.0 0.0
1430529698.3
550.3 0.0 20.0 1.0 0.0 0.0 0.0
1430529698.33
550.4 0.0 20.0 1.0 0.0 0.0 0.0
1430529698.36
550.5 0.0 20.0 1.0 0.0 0.0 0.0
1430529698.39
550.6 0.0 20.0 1.0 0.0 0.0 0.0
1430529698.42
550.7 0.0 20.0 1.0 0.0 0.0 0.0
1430529698.45
550.8 0.0 20.0 1.0 0.0 0.0 0.0
1430529698.48
550.9 0.0 20.0 1.0 0.0 0.0 0.0
1430529698.51
551.0 0.0 20.0 1.0 0.0 0.0 0.0
1430529698.54
551.1 0.0 20.0 1.0 0.0 0.0 0.0
1430529698.57
551.1 0.0 20.0 1.0 0.0 0.0 0.0
1430529698.6
551.2 0.0 20.0 1.0 0.0 0.0 0.0
1430529698.63
551.3 0.0 20.0 1.0 0.0 0.0 0.0
1430529698.66
551.4 0.0 20.0 1.0 0.0 0.0 0.0
1430529698.69
551.5 0.0 20.0 1.0 0.0 0.0 0.0
1430529698.72
551.6 0.0 20.0 1.0 0.0 0.0 0.0
1430529698.75
551.7 0.0 20.0 1.0 0.0 0.0 0.0
1430529698.78
551.8 0.0 20.0 1.0 0.0 0.0 0.0
1430529698.81
551.9 0.0 20.0 1.0 0.0 0.0 0.0
1430529698.84
551.9 0.0 20.0 1.0 0.0 0.0 0.0
1430529698.87
552.0 0.0 20.0 1.0 0.0 0.0 0.0
1430529698.9
552.1 0.0 20.0 1.0 0.0 0.0 0.0
1430529698.93
552.2 0.0 20.0 1.0 0.0 0.0 0.0
1430529698.96
552.3 0.0 20.0 1.0 0.0 0.0 0.0
1430529698.99
552.4 0.0 20.0 1.0 0.0 0.0 0.0
1430529699.02
552.5 0.0 20.0 1.0 0.0 0.0 0.0
1430529699.05
552.6 0.0 20.0 1.0 0.0 0.0 0.0
1430529699.08
552.7 0.0 20.0 1.0 0.0 0.0 0.0
1430529699.11
552.8 0.0 20.0 1.0 0.0 0.0 0.0
1430529699.14
552.9 0.0 20.0 1.0 0.0 0.0 0.0
1430529699.17
552.9 0.0 20.0 1.0 0.0 0.0 0.0
1430529699.2
553.0 0.0 20.0 1.0 0.0 0.0 0.0
1430529699.23
553.1 0.0 20.0 1.0 0.0 0.0 0.0
1430529699.26
553.2 0.0 20.0 1.0 0.0 0.0 0.0
1430529699.3
553.3 0.0 20.0 1.0 0.0 0.0 0.0
1430529699.32
553.4 0.0 20.0 1.0 0.0 0.0 0.0
1430529699.36
553.5 0.0 20.0 1.0 0.0 0.0 0.0
1430529699.39
553.6 0.0 20.0 1.0 0.0 0.0 0.0
1430529699.42
553.7 0.0 20.0 1.0 0.0 0.0 0.0
1430529699.45
553.8 0.0 20.0 1.0 0.0 0.0 0.0
1430529699.48
553.9 0.0 20.0 1.0 0.0 0.0 0.0
1430529699.51
553.9 0.0 20.0 1.0 0.0 0.0 0.0
1430529699.54
554.0 0.0 20.0 1.0 0.0 0.0 0.0
1430529699.57
554.1 0.0 20.0 1.0 0.0 0.0 0.0
1430529699.6
554.2 0.0 20.0 1.0 0.0 0.0 0.0
1430529699.63
554.3 0.0 20.0 1.0 0.0 0.0 0.0
1430529699.66
554.4 0.0 20.0 1.0 0.0 0.0 0.0
1430529699.69
554.5 0.0 20.0 1.0 0.0 0.0 0.0
1430529699.72
554.6 0.0 20.0 1.0 0.0 0.0 0.0
1430529699.75
554.7 0.0 20.0 1.0 0.0 0.0 0.0
1430529699.78
554.8 0.0 20.0 1.0 0.0 0.0 0.0
1430529699.81
554.9 0.0 20.0 1.0 0.0 0.0 0.0
1430529699.84
554.9 0.0 20.0 1.0 0.0 0.0 0.0
1430529699.87
555.0 0.0 20.0 1.0 0.0 0.0 0.0
1430529699.9
555.1 0.0 20.0 1.0 0.0 0.0 0.0
1430529699.93
555.2 0.0 20.0 1.0 0.0 0.0 0.0
1430529699.96
555.3 0.0 20.0 1.0 0.0 0.0 0.0
1430529699.99
555.4 0.0 20.0 1.0 0.0 0.0 0.0
1430529700.02
555.5 0.0 20.0 1.0 0.0 0.0 0.0
1430529700.05
555.6 0.0 20.0 1.0 0.0 0.0 0.0
1430529700.08
555.7 0.0 20.0 1.0 0.0 0.0 0.0
1430529700.11
555.8 0.0 20.0 1.0 0.0 0.0 0.0
1430529700.14
555.9 0.0 20.0 1.0 0.0 0.0 0.0
1430529700.17
555.9 0.0 20.0 1.0 0.0 0.0 0.0
1430529700.21
556.0 0.0 20.0 1.0 0.0 0.0 0.0
1430529700.24
556.1 0.0 20.0 1.0 0.0 0.0 0.0
1430529700.27
556.2 0.0 20.0 1.0 0.0 0.0 0.0
1430529700.29
556.3 0.0 20.0 1.0 0.0 0.0 0.0
1430529700.33
556.4 0.0 20.0 1.0 0.0 0.0 0.0
1430529700.36
556.5 0.0 20.0 1.0 0.0 0.0 0.0
1430529700.39
556.6 0.0 20.0 1.0 0.0 0.0 0.0
1430529700.41
556.7 0.0 20.0 1.0 0.0 0.0 0.0
1430529700.45
556.8 0.0 20.0 1.0 0.0 0.0 0.0
1430529700.48
556.9 0.0 20.0 1.0 0.0 0.0 0.0
1430529700.51
556.9 0.0 20.0 1.0 0.0 0.0 0.0
1430529700.54
557.0 0.0 20.0 1.0 0.0 0.0 0.0
1430529700.57
557.1 0.0 20.0 1.0 0.0 0.0 0.0
1430529700.6
557.2 0.0 20.0 1.0 0.0 0.0 0.0
1430529700.63
557.3 0.0 20.0 1.0 0.0 0.0 0.0
1430529700.66
557.4 0.0 20.0 1.0 0.0 0.0 0.0
1430529700.69
557.5 0.0 20.0 1.0 0.0 0.0 0.0
1430529700.72
557.6 0.0 20.0 1.0 0.0 0.0 0.0
1430529700.75
557.7 0.0 20.0 1.0 0.0 0.0 0.0
1430529700.78
557.8 0.0 20.0 1.0 0.0 0.0 0.0
1430529700.81
557.9 0.0 20.0 1.0 0.0 0.0 0.0
1430529700.84
558.0 0.0 20.0 1.0 0.0 0.0 0.0
1430529700.87
558.0 0.0 20.0 1.0 0.0 0.0 0.0
1430529700.9
558.1 0.0 20.0 1.0 0.0 0.0 0.0
1430529700.93
558.2 0.0 20.0 1.0 0.0 0.0 0.0
1430529700.96
558.3 0.0 20.0 1.0 0.0 0.0 0.0
1430529700.99
558.4 0.0 20.0 1.0 0.0 0.0 0.0
1430529701.02
558.5 0.0 20.0 1.0 0.0 0.0 0.0
1430529701.05
558.6 0.0 20.0 1.0 0.0 0.0 0.0
1430529701.08
558.7 0.0 20.0 1.0 0.0 0.0 0.0
1430529701.11
558.8 0.0 20.0 1.0 0.0 0.0 0.0
1430529701.14
558.9 0.0 20.0 1.0 0.0 0.0 0.0
1430529701.17
558.9 0.0 20.0 1.0 0.0 0.0 0.0
1430529701.2
559.0 0.0 20.0 1.0 0.0 0.0 0.0
1430529701.23
559.1 0.0 20.0 1.0 0.0 0.0 0.0
1430529701.26
559.2 0.0 20.0 1.0 0.0 0.0 0.0
1430529701.29
559.3 0.0 20.0 1.0 0.0 0.0 0.0
1430529701.32
559.4 0.0 20.0 1.0 0.0 0.0 0.0
1430529701.35
559.5 0.0 20.0 1.0 0.0 0.0 0.0
1430529701.38
559.6 0.0 20.0 1.0 0.0 0.0 0.0
1430529701.41
559.7 0.0 20.0 1.0 0.0 0.0 0.0
1430529701.45
559.8 0.0 20.0 1.0 0.0 0.0 0.0
1430529701.47
559.8 0.0 20.0 1.0 0.0 0.0 0.0
1430529701.51
559.9 0.0 20.0 1.0 0.0 0.0 0.0
1430529701.54
560.0 0.0 20.0 1.0 0.0 0.0 0.0
1430529701.56
560.1 0.0 20.0 1.0 0.0 0.0 0.0
1430529701.6
560.2 0.0 20.0 1.0 0.0 0.0 0.0
1430529701.62
560.3 0.0 20.0 1.0 0.0 0.0 0.0
1430529701.66
560.4 0.0 20.0 1.0 0.0 0.0 0.0
1430529701.69
560.5 0.0 20.0 1.0 0.0 0.0 0.0
1430529701.72
560.6 0.0 20.0 1.0 0.0 0.0 0.0
1430529701.75
560.7 0.0 20.0 1.0 0.0 0.0 0.0
1430529701.78
560.7 0.0 20.0 1.0 0.0 0.0 0.0
1430529701.8
560.8 0.0 20.0 1.0 0.0 0.0 0.0
1430529701.84
560.9 0.0 20.0 1.0 0.0 0.0 0.0
1430529701.87
561.0 0.0 20.0 1.0 0.0 0.0 0.0
1430529701.9
561.1 0.0 20.0 1.0 0.0 0.0 0.0
1430529701.93
561.2 0.0 20.0 1.0 0.0 0.0 0.0
1430529701.96
561.3 0.0 20.0 1.0 0.0 0.0 0.0
1430529701.99
561.4 0.0 20.0 1.0 0.0 0.0 0.0
1430529702.02
561.5 0.0 20.0 1.0 0.0 0.0 0.0
1430529702.05
561.6 0.0 20.0 1.0 0.0 0.0 0.0
1430529702.08
561.7 0.0 20.0 1.0 0.0 0.0 0.0
1430529702.11
561.8 0.0 20.0 1.0 0.0 0.0 0.0
1430529702.14
561.8 0.0 20.0 1.0 0.0 0.0 0.0
1430529702.17
561.9 0.0 20.0 1.0 0.0 0.0 0.0
1430529702.2
562.0 0.0 20.0 1.0 0.0 0.0 0.0
1430529702.23
562.1 0.0 20.0 1.0 0.0 0.0 0.0
1430529702.26
562.2 0.0 20.0 1.0 0.0 0.0 0.0
1430529702.29
562.3 0.0 20.0 1.0 0.0 0.0 0.0
1430529702.32
562.4 0.0 20.0 1.0 0.0 0.0 0.0
1430529702.35
562.5 0.0 20.0 1.0 0.0 0.0 0.0
1430529702.38
562.6 0.0 20.0 1.0 0.0 0.0 0.0
1430529702.41
562.7 0.0 20.0 1.0 0.0 0.0 0.0
1430529702.44
562.8 0.0 20.0 1.0 0.0 0.0 0.0
1430529702.47
562.8 0.0 20.0 1.0 0.0 0.0 0.0
1430529702.5
562.9 0.0 20.0 1.0 0.0 0.0 0.0
1430529702.53
563.0 0.0 20.0 1.0 0.0 0.0 0.0
1430529702.56
563.1 0.0 20.0 1.0 0.0 0.0 0.0
1430529702.59
563.2 0.0 20.0 1.0 0.0 0.0 0.0
1430529702.62
563.3 0.0 20.0 1.0 0.0 0.0 0.0
1430529702.65
563.4 0.0 20.0 1.0 0.0 0.0 0.0
1430529702.68
563.5 0.0 20.0 1.0 0.0 0.0 0.0
1430529702.71
563.6 0.0 20.0 1.0 0.0 0.0 0.0
1430529702.74
563.7 0.0 20.0 1.0 0.0 0.0 0.0
1430529702.77
563.8 0.0 20.0 1.0 0.0 0.0 0.0
1430529702.81
563.9 0.0 20.0 1.0 0.0 0.0 0.0
1430529702.83
563.9 0.0 20.0 1.0 0.0 0.0 0.0
1430529702.87
564.0 0.0 20.0 1.0 0.0 0.0 0.0
1430529702.9
564.1 0.0 20.0 1.0 0.0 0.0 0.0
1430529702.93
564.2 0.0 20.0 1.0 0.0 0.0 0.0
1430529702.96
564.3 0.0 20.0 1.0 0.0 0.0 0.0
1430529702.99
564.4 0.0 20.0 1.0 0.0 0.0 0.0
1430529703.02
564.5 0.0 20.0 1.0 0.0 0.0 0.0
1430529703.05
564.6 0.0 20.0 1.0 0.0 0.0 0.0
1430529703.08
564.7 0.0 20.0 1.0 0.0 0.0 0.0
1430529703.11
564.8 0.0 20.0 1.0 0.0 0.0 0.0
1430529703.14
564.9 0.0 20.0 1.0 0.0 0.0 0.0
1430529703.17
564.9 0.0 20.0 1.0 0.0 0.0 0.0
1430529703.2
565.0 0.0 20.0 1.0 0.0 0.0 0.0
1430529703.23
565.1 0.0 20.0 1.0 0.0 0.0 0.0
1430529703.26
565.2 0.0 20.0 1.0 0.0 0.0 0.0
1430529703.29
565.3 0.0 20.0 1.0 0.0 0.0 0.0
1430529703.32
565.4 0.0 20.0 1.0 0.0 0.0 0.0
1430529703.35
565.5 0.0 20.0 1.0 0.0 0.0 0.0
1430529703.38
565.6 0.0 20.0 1.0 0.0 0.0 0.0
1430529703.41
565.7 0.0 20.0 1.0 0.0 0.0 0.0
1430529703.44
565.8 0.0 20.0 1.0 0.0 0.0 0.0
1430529703.47
565.8 0.0 20.0 1.0 0.0 0.0 0.0
1430529703.5
565.9 0.0 20.0 1.0 0.0 0.0 0.0
1430529703.53
566.0 0.0 20.0 1.0 0.0 0.0 0.0
1430529703.56
566.1 0.0 20.0 1.0 0.0 0.0 0.0
1430529703.59
566.2 0.0 20.0 1.0 0.0 0.0 0.0
1430529703.62
566.3 0.0 20.0 1.0 0.0 0.0 0.0
1430529703.65
566.4 0.0 20.0 1.0 0.0 0.0 0.0
1430529703.68
566.5 0.0 20.0 1.0 0.0 0.0 0.0
1430529703.71
566.6 0.0 20.0 1.0 0.0 0.0 0.0
1430529703.74
566.7 0.0 20.0 1.0 0.0 0.0 0.0
1430529703.77
566.7 0.0 20.0 1.0 0.0 0.0 0.0
1430529703.8
566.9 0.0 20.0 1.0 0.0 0.0 0.0
1430529703.83
566.9 0.0 20.0 1.0 0.0 0.0 0.0
1430529703.86
567.0 0.0 20.0 1.0 0.0 0.0 0.0
1430529703.89
567.1 0.0 20.0 1.0 0.0 0.0 0.0
1430529703.92
567.2 0.0 20.0 1.0 0.0 0.0 0.0
1430529703.96
567.3 0.0 20.0 1.0 0.0 0.0 0.0
1430529703.98
567.4 0.0 20.0 1.0 0.0 0.0 0.0
1430529704.02
567.5 0.0 20.0 1.0 0.0 0.0 0.0
1430529704.05
567.6 0.0 20.0 1.0 0.0 0.0 0.0
1430529704.08
567.7 0.0 20.0 1.0 0.0 0.0 0.0
1430529704.11
567.7 0.0 20.0 1.0 0.0 0.0 0.0
1430529704.14
567.8 0.0 20.0 1.0 0.0 0.0 0.0
1430529704.17
567.9 0.0 20.0 1.0 0.0 0.0 0.0
1430529704.2
568.0 0.0 20.0 1.0 0.0 0.0 0.0
1430529704.23
568.1 0.0 20.0 1.0 0.0 0.0 0.0
1430529704.26
568.2 0.0 20.0 1.0 0.0 0.0 0.0
1430529704.29
568.3 0.0 20.0 1.0 0.0 0.0 0.0
1430529704.32
568.4 0.0 20.0 1.0 0.0 0.0 0.0
1430529704.35
568.5 0.0 20.0 1.0 0.0 0.0 0.0
1430529704.38
568.6 0.0 20.0 1.0 0.0 0.0 0.0
1430529704.41
568.7 0.0 20.0 1.0 0.0 0.0 0.0
1430529704.44
568.7 0.0 20.0 1.0 0.0 0.0 0.0
1430529704.47
568.8 0.0 20.0 1.0 0.0 0.0 0.0
1430529704.5
568.9 0.0 20.0 1.0 0.0 0.0 0.0
1430529704.53
569.0 0.0 20.0 1.0 0.0 0.0 0.0
1430529704.56
569.1 0.0 20.0 1.0 0.0 0.0 0.0
1430529704.59
569.2 0.0 20.0 1.0 0.0 0.0 0.0
1430529704.62
569.3 0.0 20.0 1.0 0.0 0.0 0.0
1430529704.65
569.4 0.0 20.0 1.0 0.0 0.0 0.0
1430529704.68
569.5 0.0 20.0 1.0 0.0 0.0 0.0
1430529704.71
569.6 0.0 20.0 1.0 0.0 0.0 0.0
1430529704.74
569.7 0.0 20.0 1.0 0.0 0.0 0.0
1430529704.77
569.7 0.0 20.0 1.0 0.0 0.0 0.0
1430529704.8
569.8 0.0 20.0 1.0 0.0 0.0 0.0
1430529704.83
569.9 0.0 20.0 1.0 0.0 0.0 0.0
1430529704.86
570.0 0.0 20.0 1.0 0.0 0.0 0.0
1430529704.89
570.1 0.0 20.0 1.0 0.0 0.0 0.0
1430529704.92
570.2 0.0 20.0 1.0 0.0 0.0 0.0
1430529704.95
570.3 0.0 20.0 1.0 0.0 0.0 0.0
1430529704.98
570.4 0.0 20.0 1.0 0.0 0.0 0.0
1430529705.01
570.5 0.0 20.0 1.0 0.0 0.0 0.0
1430529705.04
570.6 0.0 20.0 1.0 0.0 0.0 0.0
1430529705.07
570.6 0.0 20.0 1.0 0.0 0.0 0.0
1430529705.1
570.7 0.0 20.0 1.0 0.0 0.0 0.0
1430529705.13
570.8 0.0 20.0 1.0 0.0 0.0 0.0
1430529705.16
570.9 0.0 20.0 1.0 0.0 0.0 0.0
1430529705.19
571.0 0.0 20.0 1.0 0.0 0.0 0.0
1430529705.22
571.1 0.0 20.0 1.0 0.0 0.0 0.0
1430529705.25
571.2 0.0 20.0 1.0 0.0 0.0 0.0
1430529705.28
571.3 0.0 20.0 1.0 0.0 0.0 0.0
1430529705.31
571.4 0.0 20.0 1.0 0.0 0.0 0.0
1430529705.34
571.5 0.0 20.0 1.0 0.0 0.0 0.0
1430529705.37
571.6 0.0 20.0 1.0 0.0 0.0 0.0
1430529705.41
571.6 0.0 20.0 1.0 0.0 0.0 0.0
1430529705.44
571.7 0.0 20.0 1.0 0.0 0.0 0.0
1430529705.47
571.8 0.0 20.0 1.0 0.0 0.0 0.0
1430529705.49
571.9 0.0 20.0 1.0 0.0 0.0 0.0
1430529705.53
572.0 0.0 20.0 1.0 0.0 0.0 0.0
1430529705.55
572.1 0.0 20.0 1.0 0.0 0.0 0.0
1430529705.59
572.2 0.0 20.0 1.0 0.0 0.0 0.0
1430529705.62
572.3 0.0 20.0 1.0 0.0 0.0 0.0
1430529705.65
572.4 0.0 20.0 1.0 0.0 0.0 0.0
1430529705.68
572.5 0.0 20.0 1.0 0.0 0.0 0.0
1430529705.71
572.6 0.0 20.0 1.0 0.0 0.0 0.0
1430529705.74
572.7 0.0 20.0 1.0 0.0 0.0 0.0
1430529705.77
572.7 0.0 20.0 1.0 0.0 0.0 0.0
1430529705.8
572.8 0.0 20.0 1.0 0.0 0.0 0.0
1430529705.83
572.9 0.0 20.0 1.0 0.0 0.0 0.0
1430529705.86
573.0 0.0 20.0 1.0 0.0 0.0 0.0
1430529705.89
573.1 0.0 20.0 1.0 0.0 0.0 0.0
1430529705.92
573.2 0.0 20.0 1.0 0.0 0.0 0.0
1430529705.95
573.3 0.0 20.0 1.0 0.0 0.0 0.0
1430529705.98
573.4 0.0 20.0 1.0 0.0 0.0 0.0
1430529706.01
573.5 0.0 20.0 1.0 0.0 0.0 0.0
1430529706.04
573.6 0.0 20.0 1.0 0.0 0.0 0.0
1430529706.07
573.6 0.0 20.0 1.0 0.0 0.0 0.0
1430529706.1
573.7 0.0 20.0 1.0 0.0 0.0 0.0
1430529706.13
573.8 0.0 20.0 1.0 0.0 0.0 0.0
1430529706.16
573.9 0.0 20.0 1.0 0.0 0.0 0.0
1430529706.19
574.0 0.0 20.0 1.0 0.0 0.0 0.0
1430529706.22
574.1 0.0 20.0 1.0 0.0 0.0 0.0
1430529706.25
574.2 0.0 20.0 1.0 0.0 0.0 0.0
1430529706.28
574.3 0.0 20.0 1.0 0.0 0.0 0.0
1430529706.31
574.4 0.0 20.0 1.0 0.0 0.0 0.0
1430529706.34
574.5 0.0 20.0 1.0 0.0 0.0 0.0
1430529706.37
574.5 0.0 20.0 1.0 0.0 0.0 0.0
1430529706.4
574.6 0.0 20.0 1.0 0.0 0.0 0.0
1430529706.43
574.7 0.0 20.0 1.0 0.0 0.0 0.0
1430529706.46
574.8 0.0 20.0 1.0 0.0 0.0 0.0
1430529706.49
574.9 0.0 20.0 1.0 0.0 0.0 0.0
1430529706.52
575.0 0.0 20.0 1.0 0.0 0.0 0.0
1430529706.56
575.1 0.0 20.0 1.0 0.0 0.0 0.0
1430529706.58
575.2 0.0 20.0 1.0 0.0 0.0 0.0
1430529706.62
575.3 0.0 20.0 1.0 0.0 0.0 0.0
1430529706.64
575.4 0.0 20.0 1.0 0.0 0.0 0.0
1430529706.68
575.5 0.0 20.0 1.0 0.0 0.0 0.0
1430529706.7
575.5 0.0 20.0 1.0 0.0 0.0 0.0
1430529706.74
575.6 0.0 20.0 1.0 0.0 0.0 0.0
1430529706.77
575.7 0.0 20.0 1.0 0.0 0.0 0.0
1430529706.8
575.8 0.0 20.0 1.0 0.0 0.0 0.0
1430529706.83
575.9 0.0 20.0 1.0 0.0 0.0 0.0
1430529706.86
576.0 0.0 20.0 1.0 0.0 0.0 0.0
1430529706.89
576.1 0.0 20.0 1.0 0.0 0.0 0.0
1430529706.92
576.2 0.0 20.0 1.0 0.0 0.0 0.0
1430529706.95
576.3 0.0 20.0 1.0 0.0 0.0 0.0
1430529706.98
576.4 0.0 20.0 1.0 0.0 0.0 0.0
1430529707.01
576.5 0.0 20.0 1.0 0.0 0.0 0.0
1430529707.04
576.5 0.0 20.0 1.0 0.0 0.0 0.0
1430529707.07
576.6 0.0 20.0 1.0 0.0 0.0 0.0
1430529707.11
576.7 0.0 20.0 1.0 0.0 0.0 0.0
1430529707.13
576.8 0.0 20.0 1.0 0.0 0.0 0.0
1430529707.16
576.9 0.0 20.0 1.0 0.0 0.0 0.0
1430529707.19
577.0 0.0 20.0 1.0 0.0 0.0 0.0
1430529707.22
577.1 0.0 20.0 1.0 0.0 0.0 0.0
1430529707.25
577.2 0.0 20.0 1.0 0.0 0.0 0.0
1430529707.29
577.3 0.0 20.0 1.0 0.0 0.0 0.0
1430529707.31
577.4 0.0 20.0 1.0 0.0 0.0 0.0
1430529707.35
577.5 0.0 20.0 1.0 0.0 0.0 0.0
1430529707.37
577.6 0.0 20.0 1.0 0.0 0.0 0.0
1430529707.41
577.6 0.0 20.0 1.0 0.0 0.0 0.0
1430529707.43
577.7 0.0 20.0 1.0 0.0 0.0 0.0
1430529707.47
577.8 0.0 20.0 1.0 0.0 0.0 0.0
1430529707.5
577.9 0.0 20.0 1.0 0.0 0.0 0.0
1430529707.53
578.0 0.0 20.0 1.0 0.0 0.0 0.0
1430529707.56
578.1 0.0 20.0 1.0 0.0 0.0 0.0
1430529707.59
578.2 0.0 20.0 1.0 0.0 0.0 0.0
1430529707.62
578.3 0.0 20.0 1.0 0.0 0.0 0.0
1430529707.65
578.4 0.0 20.0 1.0 0.0 0.0 0.0
1430529707.68
578.5 0.0 20.0 1.0 0.0 0.0 0.0
1430529707.71
578.6 0.0 20.0 1.0 0.0 0.0 0.0
1430529707.74
578.7 0.0 20.0 1.0 0.0 0.0 0.0
1430529707.77
578.7 0.0 20.0 1.0 0.0 0.0 0.0
1430529707.8
578.8 0.0 20.0 1.0 0.0 0.0 0.0
1430529707.83
578.9 0.0 20.0 1.0 0.0 0.0 0.0
1430529707.86
579.0 0.0 20.0 1.0 0.0 0.0 0.0
1430529707.89
579.1 0.0 20.0 1.0 0.0 0.0 0.0
1430529707.92
579.2 0.0 20.0 1.0 0.0 0.0 0.0
1430529707.95
579.3 0.0 20.0 1.0 0.0 0.0 0.0
1430529707.98
579.4 0.0 20.0 1.0 0.0 0.0 0.0
1430529708.01
579.5 0.0 20.0 1.0 0.0 0.0 0.0
1430529708.04
579.6 0.0 20.0 1.0 0.0 0.0 0.0
1430529708.07
579.6 0.0 20.0 1.0 0.0 0.0 0.0
1430529708.1
579.7 0.0 20.0 1.0 0.0 0.0 0.0
1430529708.13
579.8 0.0 20.0 1.0 0.0 0.0 0.0
1430529708.16
579.9 0.0 20.0 1.0 0.0 0.0 0.0
1430529708.19
580.0 0.0 20.0 1.0 0.0 0.0 0.0
1430529708.22
580.1 0.0 20.0 1.0 0.0 0.0 0.0
1430529708.25
580.2 0.0 20.0 1.0 0.0 0.0 0.0
1430529708.28
580.3 0.0 20.0 1.0 0.0 0.0 0.0
1430529708.31
580.4 0.0 20.0 1.0 0.0 0.0 0.0
1430529708.34
580.5 0.0 20.0 1.0 0.0 0.0 0.0
1430529708.37
580.6 0.0 20.0 1.0 0.0 0.0 0.0
1430529708.4
580.6 0.0 20.0 1.0 0.0 0.0 0.0
1430529708.43
580.7 0.0 20.0 1.0 0.0 0.0 0.0
1430529708.46
580.8 0.0 20.0 1.0 0.0 0.0 0.0
1430529708.5
580.9 0.0 20.0 1.0 0.0 0.0 0.0
1430529708.53
581.0 0.0 20.0 1.0 0.0 0.0 0.0
1430529708.56
581.1 0.0 20.0 1.0 0.0 0.0 0.0
1430529708.58
581.2 0.0 20.0 1.0 0.0 0.0 0.0
1430529708.62
581.3 0.0 20.0 1.0 0.0 0.0 0.0
1430529708.65
581.4 0.0 20.0 1.0 0.0 0.0 0.0
1430529708.68
581.5 0.0 20.0 1.0 0.0 0.0 0.0
1430529708.71
581.6 0.0 20.0 1.0 0.0 0.0 0.0
1430529708.74
581.7 0.0 20.0 1.0 0.0 0.0 0.0
1430529708.77
581.7 0.0 20.0 1.0 0.0 0.0 0.0
1430529708.8
581.8 0.0 20.0 1.0 0.0 0.0 0.0
1430529708.83
581.9 0.0 20.0 1.0 0.0 0.0 0.0
1430529708.86
582.0 0.0 20.0 1.0 0.0 0.0 0.0
1430529708.89
582.1 0.0 20.0 1.0 0.0 0.0 0.0
1430529708.92
582.2 0.0 20.0 1.0 0.0 0.0 0.0
1430529708.95
582.3 0.0 20.0 1.0 0.0 0.0 0.0
1430529708.98
582.4 0.0 20.0 1.0 0.0 0.0 0.0
1430529709.01
582.5 0.0 20.0 1.0 0.0 0.0 0.0
1430529709.04
582.6 0.0 20.0 1.0 0.0 0.0 0.0
1430529709.07
582.6 0.0 20.0 1.0 0.0 0.0 0.0
1430529709.1
582.7 0.0 20.0 1.0 0.0 0.0 0.0
1430529709.13
582.8 0.0 20.0 1.0 0.0 0.0 0.0
1430529709.16
582.9 0.0 20.0 1.0 0.0 0.0 0.0
1430529709.19
583.0 0.0 20.0 1.0 0.0 0.0 0.0
1430529709.22
583.1 0.0 20.0 1.0 0.0 0.0 0.0
1430529709.25
583.2 0.0 20.0 1.0 0.0 0.0 0.0
1430529709.28
583.3 0.0 20.0 1.0 0.0 0.0 0.0
1430529709.31
583.4 0.0 20.0 1.0 0.0 0.0 0.0
1430529709.35
583.5 0.0 20.0 1.0 0.0 0.0 0.0
1430529709.37
583.6 0.0 20.0 1.0 0.0 0.0 0.0
1430529709.41
583.7 0.0 20.0 1.0 0.0 0.0 0.0
1430529709.44
583.7 0.0 20.0 1.0 0.0 0.0 0.0
1430529709.47
583.8 0.0 20.0 1.0 0.0 0.0 0.0
1430529709.49
583.9 0.0 20.0 1.0 0.0 0.0 0.0
1430529709.53
584.0 0.0 20.0 1.0 0.0 0.0 0.0
1430529709.55
584.1 0.0 20.0 1.0 0.0 0.0 0.0
1430529709.59
584.2 0.0 20.0 1.0 0.0 0.0 0.0
1430529709.62
584.3 0.0 20.0 1.0 0.0 0.0 0.0
1430529709.65
584.4 0.0 20.0 1.0 0.0 0.0 0.0
1430529709.68
584.5 0.0 20.0 1.0 0.0 0.0 0.0
1430529709.71
584.6 0.0 20.0 1.0 0.0 0.0 0.0
1430529709.74
584.7 0.0 20.0 1.0 0.0 0.0 0.0
1430529709.77
584.7 0.0 20.0 1.0 0.0 0.0 0.0
1430529709.8
584.8 0.0 20.0 1.0 0.0 0.0 0.0
1430529709.83
584.9 0.0 20.0 1.0 0.0 0.0 0.0
1430529709.86
585.0 0.0 20.0 1.0 0.0 0.0 0.0
1430529709.89
585.1 0.0 20.0 1.0 0.0 0.0 0.0
1430529709.92
585.2 0.0 20.0 1.0 0.0 0.0 0.0
1430529709.95
585.3 0.0 20.0 1.0 0.0 0.0 0.0
1430529709.98
585.4 0.0 20.0 1.0 0.0 0.0 0.0
1430529710.01
585.5 0.0 20.0 1.0 0.0 0.0 0.0
1430529710.04
585.6 0.0 20.0 1.0 0.0 0.0 0.0
1430529710.07
585.6 0.0 20.0 1.0 0.0 0.0 0.0
1430529710.1
585.7 0.0 20.0 1.0 0.0 0.0 0.0
1430529710.13
585.8 0.0 20.0 1.0 0.0 0.0 0.0
1430529710.16
585.9 0.0 20.0 1.0 0.0 0.0 0.0
1430529710.19
586.0 0.0 20.0 1.0 0.0 0.0 0.0
1430529710.22
586.1 0.0 20.0 1.0 0.0 0.0 0.0
1430529710.25
586.2 0.0 20.0 1.0 0.0 0.0 0.0
1430529710.28
586.3 0.0 20.0 1.0 0.0 0.0 0.0
1430529710.31
586.4 0.0 20.0 1.0 0.0 0.0 0.0
1430529710.34
586.5 0.0 20.0 1.0 0.0 0.0 0.0
1430529710.37
586.5 0.0 20.0 1.0 0.0 0.0 0.0
1430529710.4
586.6 0.0 20.0 1.0 0.0 0.0 0.0
1430529710.43
586.7 0.0 20.0 1.0 0.0 0.0 0.0
1430529710.46
586.8 0.0 20.0 1.0 0.0 0.0 0.0
1430529710.49
586.9 0.0 20.0 1.0 0.0 0.0 0.0
1430529710.52
587.0 0.0 20.0 1.0 0.0 0.0 0.0
1430529710.55
587.1 0.0 20.0 1.0 0.0 0.0 0.0
1430529710.58
587.2 0.0 20.0 1.0 0.0 0.0 0.0
1430529710.61
587.3 0.0 20.0 1.0 0.0 0.0 0.0
1430529710.64
587.4 0.0 20.0 1.0 0.0 0.0 0.0
1430529710.68
587.5 0.0 20.0 1.0 0.0 0.0 0.0
1430529710.7
587.5 0.0 20.0 1.0 0.0 0.0 0.0
1430529710.74
587.6 0.0 20.0 1.0 0.0 0.0 0.0
1430529710.76
587.7 0.0 20.0 1.0 0.0 0.0 0.0
1430529710.8
587.8 0.0 20.0 1.0 0.0 0.0 0.0
1430529710.83
587.9 0.0 20.0 1.0 0.0 0.0 0.0
1430529710.86
588.0 0.0 20.0 1.0 0.0 0.0 0.0
1430529710.89
588.1 0.0 20.0 1.0 0.0 0.0 0.0
1430529710.92
588.2 0.0 20.0 1.0 0.0 0.0 0.0
1430529710.95
588.3 0.0 20.0 1.0 0.0 0.0 0.0
1430529710.98
588.4 0.0 20.0 1.0 0.0 0.0 0.0
1430529711.01
588.5 0.0 20.0 1.0 0.0 0.0 0.0
1430529711.04
588.5 0.0 20.0 1.0 0.0 0.0 0.0
1430529711.07
588.6 0.0 20.0 1.0 0.0 0.0 0.0
1430529711.1
588.7 0.0 20.0 1.0 0.0 0.0 0.0
1430529711.13
588.8 0.0 20.0 1.0 0.0 0.0 0.0
1430529711.16
588.9 0.0 20.0 1.0 0.0 0.0 0.0
1430529711.19
589.0 0.0 20.0 1.0 0.0 0.0 0.0
1430529711.22
589.1 0.0 20.0 1.0 0.0 0.0 0.0
1430529711.25
589.2 0.0 20.0 1.0 0.0 0.0 0.0
1430529711.28
589.3 0.0 20.0 1.0 0.0 0.0 0.0
1430529711.31
589.4 0.0 20.0 1.0 0.0 0.0 0.0
1430529711.34
589.4 0.0 20.0 1.0 0.0 0.0 0.0
1430529711.37
589.5 0.0 20.0 1.0 0.0 0.0 0.0
1430529711.4
589.6 0.0 20.0 1.0 0.0 0.0 0.0
1430529711.43
589.7 0.0 20.0 1.0 0.0 0.0 0.0
1430529711.46
589.8 0.0 20.0 1.0 0.0 0.0 0.0
1430529711.49
589.9 0.0 20.0 1.0 0.0 0.0 0.0
1430529711.52
590.0 0.0 20.0 1.0 0.0 0.0 0.0
1430529711.55
590.1 0.0 20.0 1.0 0.0 0.0 0.0
1430529711.58
590.2 0.0 20.0 1.0 0.0 0.0 0.0
1430529711.61
590.3 0.0 20.0 1.0 0.0 0.0 0.0
1430529711.64
590.4 0.0 20.0 1.0 0.0 0.0 0.0
1430529711.67
590.4 0.0 20.0 1.0 0.0 0.0 0.0
1430529711.7
590.5 0.0 20.0 1.0 0.0 0.0 0.0
1430529711.73
590.6 0.0 20.0 1.0 0.0 0.0 0.0
1430529711.76
590.7 0.0 20.0 1.0 0.0 0.0 0.0
1430529711.79
590.8 0.0 20.0 1.0 0.0 0.0 0.0
1430529711.83
590.9 0.0 20.0 1.0 0.0 0.0 0.0
1430529711.85
591.0 0.0 20.0 1.0 0.0 0.0 0.0
1430529711.88
591.1 0.0 20.0 1.0 0.0 0.0 0.0
1430529711.91
591.2 0.0 20.0 1.0 0.0 0.0 0.0
1430529711.95
591.3 0.0 20.0 1.0 0.0 0.0 0.0
1430529711.97
591.4 0.0 20.0 1.0 0.0 0.0 0.0
1430529712.0
591.4 0.0 20.0 1.0 0.0 0.0 0.0
1430529712.03
591.5 0.0 20.0 1.0 0.0 0.0 0.0
1430529712.06
591.6 0.0 20.0 1.0 0.0 0.0 0.0
1430529712.09
591.7 0.0 20.0 1.0 0.0 0.0 0.0
1430529712.12
591.8 0.0 20.0 1.0 0.0 0.0 0.0
1430529712.15
591.9 0.0 20.0 1.0 0.0 0.0 0.0
1430529712.18
592.0 0.0 20.0 1.0 0.0 0.0 0.0
1430529712.21
592.1 0.0 20.0 1.0 0.0 0.0 0.0
1430529712.25
592.2 0.0 20.0 1.0 0.0 0.0 0.0
1430529712.28
592.3 0.0 20.0 1.0 0.0 0.0 0.0
1430529712.31
592.4 0.0 20.0 1.0 0.0 0.0 0.0
1430529712.34
592.5 0.0 20.0 1.0 0.0 0.0 0.0
1430529712.37
592.6 0.0 20.0 1.0 0.0 0.0 0.0
1430529712.4
592.6 0.0 20.0 1.0 0.0 0.0 0.0
1430529712.43
592.7 0.0 20.0 1.0 0.0 0.0 0.0
1430529712.46
592.8 0.0 20.0 1.0 0.0 0.0 0.0
1430529712.49
592.9 0.0 20.0 1.0 0.0 0.0 0.0
1430529712.52
593.0 0.0 20.0 1.0 0.0 0.0 0.0
1430529712.55
593.1 0.0 20.0 1.0 0.0 0.0 0.0
1430529712.58
593.2 0.0 20.0 1.0 0.0 0.0 0.0
1430529712.61
593.3 0.0 20.0 1.0 0.0 0.0 0.0
1430529712.64
593.4 0.0 20.0 1.0 0.0 0.0 0.0
1430529712.67
593.5 0.0 20.0 1.0 0.0 0.0 0.0
1430529712.7
593.5 0.0 20.0 1.0 0.0 0.0 0.0
1430529712.73
593.6 0.0 20.0 1.0 0.0 0.0 0.0
1430529712.76
593.7 0.0 20.0 1.0 0.0 0.0 0.0
1430529712.79
593.8 0.0 20.0 1.0 0.0 0.0 0.0
1430529712.82
593.9 0.0 20.0 1.0 0.0 0.0 0.0
1430529712.85
594.0 0.0 20.0 1.0 0.0 0.0 0.0
1430529712.88
594.1 0.0 20.0 1.0 0.0 0.0 0.0
1430529712.92
594.2 0.0 20.0 1.0 0.0 0.0 0.0
1430529712.94
594.3 0.0 20.0 1.0 0.0 0.0 0.0
1430529712.98
594.4 0.0 20.0 1.0 0.0 0.0 0.0
1430529713.01
594.5 0.0 20.0 1.0 0.0 0.0 0.0
1430529713.04
594.6 0.0 20.0 1.0 0.0 0.0 0.0
1430529713.07
594.6 0.0 20.0 1.0 0.0 0.0 0.0
1430529713.1
594.7 0.0 20.0 1.0 0.0 0.0 0.0
1430529713.13
594.8 0.0 20.0 1.0 0.0 0.0 0.0
1430529713.16
594.9 0.0 20.0 1.0 0.0 0.0 0.0
1430529713.19
595.0 0.0 20.0 1.0 0.0 0.0 0.0
1430529713.22
595.1 0.0 20.0 1.0 0.0 0.0 0.0
1430529713.25
595.2 0.0 20.0 1.0 0.0 0.0 0.0
1430529713.28
595.3 0.0 20.0 1.0 0.0 0.0 0.0
1430529713.31
595.4 0.0 20.0 1.0 0.0 0.0 0.0
1430529713.34
595.4 0.0 20.0 1.0 0.0 0.0 0.0
1430529713.37
595.5 0.0 20.0 1.0 0.0 0.0 0.0
1430529713.4
595.6 0.0 20.0 1.0 0.0 0.0 0.0
1430529713.43
595.7 0.0 20.0 1.0 0.0 0.0 0.0
1430529713.46
595.8 0.0 20.0 1.0 0.0 0.0 0.0
1430529713.49
595.9 0.0 20.0 1.0 0.0 0.0 0.0
1430529713.52
596.0 0.0 20.0 1.0 0.0 0.0 0.0
1430529713.55
596.1 0.0 20.0 1.0 0.0 0.0 0.0
1430529713.58
596.2 0.0 20.0 1.0 0.0 0.0 0.0
1430529713.61
596.3 0.0 20.0 1.0 0.0 0.0 0.0
1430529713.64
596.4 0.0 20.0 1.0 0.0 0.0 0.0
1430529713.67
596.5 0.0 20.0 1.0 0.0 0.0 0.0
1430529713.7
596.5 0.0 20.0 1.0 0.0 0.0 0.0
1430529713.73
596.6 0.0 20.0 1.0 0.0 0.0 0.0
1430529713.76
596.7 0.0 20.0 1.0 0.0 0.0 0.0
1430529713.79
596.8 0.0 20.0 1.0 0.0 0.0 0.0
1430529713.83
596.9 0.0 20.0 1.0 0.0 0.0 0.0
1430529713.85
597.0 0.0 20.0 1.0 0.0 0.0 0.0
1430529713.89
597.1 0.0 20.0 1.0 0.0 0.0 0.0
1430529713.91
597.2 0.0 20.0 1.0 0.0 0.0 0.0
1430529713.95
597.3 0.0 20.0 1.0 0.0 0.0 0.0
1430529713.97
597.4 0.0 20.0 1.0 0.0 0.0 0.0
1430529714.01
597.4 0.0 20.0 1.0 0.0 0.0 0.0
1430529714.04
597.5 0.0 20.0 1.0 0.0 0.0 0.0
1430529714.07
597.6 0.0 20.0 1.0 0.0 0.0 0.0
1430529714.09
597.7 0.0 20.0 1.0 0.0 0.0 0.0
1430529714.13
597.8 0.0 20.0 1.0 0.0 0.0 0.0
1430529714.15
597.9 0.0 20.0 1.0 0.0 0.0 0.0
1430529714.19
598.0 0.0 20.0 1.0 0.0 0.0 0.0
1430529714.22
598.1 0.0 20.0 1.0 0.0 0.0 0.0
1430529714.25
598.2 0.0 20.0 1.0 0.0 0.0 0.0
1430529714.27
598.3 0.0 20.0 1.0 0.0 0.0 0.0
1430529714.31
598.3 0.0 20.0 1.0 0.0 0.0 0.0
1430529714.33
598.4 0.0 20.0 1.0 0.0 0.0 0.0
1430529714.37
598.5 0.0 20.0 1.0 0.0 0.0 0.0
1430529714.39
598.6 0.0 20.0 1.0 0.0 0.0 0.0
1430529714.43
598.7 0.0 20.0 1.0 0.0 0.0 0.0
1430529714.46
598.8 0.0 20.0 1.0 0.0 0.0 0.0
1430529714.49
598.9 0.0 20.0 1.0 0.0 0.0 0.0
1430529714.52
599.0 0.0 20.0 1.0 0.0 0.0 0.0
1430529714.55
599.1 0.0 20.0 1.0 0.0 0.0 0.0
1430529714.58
599.2 0.0 20.0 1.0 0.0 0.0 0.0
1430529714.62
599.3 0.0 20.0 1.0 0.0 0.0 0.0
1430529714.64
599.4 0.0 20.0 1.0 0.0 0.0 0.0
1430529714.67
599.5 0.0 20.0 1.0 0.0 0.0 0.0
1430529714.7
599.5 0.0 20.0 1.0 0.0 0.0 0.0
1430529714.73
599.6 0.0 20.0 1.0 0.0 0.0 0.0
1430529714.76
599.7 0.0 20.0 1.0 0.0 0.0 0.0
1430529714.79
599.8 0.0 20.0 1.0 0.0 0.0 0.0
1430529714.82
599.9 0.0 20.0 1.0 0.0 0.0 0.0
1430529714.85
600.0 0.0 20.0 1.0 0.0 0.0 0.0
1430529714.88
600.0 0.0 20.0 1.0 0.0 0.0 0.0
1430529714.91
600.0 0.0 20.0 1.0 0.0 0.0 0.0
1430529714.94
600.0 0.0 20.0 1.0 0.0 0.0 0.0
1430529714.97
600.0 0.0 20.0 1.0 0.0 0.0 0.0
1430529715.0
600.0 0.0 20.0 1.0 0.0 0.0 0.0
1430529715.03
600.0 0.0 20.0 1.0 0.0 0.0 0.0
1430529715.06
600.0 0.0 20.0 1.0 0.0 0.0 0.0
1430529715.09
600.0 0.0 20.0 1.0 0.0 0.0 0.0
1430529715.12
600.0 0.0 20.0 1.0 0.0 0.0 0.0
1430529715.15
600.0 0.0 20.0 1.0 0.0 0.0 0.0
1430529715.18
600.0 0.0 20.0 1.0 0.0 0.0 0.0
1430529715.21
600.0 0.0 20.0 1.0 0.0 0.0 0.0
1430529715.24
600.0 0.0 20.0 1.0 0.0 0.0 0.0
1430529715.27
600.0 0.0 20.0 1.0 0.0 0.0 0.0
1430529715.3
600.0 0.0 20.0 1.0 0.0 0.0 0.0
1430529715.33
600.0 0.0 20.0 1.0 0.0 0.0 0.0
1430529715.36
600.0 0.0 20.0 1.0 0.0 0.0 0.0
1430529715.39
600.0 0.0 20.0 1.0 0.0 0.0 0.0
1430529715.42
600.0 0.0 20.0 1.0 0.0 0.0 0.0
1430529715.46
600.0 0.0 20.0 1.0 0.0 0.0 0.0
1430529715.48
600.0 0.0 20.0 1.0 0.0 0.0 0.0
1430529715.51
600.0 0.0 20.0 1.0 0.0 0.0 0.0
1430529715.54
600.0 0.0 20.0 1.0 0.0 0.0 0.0
1430529715.57
600.0 0.0 20.0 1.0 0.0 0.0 0.0
1430529715.6
600.0 0.0 20.0 1.0 0.0 0.0 0.0
1430529715.63
600.0 0.0 20.0 1.0 0.0 0.0 0.0
1430529715.66
600.0 0.0 20.0 1.0 0.0 0.0 0.0
1430529715.69
600.0 0.0 20.0 1.0 0.0 0.0 0.0
1430529715.72
600.0 0.0 20.0 1.0 0.0 0.0 0.0
1430529715.75
600.0 0.0 20.0 1.0 0.0 0.0 0.0
1430529715.78
600.0 0.0 20.0 1.0 0.0 0.0 0.0
1430529715.81
600.0 0.0 20.0 1.0 0.0 0.0 0.0
1430529715.84
600.0 0.0 20.0 1.0 0.0 0.0 0.0
1430529715.87
600.0 0.0 20.0 1.0 0.0 0.0 0.0
1430529715.9
600.0 0.0 20.0 1.0 0.0 0.0 0.0
1430529715.93
600.0 0.0 20.0 1.0 0.0 0.0 0.0
1430529715.96
600.0 0.0 20.0 1.0 0.0 0.0 0.0
1430529715.99
600.0 0.0 20.0 1.0 0.0 0.0 0.0
1430529716.02
600.0 0.0 20.0 1.0 0.0 0.0 0.0
1430529716.05
600.0 0.0 20.0 1.0 0.0 0.0 0.0
1430529716.08
600.0 0.0 20.0 1.0 0.0 0.0 0.0
1430529716.11
600.0 0.0 20.0 1.0 0.0 0.0 0.0
1430529716.14
600.0 0.0 20.0 1.0 0.0 0.0 0.0
1430529716.17
600.0 0.0 20.0 1.0 0.0 0.0 0.0
1430529716.2
600.0 0.0 20.0 1.0 0.0 0.0 0.0
1430529716.23
600.0 0.0 20.0 1.0 0.0 0.0 0.0
1430529716.26
600.0 0.0 20.0 1.0 0.0 0.0 0.0
1430529716.29
600.0 0.0 20.0 1.0 0.0 0.0 0.0
1430529716.32
600.0 0.0 20.0 1.0 0.0 0.0 0.0
1430529716.35
600.0 0.0 20.0 1.0 0.0 0.0 0.0
1430529716.38
600.0 0.0 20.0 1.0 0.0 0.0 0.0
1430529716.41
600.0 0.0 20.0 1.0 0.0 0.0 0.0
1430529716.44
600.0 0.0 20.0 1.0 0.0 0.0 0.0
1430529716.47
600.0 0.0 20.0 1.0 0.0 0.0 0.0
1430529716.5
600.0 0.0 20.0 1.0 0.0 0.0 0.0
1430529716.53
600.0 0.0 20.0 1.0 0.0 0.0 0.0
1430529716.56
600.0 0.0 20.0 1.0 0.0 0.0 0.0
1430529716.59
600.0 0.0 20.0 1.0 0.0 0.0 0.0
1430529716.62
600.0 0.0 20.0 1.0 0.0 0.0 0.0
1430529716.65
600.0 0.0 20.0 1.0 0.0 0.0 0.0
1430529716.68
600.0 0.0 20.0 1.0 0.0 0.0 0.0
1430529716.71
600.0 0.0 20.0 1.0 0.0 0.0 0.0
1430529716.74
600.0 0.0 20.0 1.0 0.0 0.0 0.0
1430529716.77
600.0 0.0 20.0 1.0 0.0 0.0 0.0
1430529716.8
600.0 0.0 20.0 1.0 0.0 0.0 0.0
1430529716.83
600.0 0.0 20.0 1.0 0.0 0.0 0.0
1430529716.86
600.0 0.0 20.0 1.0 0.0 0.0 0.0
1430529716.89
600.0 0.0 20.0 1.0 0.0 0.0 0.0
1430529716.92
600.0 0.0 20.0 1.0 0.0 0.0 0.0
1430529716.95
600.0 0.0 20.0 1.0 0.0 0.0 0.0
1430529716.98
600.0 0.0 20.0 1.0 0.0 0.0 0.0
1430529717.02
600.0 0.0 20.0 1.0 0.0 0.0 0.0
1430529717.04
600.0 0.0 20.0 1.0 0.0 0.0 0.0
