20
TwoPointRotation
75.182 0 0
322.313 15.3024 0
-0 1 -0
-20 1
TwoPointRotation
52.113 97.887 0
265.232 49.0233 0
-0.707107 -0.707107 0
20 1
TwoPointRotation
0 76.211 0
-13.1462 -79.8007 0
1 -0 -0
-20 1
TwoPointRotation
67.1637 82.8363 0
-27.8248 37.4599 0
-0.707107 -0.707107 0
-20 1
TwoPointRotation
0 53.2131 0
64.3888 180.543 0
1 -0 -0
20 1
TwoPointRotation
38.945 111.055 0
-88.2274 144.224 0
-0.707107 -0.707107 0
-20 1
TwoPointRotation
57.5556 92.4444 0
38.6428 36.6505 0
-0.707107 -0.707107 0
20 1
TwoPointRotation
48.707 101.293 0
-196.101 198.093 0
-0.707107 -0.707107 0
-20 1
TwoPointRotation
46.4035 103.597 0
-241.654 290.484 0
-0.707107 -0.707107 0
-20 1
TwoPointRotation
37.8486 112.151 0
26.433 -19.572 0
-0.707107 -0.707107 0
20 1
TwoPointRotation
0 67.3593 0
14.3596 178.991 0
1 -0 -0
20 1
TwoPointRotation
50.2249 99.7751 0
278.04 -9.18906 0
-0.707107 -0.707107 0
20 1
TwoPointRotation
73.9984 0 0
327.539 23.1302 0
-0 1 -0
-20 1
TwoPointRotation
65.0467 84.9533 0
273.843 -151.199 0
-0.707107 -0.707107 0
20 1
TwoPointRotation
114.581 35.4193 0
245.113 -30.6749 0
-0.707107 -0.707107 0
20 1
TwoPointRotation
62.2565 87.7435 0
-69.2625 65.8074 0
-0.707107 -0.707107 0
-20 1
TwoPointRotation
75.3983 0 0
213.914 27.3309 0
-0 1 -0
-20 1
TwoPointRotation
105.351 44.6486 0
-70.644 291.366 0
-0.707107 -0.707107 0
-20 1
TwoPointRotation
97.5188 52.4812 0
-84.3282 394.26 0
-0.707107 -0.707107 0
-20 1
TwoPointRotation
0 57.7849 0
116.453 105.604 0
1 -0 -0
20 1
