20
TwoPointRotation
75.182 0 0
470.592 24.4838 0
-0 1 -0
-10 0.5
TwoPointRotation
52.113 97.887 0
393.104 19.7051 0
-0.707107 -0.707107 0
10 0.5
TwoPointRotation
0 76.211 0
-21.0339 -173.408 0
1 -0 -0
-10 0.5
TwoPointRotation
67.1637 82.8363 0
-84.8179 10.2341 0
-0.707107 -0.707107 0
-10 0.5
TwoPointRotation
0 53.2131 0
103.022 256.941 0
1 -0 -0
10 0.5
TwoPointRotation
38.945 111.055 0
-164.531 164.126 0
-0.707107 -0.707107 0
-10 0.5
TwoPointRotation
57.5556 92.4444 0
27.2951 3.17409 0
-0.707107 -0.707107 0
10 0.5
TwoPointRotation
48.707 101.293 0
-342.986 256.174 0
-0.707107 -0.707107 0
-10 0.5
TwoPointRotation
37.8486 112.151 0
19.5836 -98.606 0
-0.707107 -0.707107 0
10 0.5
TwoPointRotation
0 67.3593 0
22.9753 245.97 0
1 -0 -0
10 0.5
TwoPointRotation
50.2249 99.7751 0
414.729 -74.5676 0
-0.707107 -0.707107 0
10 0.5
TwoPointRotation
73.9984 0 0
479.664 37.0084 0
-0 1 -0
-10 0.5
TwoPointRotation
65.0467 84.9533 0
399.12 -292.89 0
-0.707107 -0.707107 0
10 0.5
TwoPointRotation
114.581 35.4193 0
323.433 -70.3314 0
-0.707107 -0.707107 0
10 0.5
TwoPointRotation
62.2565 87.7435 0
-148.174 52.6457 0
-0.707107 -0.707107 0
-10 0.5
TwoPointRotation
75.3983 0 0
297.023 43.7294 0
-0 1 -0
-10 0.5
TwoPointRotation
0 57.7849 0
186.324 134.295 0
1 -0 -0
10 0.5
TwoPointRotation
58.1784 91.8216 0
214.255 -138.348 0
-0.707107 -0.707107 0
10 0.5
TwoPointRotation
85.5506 64.4494 0
326.393 -149.31 0
-0.707107 -0.707107 0
10 0.5
TwoPointRotation
45.8106 104.189 0
-91.1022 204.19 0
-0.707107 -0.707107 0
-10 0.5
