50
TwoPointRotation
69.4271 0 0
234.181 30.6048 0
-0 1 -0
-10 1
TwoPointRotation
39.1661 110.834 0
290.749 187.762 0
-0.707107 -0.707107 0
10 1
TwoPointRotation
50.0115 99.9885 0
45.5221 338.759 0
-0.707107 -0.707107 0
-10 1
TwoPointRotation
0 71.0382 0
-26.2924 -32.9696 0
1 -0 -0
-10 1
TwoPointRotation
62.7309 87.2691 0
-94.1714 -36.5584 0
-0.707107 -0.707107 0
-10 1
TwoPointRotation
0 35.0308 0
128.778 119.917 0
1 -0 -0
10 1
TwoPointRotation
0 116.233 0
132.94 40.6467 0
1 -0 -0
-10 1
TwoPointRotation
47.6875 102.312 0
-14.7256 15.312 0
-0.707107 -0.707107 0
10 1
TwoPointRotation
33.8334 116.167 0
-228.044 82.0285 0
-0.707107 -0.707107 0
-10 1
TwoPointRotation
30.2268 119.773 0
-229.257 176.919 0
-0.707107 -0.707107 0
-10 1
TwoPointRotation
0 113.805 0
202.429 170.518 0
1 -0 -0
10 1
TwoPointRotation
0 57.1792 0
28.7192 131.6 0
1 -0 -0
10 1
TwoPointRotation
36.21 113.79 0
267.321 120.381 0
-0.707107 -0.707107 0
10 1
TwoPointRotation
67.574 0 0
236.601 46.2605 0
-0 1 -0
-10 1
TwoPointRotation
59.4163 90.5837 0
180.376 -85.0881 0
-0.707107 -0.707107 0
10 1
TwoPointRotation
108.426 0 0
15.735 -91.1298 0
-0 1 -0
10 1
TwoPointRotation
55.0477 94.9523 0
-134.935 -21.9752 0
-0.707107 -0.707107 0
-10 1
TwoPointRotation
69.7657 0 0
162.109 54.6618 0
-0 1 -0
-10 1
TwoPointRotation
122.521 27.4792 0
52.3387 239.106 0
-0.707107 -0.707107 0
-10 1
TwoPointRotation
110.257 39.7426 0
95.6476 374.217 0
-0.707107 -0.707107 0
-10 1
