10
642.063 89.259 19.1448 0.343401 -0.00404821 -0.00343538 0.939174
634.609 102.865 22.3292 0.396965 -0.0223281 -0.00530325 0.917547
380
1441563926.252497523 -3.11488 -3.17089
1441563926.255462015 -3.11645 -3.17251
1441563926.265367621 -3.12043 -3.17042
1441563926.275239891 -3.11151 -3.1671
1441563926.285537184 -3.10886 -3.16166
1441563926.295387897 -3.10858 -3.16544
1441563926.305282835 -3.11044 -3.16906
1441563926.315156172 -3.1146 -3.16898
1441563926.325454056 -3.11112 -3.17407
1441563926.335327432 -3.11845 -3.17238
1441563926.345205810 -3.12556 -3.17189
1441563926.355494807 -3.11977 -3.18179
1441563926.365416242 -3.12336 -3.17112
1441563926.375297697 -3.08698 -3.09713
1441563926.385219330 -2.98658 -2.86815
1441563926.395504210 -2.79077 -2.45203
1441563926.405311098 -2.53167 -1.88513
1441563926.415219506 -1.86079 -0.605054
1441563926.425471933 -1.58827 0.065709
1441563926.435346224 -1.77005 -0.273356
1441563926.445215808 -1.85755 -0.538167
1441563926.455519566 -1.70462 -0.25301
1441563926.465397322 -1.89541 -0.727886
1441563926.475262890 -1.8799 -0.798547
1441563926.485137878 -1.68369 -0.391347
1441563926.495438989 -1.7539 -0.586902
1441563926.505288968 -1.84034 -0.57277
1441563926.515165381 -1.78434 -0.409888
1441563926.525465666 -1.85264 -0.442456
1441563926.535334910 -1.9284 -0.273628
1441563926.545210228 -1.84283 -0.134391
1441563926.555088190 -1.86405 -0.40344
1441563926.565392841 -1.93579 -0.725503
1441563926.575267450 -1.82106 -0.529199
1441563926.585127915 -1.84335 -0.789891
1441563926.595435922 -1.81486 -0.795931
1441563926.605305480 -1.68851 -0.432383
1441563926.615211049 -1.76485 -0.587654
1441563926.625493666 -1.81981 -0.614733
1441563926.635362977 -1.74045 -0.437124
1441563926.645226490 -1.87234 -0.678389
1441563926.655092800 -1.88194 -0.717982
1441563926.665401270 -1.84519 -0.713775
1441563926.675277726 -1.85003 -0.715362
1441563926.685154780 -1.78456 -0.60975
1441563926.695480100 -1.86469 -0.847616
1441563926.705343790 -1.81137 -0.77239
1441563926.715230133 -1.82486 -0.737651
1441563926.725508222 -1.80782 -0.693505
1441563926.735385373 -1.72462 -0.519909
1441563926.745328246 -1.82517 -0.693407
1441563926.755157646 -1.93043 -0.806809
1441563926.765439709 -1.96663 -0.736929
1441563926.775329296 -1.84819 -0.512849
1441563926.785250091 -1.79327 -0.535487
1441563926.795510376 -1.89944 -0.881559
1441563926.805385464 -1.73303 -0.552955
1441563926.815296336 -1.67012 -0.430367
1441563926.825129369 -1.73347 -0.529987
1441563926.835447903 -1.63896 -0.356619
1441563926.845350854 -1.69331 -0.432413
1441563926.855114082 -1.879 -0.824733
1441563926.865463852 -1.78412 -0.604636
1441563926.875301900 -1.64439 -0.334966
1441563926.885226618 -1.76046 -0.549667
1441563926.895097319 -1.69732 -0.164587
1441563926.905349026 -1.60906 0.195876
1441563926.915251481 -1.66695 -0.025222
1441563926.925116435 -1.61103 -0.098403
1441563926.935444941 -1.41015 0.271417
1441563926.945293203 -1.35497 0.40756
1441563926.955169356 -1.43289 0.183673
1441563926.965467869 -1.29409 0.404443
1441563926.975361018 -1.26115 0.286798
1441563926.985237784 -1.18858 0.528491
1441563926.995539978 -1.18737 0.606593
1441563927.005365855 -1.12222 1.06788
1441563927.015240354 -1.0954 1.11786
1441563927.025114513 -1.13708 0.761994
1441563927.035459650 -1.00279 1.01422
1441563927.045335506 -1.01557 0.907929
1441563927.055181148 -0.991894 0.830047
1441563927.065489287 -1.04079 0.73533
1441563927.075351482 -0.91865 0.980148
1441563927.085225921 -0.934094 1.09725
1441563927.095098427 -0.880497 1.27158
1441563927.105403200 -0.833242 1.20575
1441563927.115300323 -0.977812 0.919606
1441563927.125165880 -0.935809 0.92971
1441563927.135475801 -0.809476 1.11294
1441563927.145346290 -0.842097 1.0357
1441563927.155192736 -0.85368 1.01797
1441563927.165518664 -0.836926 1.14674
1441563927.175368955 -0.813918 1.27459
1441563927.185248782 -0.912409 1.32458
1441563927.195142644 -0.876494 1.54613
1441563927.205442027 -0.857293 1.48263
1441563927.215297952 -0.942296 1.3164
1441563927.225172956 -0.899228 1.30597
1441563927.235494618 -0.967381 1.10461
1441563927.245364339 -0.973051 1.05313
1441563927.255233067 -1.09188 0.762574
1441563927.265088501 -1.03735 0.948339
1441563927.275416623 -0.981349 1.17183
1441563927.285281472 -0.936452 1.37446
1441563927.295133690 -0.866113 1.47957
1441563927.305466938 -0.822832 1.41275
1441563927.315333333 -0.83134 1.33585
1441563927.325194565 -0.805631 1.52906
1441563927.335490231 -0.805621 1.32073
1441563927.345385640 -0.820126 1.23021
1441563927.355265827 -0.746369 1.42722
1441563927.365115797 -0.887505 1.32835
1441563927.375427454 -0.869751 1.33396
1441563927.385303954 -0.773341 1.36777
1441563927.395174777 -0.760535 1.323
1441563927.405457605 -0.74743 1.36512
1441563927.415353193 -0.742283 1.32552
1441563927.425223608 -0.719521 1.37023
1441563927.435526113 -0.775262 1.43783
1441563927.445400978 -0.806825 1.40705
1441563927.455265648 -0.838457 1.33681
1441563927.465146266 -0.774991 1.46637
1441563927.475452663 -0.771566 1.70622
1441563927.485322204 -0.983378 1.31774
1441563927.495195471 -1.00014 1.13824
1441563927.505500843 -0.951978 1.21311
1441563927.515370599 -1.06225 1.13898
1441563927.525238089 -0.894822 1.38702
1441563927.535091467 -0.897814 1.08726
1441563927.545393052 -0.961482 0.954699
1441563927.555279090 -0.81814 1.38072
1441563927.565163813 -0.920293 1.28952
1441563927.575462109 -0.910061 1.28089
1441563927.585343126 -0.83091 1.39982
1441563927.595212554 -0.862483 1.28637
1441563927.605529389 -0.905376 1.09108
1441563927.615387746 -0.887398 1.10231
1441563927.625242362 -0.943247 1.11318
1441563927.635130629 -1.01933 1.06996
1441563927.645431785 -1.0487 1.2954
1441563927.655289961 -0.998824 1.23178
1441563927.665177995 -0.994633 1.08758
1441563927.675460204 -0.949685 1.08553
1441563927.685338570 -0.985319 1.05705
1441563927.695225912 -0.999459 1.0157
1441563927.705530406 -0.949611 1.09516
1441563927.715622686 -0.993577 0.953425
1441563927.725276711 -0.83951 1.25299
1441563927.735153651 -0.870588 1.20199
1441563927.745724784 -0.854609 1.36503
1441563927.755324956 -0.824523 1.41221
1441563927.765194615 -0.891825 1.38247
1441563927.775493876 -0.899698 1.20531
1441563927.785372182 -0.916386 1.18942
1441563927.795245520 -0.897777 1.46741
1441563927.805128102 -1.00446 1.49096
1441563927.815418199 -1.04003 1.3487
1441563927.825291186 -1.06187 1.0959
1441563927.835164532 -1.14035 0.893309
1441563927.845461198 -1.04761 1.00453
1441563927.855346255 -1.01931 1.0949
1441563927.865212167 -0.997675 0.991028
1441563927.875514992 -0.988698 0.887462
1441563927.885373357 -0.879984 1.06068
1441563927.895261279 -0.867121 1.17422
1441563927.905113538 -0.907131 1.07901
1441563927.915433317 -0.938799 0.97339
1441563927.925308699 -0.95453 0.951281
1441563927.935179499 -0.928067 0.992264
1441563927.945460348 -0.877947 1.05204
1441563927.955352695 -1.02084 0.820507
1441563927.965230588 -1.05226 0.927589
1441563927.975530377 -1.06884 0.921435
1441563927.985402168 -1.06346 0.839262
1441563927.995246025 -1.00838 0.91626
1441563928.005138915 -1.05543 0.805953
1441563928.015452320 -1.08332 0.76569
1441563928.025325681 -0.968605 0.960299
1441563928.035196916 -0.990375 0.981672
1441563928.045478692 -1.05629 0.875474
1441563928.055361885 -0.993943 0.94843
1441563928.065220828 -0.951393 1.08676
1441563928.075582226 -1.00132 1.06689
1441563928.085426039 -1.00972 1.15148
1441563928.095297598 -0.950681 1.22755
1441563928.105146270 -0.920436 1.1041
1441563928.115510670 -0.838485 1.19194
1441563928.125389967 -0.899381 0.966903
1441563928.135272828 -0.916555 0.961595
1441563928.145519006 -0.857467 1.06212
1441563928.155399288 -0.931528 0.969875
1441563928.165270574 -1.01517 0.863645
1441563928.175164190 -1.01161 0.856895
1441563928.185446434 -1.02171 0.867601
1441563928.195318936 -1.00242 0.912812
1441563928.205183668 -0.943358 1.20975
1441563928.215497667 -1.09129 1.1205
1441563928.225370278 -1.14154 0.884331
1441563928.235236616 -1.11556 0.646471
1441563928.245094955 -1.06063 0.731347
1441563928.255395233 -1.01242 0.834971
1441563928.265266616 -1.06779 0.772756
1441563928.275162731 -1.05455 0.954095
1441563928.285467847 -1.07539 0.866638
1441563928.295338081 -1.17137 0.594158
1441563928.305219564 -1.16009 0.732987
1441563928.315513376 -1.19327 0.712703
1441563928.325386774 -1.19205 0.511331
1441563928.335253886 -1.24269 0.322182
1441563928.345118436 -1.09827 0.666757
1441563928.355438675 -1.16131 0.622384
1441563928.365311503 -1.21757 0.508063
1441563928.375180712 -1.13466 0.526443
1441563928.385484858 -1.07453 0.622866
1441563928.395343807 -1.0694 0.608414
1441563928.405234185 -1.06925 0.672212
1441563928.415515313 -1.07697 0.748344
1441563928.425410767 -1.05938 0.878719
1441563928.435260139 -0.853669 1.266
1441563928.445128017 -0.84373 1.42068
1441563928.455484828 -0.806745 1.41458
1441563928.465403465 -0.797881 1.32722
1441563928.475276870 -0.955041 1.06292
1441563928.485933584 -1.03 0.914244
1441563928.495370947 -1.1134 0.754552
1441563928.505246002 -1.07774 0.765491
1441563928.515115987 -1.13819 0.551569
1441563928.525417661 -1.12085 0.570904
1441563928.535295272 -1.05446 0.62232
1441563928.545162835 -1.13045 0.550719
1441563928.555453953 -1.05183 0.784209
1441563928.565339976 -1.1417 0.659944
1441563928.575203079 -1.20596 0.626147
1441563928.585516326 -1.20403 0.692642
1441563928.595394474 -1.33626 0.454528
1441563928.605264603 -1.32057 0.44515
1441563928.615113360 -1.22036 0.661518
1441563928.625416060 -1.18482 0.710761
1441563928.635309625 -1.09297 0.848764
1441563928.645173983 -0.991345 0.865884
1441563928.655457483 -0.962974 0.875292
1441563928.665347574 -0.972859 0.888435
1441563928.675230605 -1.00379 0.800884
1441563928.685534123 -0.946389 0.882299
1441563928.695372362 -0.991413 0.840446
1441563928.705237771 -1.07182 0.775747
1441563928.715151482 -1.0221 0.932294
1441563928.725408543 -1.11925 0.891023
1441563928.735328908 -1.20909 0.811192
1441563928.745169411 -1.34467 0.476444
1441563928.755456640 -1.29136 0.577051
1441563928.765374855 -1.25271 0.68971
1441563928.775243817 -1.26232 0.723371
1441563928.785123820 -1.20705 0.654139
1441563928.795387784 -1.16263 0.490663
1441563928.805264548 -1.11711 0.484965
1441563928.815132602 -1.07099 0.61228
1441563928.825442022 -1.18483 0.461932
1441563928.835306464 -1.2875 0.3138
1441563928.845182293 -1.20917 0.523956
1441563928.855514834 -1.15184 0.667399
1441563928.865384204 -1.19243 0.639448
1441563928.875228008 -1.13226 0.776383
1441563928.885110348 -1.03487 1.00672
1441563928.895451906 -1.19274 0.588571
1441563928.905351389 -1.19592 0.530475
1441563928.915230015 -1.08862 0.683761
1441563928.925500427 -1.20389 0.470895
1441563928.935353168 -1.20661 0.54485
1441563928.945223614 -1.21385 0.519792
1441563928.955522562 -1.35031 0.232942
1441563928.965396441 -1.30061 0.500323
1441563928.975267128 -1.28737 0.585588
1441563928.985153880 -1.35796 0.514293
1441563928.995423491 -1.34751 0.486277
1441563929.005295261 -1.35138 0.409155
1441563929.015185015 -1.37783 0.432176
1441563929.025497964 -1.33113 0.420811
1441563929.035361771 -1.30699 0.359025
1441563929.045232350 -1.25412 0.404382
1441563929.055535769 -1.26968 0.46234
1441563929.065403026 -1.16524 0.682767
1441563929.075277727 -1.13866 0.618431
1441563929.085154485 -0.971806 0.984036
1441563929.095437031 -1.1044 0.700928
1441563929.105354942 -1.15503 0.639339
1441563929.115275347 -1.04823 0.902853
1441563929.125499547 -1.14744 0.75462
1441563929.135417994 -1.21294 0.708584
1441563929.145237929 -1.17909 0.661964
1441563929.155560442 -1.16368 0.519711
1441563929.165409194 -1.12325 0.68228
1441563929.175278882 -1.15519 0.705312
1441563929.185137470 -1.037 0.982164
1441563929.195458642 -1.02005 0.93473
1441563929.205334703 -1.00781 0.822347
1441563929.215205609 -0.98271 0.852974
1441563929.225511948 -1.00183 0.851951
1441563929.235377551 -1.19038 0.565593
1441563929.245250269 -1.26057 0.509295
1441563929.255122579 -1.22508 0.540646
1441563929.265424721 -1.18338 0.790563
1441563929.275298662 -1.16895 0.886592
1441563929.285171517 -1.3359 0.559641
1441563929.295474780 -1.2345 0.691709
1441563929.305328745 -1.11698 0.900217
1441563929.315199862 -1.19663 0.813144
1441563929.325520879 -1.20256 0.83515
1441563929.335395599 -1.03347 1.10465
1441563929.345267399 -1.11142 0.667242
1441563929.355123384 -1.09074 0.647588
1441563929.365478898 -0.906467 0.907618
1441563929.375322949 -0.952977 0.940862
1441563929.385187565 -0.963543 0.997375
1441563929.395486816 -0.95946 1.0476
1441563929.405363775 -0.889687 1.16878
1441563929.415230991 -1.04629 0.747177
1441563929.425535071 -0.982529 0.829272
1441563929.435380525 -1.0142 0.772365
1441563929.445258451 -1.06818 0.740345
1441563929.455150972 -1.01964 0.790062
1441563929.465448574 -1.03876 0.686243
1441563929.475327748 -1.04177 0.707768
1441563929.485198051 -1.10099 0.732843
1441563929.495500125 -1.38926 0.277577
1441563929.505373612 -1.2597 0.547683
1441563929.515245062 -1.25057 0.656144
1441563929.525117966 -1.21096 0.713903
1441563929.535421119 -1.08241 0.907958
1441563929.545293873 -1.07898 0.854103
1441563929.555167076 -0.976881 0.99759
1441563929.565470374 -0.836952 1.2357
1441563929.575339780 -0.977232 0.925572
1441563929.585212864 -1.0296 0.982355
1441563929.595521950 -1.03059 0.988091
1441563929.605390308 -1.14736 0.708556
1441563929.615261259 -1.11714 0.666937
1441563929.625127435 -1.07922 0.694214
1441563929.635434959 -0.998331 0.872913
1441563929.645305761 -1.0028 0.872874
1441563929.655175491 -1.00419 0.951668
1441563929.665482856 -1.09974 0.791641
1441563929.675354962 -1.14666 0.706494
1441563929.685229781 -1.10326 0.7813
1441563929.695531502 -1.01764 0.961707
1441563929.705403889 -0.917549 1.0351
1441563929.715280745 -1.09402 0.692741
1441563929.725157256 -0.925176 1.02566
1441563929.735451026 -1.05934 0.780634
1441563929.745327298 -0.988132 0.986257
1441563929.755199681 -0.918138 1.0584
1441563929.765502630 -0.980113 0.991554
1441563929.775374650 -0.934717 1.10266
1441563929.785249078 -0.952583 0.977225
1441563929.795133192 -0.940462 0.843248
1441563929.805415772 -0.862281 1.03007
1441563929.815277629 -0.911136 0.988112
1441563929.825170356 -0.963606 0.939511
1441563929.835484099 -1.01956 0.973938
1441563929.845344177 -1.02894 1.0253
1441563929.855217900 -1.07785 1.08706
1441563929.865521645 -1.17282 0.874172
1441563929.875391039 -1.18539 0.982523
1441563929.885262545 -1.0215 1.29514
1441563929.895118435 -0.986586 1.11902
1441563929.905439445 -1.01572 0.996845
1441563929.915312149 -0.924457 0.993377
1441563929.925187979 -0.975641 0.831319
1441563929.935486670 -1.14536 0.599987
1441563929.945359549 -1.12245 0.665026
1441563929.955217014 -1.0797 0.723321
1441563929.965089031 -1.0259 0.792641
1441563929.975409194 -1.0533 0.773482
1441563929.985282650 -1.07549 0.849674
1441563929.995158769 -1.06069 0.867878
1441563930.005454352 -1.11821 0.753057
1441563930.015325885 -0.97308 0.996798
1441563930.025202444 -0.929648 1.01936
1441563930.035500693 -0.904363 0.946023
127
1441563926.252504120 593.7 31.9 31.6 0.343 0 0 0.939
1441563926.255767872 769.4 -29.3 31.6 0.343 0 0 0.939
1441563926.286086967 769.4 -29.3 31.6 0.343 0 0 0.939
1441563926.313446225 769.4 -29.3 31.6 0.343 0 0 0.939
1441563926.346006676 769.4 -29.3 31.6 0.343 0 0 0.939
1441563926.373353900 769.4 -29.3 31.6 0.344 0 0 0.939
1441563926.406004905 769.4 -29.4 31.6 0.344 0 0 0.939
1441563926.433151165 769.4 -29.5 31.6 0.345 0 0 0.939
1441563926.465645913 769.4 -29.4 31.6 0.345 0 0 0.939
1441563926.493010830 769.4 -29.4 31.6 0.346 0 0 0.938
1441563926.526514763 769.4 -29.4 31.6 0.347 0 0 0.938
1441563926.555928321 769.4 -29.4 31.6 0.347 0 0 0.938
1441563926.586234123 769.4 -29.3 31.6 0.348 0 0 0.938
1441563926.616460503 769.4 -29.3 31.6 0.348 0 0 0.937
1441563926.645690077 769.4 -29.3 31.6 0.349 0 0 0.937
1441563926.672792192 769.4 -29.3 31.6 0.35 0 0 0.937
1441563926.706280200 769.4 -29.3 31.6 0.35 0 0 0.937
1441563926.733523550 769.4 -29.3 31.6 0.351 0 0 0.936
1441563926.766023908 769.4 -29.3 31.6 0.351 0 0 0.936
1441563926.793458282 769.4 -29.3 31.6 0.352 0 0 0.936
1441563926.826025971 769.4 -29.3 31.6 0.353 0 0 0.936
1441563926.853444827 769.4 -29.3 31.6 0.353 0 0 0.936
1441563926.885934975 769.4 -29.3 31.6 0.354 0 0 0.935
1441563926.913111511 769.4 -29.3 31.6 0.354 0 0 0.935
1441563926.943326444 769.4 -29.3 31.6 0.355 0 0 0.935
1441563926.973560682 769.4 -29.3 31.6 0.356 0 0 0.935
1441563927.005850128 769.4 -29.3 31.6 0.356 0 0 0.934
1441563927.032933346 769.4 -29.3 31.6 0.357 0 0 0.934
1441563927.066344948 769.4 -29.3 31.6 0.358 0 0 0.934
1441563927.093497798 769.4 -29.3 31.6 0.358 0 0 0.934
1441563927.128949347 769.4 -29.3 31.6 0.359 0 0 0.933
1441563927.159147274 769.4 -29.3 31.6 0.359 0 0 0.933
1441563927.189339900 769.4 -29.3 31.6 0.36 0 0 0.933
1441563927.218546130 769.4 -29.3 31.6 0.361 0 0 0.933
1441563927.251953644 769.4 -29.3 31.6 0.361 0 0 0.932
1441563927.279075270 769.4 -29.3 31.6 0.362 0 0 0.932
1441563927.311567979 769.4 -29.3 31.6 0.363 0 0 0.932
1441563927.338612471 769.4 -29.3 31.6 0.363 0 0 0.932
1441563927.371940678 769.4 -29.3 31.6 0.364 0 0 0.931
1441563927.399231151 769.4 -29.3 31.6 0.364 0 0 0.931
1441563927.431563487 769.4 -29.3 31.6 0.365 0 0 0.931
1441563927.461808159 769.4 -29.3 31.6 0.366 0 0 0.931
1441563927.492116964 769.4 -29.3 31.6 0.366 0 0 0.931
1441563927.522495948 769.4 -29.3 31.6 0.367 0 0 0.93
1441563927.555027480 769.4 -29.3 31.6 0.367 0 0 0.93
1441563927.582259033 769.4 -29.3 31.6 0.368 0 0 0.93
1441563927.614715021 769.4 -29.3 31.6 0.369 0 0 0.93
1441563927.641956555 769.4 -29.3 31.6 0.369 0 0 0.929
1441563927.675363005 769.4 -29.3 31.6 0.37 0 0 0.929
1441563927.702513039 769.4 -29.3 31.6 0.371 0 0 0.929
1441563927.734933879 769.4 -29.3 31.6 0.371 0 0 0.929
1441563927.765220116 769.4 -29.3 31.6 0.372 0 0 0.928
1441563927.795439598 769.4 -29.3 31.6 0.372 0 0 0.928
1441563927.822595891 769.4 -29.3 31.6 0.373 0 0 0.928
1441563927.855068364 769.4 -29.3 31.6 0.374 0 0 0.928
1441563927.885422501 769.4 -29.3 31.6 0.374 0 0 0.927
1441563927.914829625 769.4 -29.3 31.6 0.375 0 0 0.927
1441563927.945125612 769.4 -29.3 31.6 0.375 0 0 0.927
1441563927.977707816 769.4 -29.3 31.6 0.376 0 0 0.927
1441563928.004959572 769.4 -29.3 31.6 0.377 0 0 0.926
1441563928.035374316 769.4 -29.3 31.6 0.377 0 0 0.926
1441563928.067876265 769.4 -29.3 31.6 0.378 0 0 0.926
1441563928.098226114 769.4 -29.3 31.6 0.378 0 0 0.926
1441563928.125506556 769.4 -29.3 31.6 0.379 0 0 0.925
1441563928.158273583 769.4 -29.3 31.6 0.38 0 0 0.925
1441563928.187745454 769.4 -29.3 31.6 0.38 0 0 0.925
1441563928.218250343 769.4 -29.3 31.6 0.381 0 0 0.925
1441563928.247557760 769.4 -29.3 31.6 0.382 0 0 0.924
1441563928.277832361 769.4 -29.3 31.6 0.382 0 0 0.924
1441563928.308072105 769.4 -29.3 31.6 0.383 0 0 0.924
1441563928.343746928 769.4 -29.3 31.6 0.383 0 0 0.924
1441563928.371142303 769.4 -29.3 31.6 0.384 0 0 0.923
1441563928.403691093 769.4 -29.3 31.6 0.385 0 0 0.923
1441563928.433973681 769.4 -29.3 31.6 0.385 0 0 0.923
1441563928.463803062 769.4 -29.3 31.6 0.386 0 0 0.923
1441563928.494366223 769.4 -29.3 31.6 0.387 0 0 0.922
1441563928.523674596 769.4 -29.3 31.6 0.387 0 0 0.922
1441563928.554120771 769.4 -29.3 31.6 0.388 0 0 0.922
1441563928.586679054 769.4 -29.3 31.6 0.388 0 0 0.922
1441563928.613771885 769.4 -29.3 31.6 0.389 0 0 0.921
1441563928.644083414 769.4 -29.3 31.6 0.39 0 0 0.921
1441563928.674370378 769.4 -29.3 31.6 0.39 0 0 0.921
1441563928.706751301 769.4 -29.3 31.6 0.391 0 0 0.921
1441563928.736982594 769.4 -29.3 31.6 0.391 0 0 0.92
1441563928.767262915 769.4 -29.3 31.6 0.392 0 0 0.92
1441563928.794439070 769.4 -29.3 31.6 0.393 0 0 0.92
1441563928.826789472 769.4 -29.3 31.6 0.393 0 0 0.919
1441563928.857102476 769.4 -29.3 31.6 0.394 0 0 0.919
1441563928.887522381 769.4 -29.3 31.6 0.394 0 0 0.919
1441563928.917076184 769.4 -29.3 31.6 0.395 0 0 0.919
1441563928.947365485 769.4 -29.3 31.6 0.396 0 0 0.918
1441563928.976575973 769.4 -29.3 31.6 0.396 0 0 0.918
1441563929.010046016 769.4 -29.3 31.6 0.397 0 0 0.918
1441563929.037306221 769.4 -29.3 31.6 0.397 0 0 0.918
1441563929.069794161 769.4 -29.3 31.6 0.398 0 0 0.917
1441563929.100110502 769.4 -29.3 31.6 0.399 0 0 0.917
1441563929.133580666 769.4 -29.3 31.6 0.399 0 0 0.917
1441563929.160057273 769.4 -29.3 31.6 0.4 0 0 0.917
1441563929.190616403 769.4 -29.3 31.6 0.4 0 0 0.916
1441563929.220015719 769.4 -29.3 31.6 0.401 0 0 0.916
1441563929.250472231 769.4 -29.3 31.6 0.402 0 0 0.916
1441563929.279677390 769.4 -29.3 31.6 0.402 0 0 0.916
1441563929.313088362 769.4 -29.3 31.6 0.403 0 0 0.915
1441563929.340433456 769.4 -29.3 31.6 0.403 0 0 0.915
1441563929.373009600 769.4 -29.3 31.6 0.404 0 0 0.915
1441563929.400340490 769.4 -29.3 31.6 0.405 0 0 0.914
1441563929.432953815 769.4 -29.3 31.6 0.405 0 0 0.914
1441563929.463371925 769.4 -29.3 31.6 0.406 0 0 0.914
1441563929.496086753 769.4 -29.3 31.6 0.406 0 0 0.914
1441563929.523440999 769.4 -29.3 31.6 0.407 0 0 0.913
1441563929.556092482 769.4 -29.3 31.6 0.408 0 0 0.913
1441563929.586408185 769.4 -29.3 31.6 0.408 0 0 0.913
1441563929.615777374 769.4 -29.3 31.6 0.409 0 0 0.913
1441563929.643123759 769.4 -29.3 31.6 0.41 0 0 0.912
1441563929.675862952 769.4 -29.3 31.6 0.41 0 0 0.912
1441563929.703144426 769.4 -29.3 31.6 0.411 0 0 0.912
1441563929.735742465 769.4 -29.3 31.6 0.411 0 0 0.912
1441563929.763131734 769.4 -29.3 31.6 0.412 0 0 0.911
1441563929.795690892 769.4 -29.3 31.6 0.412 0 0 0.911
1441563929.826162225 769.4 -29.3 31.6 0.413 0 0 0.911
1441563929.856552267 769.4 -29.3 31.6 0.414 0 0 0.91
1441563929.885858053 769.4 -29.3 31.6 0.414 0 0 0.91
1441563929.919410552 769.4 -29.3 31.6 0.415 0 0 0.91
1441563929.945824868 769.4 -29.3 31.6 0.416 0 0 0.91
1441563929.979337773 769.4 -29.3 31.6 0.416 0 0 0.909
1441563930.005647203 769.4 -29.3 31.6 0.417 0 0 0.909
1441563930.039345534 769.4 -29.3 31.6 0.417 0 0 0.909
