20
TwoPointRotation
0 75 0
1.4299 -115.104 0
1 0 0
-20 0
TwoPointRotation
0 75 0
119.152 35.7127 0
1 0 0
-20 0
TwoPointRotation
75 75 0
33.301 232.12 0
-0.707107 -0.707107 0
-20 0
TwoPointRotation
75 0 0
-88.0172 40.4208 0
0 1 0
20 0
TwoPointRotation
75 0 0
-60.4308 -150.996 0
0 1 0
20 0
TwoPointRotation
75 75 0
73.4938 -8.57134 0
-0.707107 -0.707107 0
20 0
TwoPointRotation
0 75 0
163.689 73.3265 0
1 0 0
-20 0
TwoPointRotation
75 75 0
18.0872 134.714 0
-0.707107 -0.707107 0
-20 0
TwoPointRotation
75 75 0
-15.8926 -103.985 0
-0.707107 -0.707107 0
20 0
TwoPointRotation
0 75 0
115.676 -34.0244 0
1 0 0
-20 0
TwoPointRotation
75 75 0
88.3151 122.48 0
-0.707107 -0.707107 0
-20 0
TwoPointRotation
75 0 0
59.867 143.46 0
0 1 0
20 0
TwoPointRotation
75 75 0
-45.5919 184.393 0
-0.707107 -0.707107 0
-20 0
TwoPointRotation
75 0 0
260.068 -176.471 0
0 1 0
-20 0
TwoPointRotation
75 75 0
80.794 -132.659 0
-0.707107 -0.707107 0
20 0
TwoPointRotation
75 75 0
94.9318 -43.4367 0
-0.707107 -0.707107 0
20 0
TwoPointRotation
75 75 0
-18.0845 160.652 0
-0.707107 -0.707107 0
-20 0
TwoPointRotation
0 75 0
-158.017 83.0699 0
1 0 0
20 0
TwoPointRotation
75 75 0
65.9388 340.375 0
-0.707107 -0.707107 0
-20 0
TwoPointRotation
0 75 0
132.834 -41.0031 0
1 0 0
-20 0
