10
535.162 164.474 12.4627 -0.663737 0.000773763 -0.00575786 0.747943
524.859 144.921 14.6602 -0.655523 -0.00162375 -0.0179904 0.754959
380
1441408180.811596557 -3.12251 -3.13953
1441408180.817111569 -3.1234 -3.129
1441408180.827423627 -3.12331 -3.13013
1441408180.837325358 -3.1224 -3.14186
1441408180.847150455 -3.12334 -3.13469
1441408180.857421534 -3.12169 -3.14105
1441408180.867324456 -3.12264 -3.14175
1441408180.877199172 -3.12326 -3.13249
1441408180.887556487 -3.12142 -3.13112
1441408180.897371294 -3.12315 -3.12695
1441408180.907318101 -3.12276 -3.15278
1441408180.917118476 -3.11497 -3.13133
1441408180.927427153 -3.12586 -3.1265
1441408180.937311601 -3.12381 -3.11864
1441408180.947211436 -3.12625 -3.13737
1441408180.957463811 -3.11514 -3.13897
1441408180.967312699 -3.1227 -3.1406
1441408180.977218868 -3.11791 -3.1342
1441408180.987487476 -3.12239 -3.12509
1441408180.997434086 -3.12351 -3.1325
1441408181.007223890 -3.1243 -3.13061
1441408181.017173880 -2.9338 -2.79243
1441408181.027405938 -2.16567 -1.32078
1441408181.037287001 -1.31081 0.348273
1441408181.047141196 -0.617237 1.64751
1441408181.057487753 -1.13288 0.760705
1441408181.067320459 -1.64732 -0.161692
1441408181.077231639 -1.62266 -0.041898
1441408181.087493691 -1.51487 0.331493
1441408181.097399230 -1.60081 0.590593
1441408181.107199889 -1.67475 0.341947
1441408181.117136790 -1.52929 0.580415
1441408181.127379276 -1.44647 0.548952
1441408181.137249911 -1.39543 0.586057
1441408181.147136144 -1.3554 0.435086
1441408181.157487773 -1.2884 0.309634
1441408181.167291222 -1.22402 0.490415
1441408181.177244469 -1.20434 0.570856
1441408181.187460655 -1.2638 0.443509
1441408181.197393909 -1.19897 0.703994
1441408181.207157798 -1.30027 0.561072
1441408181.217443393 -1.27036 0.676307
1441408181.227394097 -1.29291 0.596356
1441408181.237236164 -1.21 0.667459
1441408181.247071079 -1.23193 0.572518
1441408181.257473635 -1.22531 0.599468
1441408181.267337657 -1.17039 0.633125
1441408181.277180009 -1.22116 0.472502
1441408181.287449281 -1.1437 0.560893
1441408181.297397344 -1.15592 0.571893
1441408181.307165311 -1.16195 0.596009
1441408181.317546108 -1.15938 0.618282
1441408181.327354352 -1.21046 0.466043
1441408181.337217007 -1.1666 0.579649
1441408181.347094300 -1.27705 0.530205
1441408181.357417021 -1.27373 0.713245
1441408181.367362258 -1.35083 0.662875
1441408181.377132015 -1.28081 0.635033
1441408181.387471829 -1.13427 0.700963
1441408181.397321745 -1.22798 0.437614
1441408181.407198644 -1.09227 0.677327
1441408181.417549996 -1.17292 0.537321
1441408181.427314460 -1.14541 0.582263
1441408181.437197184 -1.14211 0.619595
1441408181.447044230 -1.12435 0.679611
1441408181.457378291 -1.10256 0.660497
1441408181.467325124 -1.10329 0.667774
1441408181.477187463 -1.13476 0.62147
1441408181.487396936 -1.09583 0.663476
1441408181.497376969 -1.18365 0.586066
1441408181.507175610 -1.2569 0.73497
1441408181.517455876 -1.26843 0.790805
1441408181.527362654 -1.24126 0.78562
1441408181.537190392 -1.28164 0.675582
1441408181.547511882 -1.2849 0.747867
1441408181.557403511 -1.29264 0.703546
1441408181.567254331 -1.23197 0.698137
1441408181.577182199 -1.17686 0.687714
1441408181.587403691 -1.14221 0.584291
1441408181.597350563 -1.09634 0.707597
1441408181.607173371 -1.20166 0.59418
1441408181.617460493 -1.16609 0.637723
1441408181.627336148 -1.14925 0.728625
1441408181.637199241 -1.15702 0.773401
1441408181.647553726 -1.10724 0.804849
1441408181.657343453 -1.08556 0.785475
1441408181.667199776 -1.04824 0.85576
1441408181.677078326 -1.101 0.688169
1441408181.687403408 -1.06925 0.662752
1441408181.697276516 -1.01423 0.701981
1441408181.707098410 -1.07248 0.659278
1441408181.717484699 -1.13106 0.687708
1441408181.727316629 -1.0328 0.807569
1441408181.737154324 -1.00812 0.708237
1441408181.747462624 -1.08875 0.622346
1441408181.757335198 -1.02409 0.758234
1441408181.767179325 -1.03392 0.644798
1441408181.777177327 -0.975792 0.73821
1441408181.787398718 -0.98247 0.726417
1441408181.797261750 -1.0341 0.654067
1441408181.807192145 -1.02046 0.904125
1441408181.817463493 -1.14773 0.928073
1441408181.827357463 -1.12455 1.07394
1441408181.837144030 -1.15713 0.894883
1441408181.847455853 -1.14761 0.93793
1441408181.857328258 -1.15539 0.952957
1441408181.867166262 -1.14768 0.897462
1441408181.877103809 -1.04504 0.96661
1441408181.887382842 -1.04784 0.765814
1441408181.897287777 -1.00963 0.793639
1441408181.907166340 -0.981529 0.933469
1441408181.917431128 -1.09482 0.744613
1441408181.927351602 -1.01558 0.876598
1441408181.937155252 -1.04656 0.86256
1441408181.947451038 -1.04478 0.977476
1441408181.957388755 -1.12097 0.892455
1441408181.967172698 -1.09941 0.876678
1441408181.977490497 -1.05887 0.782265
1441408181.987344091 -1.00222 0.742232
1441408181.997229969 -0.955089 0.915294
1441408182.007140277 -1.07202 0.865994
1441408182.017440107 -0.998929 1.05736
1441408182.027281442 -1.02601 0.828075
1441408182.037152333 -1.02539 0.663597
1441408182.047468931 -0.985979 0.765681
1441408182.057389373 -1.01015 0.688382
1441408182.067178180 -0.937154 0.772079
1441408182.077479311 -0.926591 0.849092
1441408182.087368336 -1.00809 0.708655
1441408182.097224251 -0.947 0.750613
1441408182.107179276 -0.896762 0.780284
1441408182.117390773 -0.93116 0.763186
1441408182.127331006 -1.06732 0.747133
1441408182.137146318 -1.03034 0.995706
1441408182.147435265 -1.07744 0.852681
1441408182.157351425 -1.04985 0.897709
1441408182.167153084 -1.14348 0.927067
1441408182.177457884 -1.17625 0.955985
1441408182.187324139 -1.0798 0.826378
1441408182.197204558 -0.939824 0.721567
1441408182.207139408 -0.927442 0.731004
1441408182.217383789 -0.933016 0.830373
1441408182.227283410 -0.981986 0.760755
1441408182.237103982 -1.02184 0.673125
1441408182.247443861 -0.912489 0.854132
1441408182.257317718 -0.957302 0.804337
1441408182.267156413 -0.99755 0.701694
1441408182.277446705 -0.965814 0.806464
1441408182.287314113 -1.0133 0.739047
1441408182.297159645 -0.936802 0.957384
1441408182.307067098 -1.05073 0.831038
1441408182.317374145 -1.04403 0.808184
1441408182.327223757 -1.02253 0.811941
1441408182.337104807 -1.00885 0.83265
1441408182.347393181 -1.02371 0.8692
1441408182.357312499 -1.11204 0.704517
1441408182.367154506 -1.02225 0.79046
1441408182.377473662 -0.972587 0.70616
1441408182.387296080 -0.939998 0.713617
1441408182.397205830 -0.99199 0.671043
1441408182.407137047 -0.902476 0.922603
1441408182.417407497 -1.03062 0.753909
1441408182.427214828 -1.01689 0.837834
1441408182.437074030 -0.99325 0.868716
1441408182.447368980 -0.980198 0.769966
1441408182.457337640 -0.945548 0.873495
1441408182.467140981 -1.02411 0.818885
1441408182.477418620 -1.07055 0.945481
1441408182.487292994 -1.05727 0.970888
1441408182.497179822 -1.04364 0.961538
1441408182.507545810 -1.1518 0.792005
1441408182.517360405 -1.09285 1.03531
1441408182.527205856 -1.14477 0.852733
1441408182.537067293 -0.994491 0.835999
1441408182.547381881 -0.843397 0.667605
1441408182.557300569 -0.821785 0.752089
1441408182.567103383 -0.918251 0.741663
1441408182.577400914 -0.960104 0.757456
1441408182.587309641 -0.895225 0.865689
1441408182.597188673 -0.932191 0.722209
1441408182.607459396 -0.8541 0.746418
1441408182.617320938 -0.942938 0.57882
1441408182.627166562 -0.896739 0.7059
1441408182.637069012 -0.972768 0.663365
1441408182.647331839 -0.923248 0.827356
1441408182.657293358 -0.924778 0.77606
1441408182.667177236 -0.932501 0.682592
1441408182.677411816 -0.923373 0.811317
1441408182.687277313 -0.960098 0.819388
1441408182.697169489 -0.971582 0.772471
1441408182.707445613 -0.976996 0.765342
1441408182.717292707 -0.980663 0.810539
1441408182.727177566 -0.988237 0.808413
1441408182.737481355 -0.903454 0.904562
1441408182.747435884 -1.02328 0.641687
1441408182.757242632 -0.972158 0.814606
1441408182.767170541 -1.03976 0.79198
1441408182.777378036 -1.0111 0.830824
1441408182.787243844 -0.938212 0.826007
1441408182.797155653 -0.949659 0.683057
1441408182.807426653 -0.862686 0.665824
1441408182.817320859 -0.912271 0.537975
1441408182.827184009 -0.800774 0.851227
1441408182.837500203 -1.00791 0.566957
1441408182.847339111 -0.964576 0.783229
1441408182.857249123 -0.990408 0.767164
1441408182.867077110 -0.989043 0.685041
1441408182.877378827 -0.870553 0.769189
1441408182.887240349 -0.931291 0.671014
1441408182.897143777 -0.976116 0.748455
1441408182.907383358 -1.04615 0.830065
1441408182.917309225 -0.981173 1.02633
1441408182.927143791 -1.10459 0.599578
1441408182.937445270 -0.94845 0.762678
1441408182.947308165 -0.945735 0.828027
1441408182.957211118 -1.02386 0.734843
1441408182.967047384 -0.967991 0.715773
1441408182.977371994 -0.949323 0.716457
1441408182.987226237 -0.916455 0.827977
1441408182.997112611 -0.986711 0.73293
1441408183.007415335 -1.01774 0.767709
1441408183.017296462 -1.09969 0.780139
1441408183.027194383 -1.06176 0.782739
1441408183.037468906 -0.998063 0.570727
1441408183.047341697 -0.887489 0.64021
1441408183.057241936 -0.973683 0.601941
1441408183.067073642 -0.983175 0.7151
1441408183.077396737 -0.967442 0.668253
1441408183.087195056 -0.952691 0.658603
1441408183.097093250 -0.936039 0.658983
1441408183.107429316 -0.88221 0.806323
1441408183.117271245 -0.954679 0.705458
1441408183.127140951 -0.962564 0.679857
1441408183.137449619 -1.0008 0.592845
1441408183.147334924 -0.912752 0.75892
1441408183.157219637 -0.903897 0.86376
1441408183.167562379 -0.970168 0.743386
1441408183.177320775 -0.992172 0.681569
1441408183.187183882 -0.946247 0.753951
1441408183.197082539 -0.974089 0.723279
1441408183.207383399 -0.989676 0.745488
1441408183.217268745 -1.01429 0.727044
1441408183.227119704 -1.04261 0.606567
1441408183.237414921 -0.902085 0.789188
1441408183.247287961 -0.979578 0.524366
1441408183.257250184 -0.809456 0.737629
1441408183.267460548 -0.824252 0.761311
1441408183.277349029 -0.909626 0.659293
1441408183.287183213 -0.914246 0.707227
1441408183.297514471 -0.949571 0.788313
1441408183.307401186 -1.03534 0.637794
1441408183.317296853 -0.965734 0.753899
1441408183.327180581 -1.04025 0.648031
1441408183.337427155 -1.02111 0.669814
1441408183.347314516 -0.980337 0.712775
1441408183.357163504 -0.971647 0.647877
1441408183.367490056 -1.01624 0.517702
1441408183.377285726 -0.895722 0.629296
1441408183.387205183 -0.951921 0.495114
1441408183.397075015 -0.868983 0.623779
1441408183.407380811 -0.926186 0.557666
1441408183.417296381 -0.910711 0.609987
1441408183.427071967 -0.992442 0.458251
1441408183.437425618 -0.865311 0.679414
1441408183.447264771 -0.871332 0.719648
1441408183.457169416 -0.979222 0.595398
1441408183.467475441 -1.01663 0.627735
1441408183.477301130 -1.10142 0.52536
1441408183.487160245 -1.00207 0.711422
1441408183.497516647 -1.08847 0.578968
1441408183.507338774 -1.09818 0.71398
1441408183.517236242 -1.05316 0.701047
1441408183.527134011 -1.00593 0.490808
1441408183.537377246 -0.95596 0.342797
1441408183.547225946 -0.820949 0.537084
1441408183.557179210 -0.792377 0.586172
1441408183.567461070 -0.819344 0.625481
1441408183.577341420 -0.979653 0.45408
1441408183.587118556 -0.890512 0.643965
1441408183.597514543 -1.07339 0.325165
1441408183.607288694 -0.915026 0.577606
1441408183.617212798 -0.977788 0.508787
1441408183.627486408 -1.06167 0.398511
1441408183.637352249 -1.03632 0.409605
1441408183.647212111 -0.970617 0.446776
1441408183.657116759 -0.929629 0.471908
1441408183.667425251 -0.985514 0.428852
1441408183.677303084 -0.908152 0.585817
1441408183.687152923 -1.00666 0.427564
1441408183.697451814 -0.914196 0.513347
1441408183.707334007 -0.916614 0.565109
1441408183.717249559 -0.995212 0.529119
1441408183.727510712 -1.01678 0.552823
1441408183.737371831 -0.958158 0.638055
1441408183.747248975 -0.963485 0.510906
1441408183.757165127 -0.933121 0.491689
1441408183.767419979 -0.913988 0.551027
1441408183.777288841 -0.955388 0.520347
1441408183.787132470 -1.02371 0.388221
1441408183.797486240 -0.898605 0.572739
1441408183.807358472 -0.92626 0.498092
1441408183.817229928 -0.965621 0.433956
1441408183.827536393 -0.860865 0.548697
1441408183.837356763 -0.938301 0.367299
1441408183.847217418 -0.881229 0.454924
1441408183.857143031 -0.886053 0.456427
1441408183.867368363 -0.965318 0.412527
1441408183.877317457 -0.963812 0.471367
1441408183.887160596 -0.959629 0.520642
1441408183.897426591 -1.00021 0.49973
1441408183.907295335 -0.955176 0.600382
1441408183.917213096 -0.938913 0.539228
1441408183.927433637 -0.896473 0.485093
1441408183.937341315 -0.916346 0.428101
1441408183.947239069 -0.91454 0.466817
1441408183.957506832 -0.859621 0.56643
1441408183.967372826 -0.812069 0.640248
1441408183.977279560 -0.77258 0.649348
1441408183.987120755 -0.896963 0.353017
1441408183.997396143 -0.795371 0.458829
1441408184.007291836 -0.742489 0.480006
1441408184.017169890 -0.734408 0.529242
1441408184.027417770 -0.677155 0.671844
1441408184.037351856 -0.812718 0.482781
1441408184.047173850 -0.739055 0.680577
1441408184.057498063 -0.805331 0.5933
1441408184.067366499 -0.764856 0.675521
1441408184.077233561 -0.861143 0.623137
1441408184.087081445 -0.860012 0.702967
1441408184.097458617 -0.818037 0.846584
1441408184.107272106 -0.866736 0.738256
1441408184.117142988 -0.787559 0.75203
1441408184.127501116 -0.760795 0.587326
1441408184.137289767 -0.754263 0.488863
1441408184.147193924 -0.662883 0.572648
1441408184.157475284 -0.667505 0.561395
1441408184.167310004 -0.741333 0.497528
1441408184.177177693 -0.661082 0.718649
1441408184.187068453 -0.7951 0.524292
1441408184.197397422 -0.750673 0.547039
1441408184.207235920 -0.687534 0.613051
1441408184.217124175 -0.67714 0.617089
1441408184.227398230 -0.757866 0.463643
1441408184.237264735 -0.627138 0.633593
1441408184.247122566 -0.667401 0.520931
1441408184.257442238 -0.659849 0.52999
1441408184.267280548 -0.714278 0.44452
1441408184.277160191 -0.649569 0.568364
1441408184.287456585 -0.722794 0.523202
1441408184.297383274 -0.669375 0.697074
1441408184.307246171 -0.709174 0.605158
1441408184.317151316 -0.7567 0.531293
1441408184.327393648 -0.726188 0.608594
1441408184.337262371 -0.770474 0.586738
1441408184.347169412 -0.755486 0.633224
1441408184.357442633 -0.701442 0.568479
1441408184.367312977 -0.786178 0.404909
1441408184.377217765 -0.686186 0.526019
1441408184.387486264 -0.655698 0.600863
1441408184.397325078 -0.673756 0.673543
1441408184.407321651 -0.735642 0.581469
1441408184.417086367 -0.774634 0.52252
1441408184.427385728 -0.722715 0.543336
1441408184.437259579 -0.698687 0.52624
1441408184.447102951 -0.742634 0.419628
1441408184.457444920 -0.675627 0.477523
1441408184.467299751 -0.627739 0.566355
1441408184.477168475 -0.623067 0.572772
1441408184.487451061 -0.546098 0.788268
1441408184.497308605 -0.745909 0.553194
1441408184.507212023 -0.720284 0.581767
1441408184.517087057 -0.613238 0.701878
1441408184.527416767 -0.619222 0.60907
1441408184.537248449 -0.499385 0.69036
1441408184.547129878 -0.674382 0.449378
1441408184.557407947 -0.553519 0.703449
1441408184.567273898 -0.569361 0.688449
1441408184.577148854 -0.606139 0.670126
1441408184.587470180 -0.52189 0.793013
1441408184.597317125 -0.587564 0.677597
127
1441408180.811597667 609.6 155.6 25 0.664 0 0 -0.748
1441408180.821350045 558.1 350.2 25 0.664 0 0 -0.748
1441408180.857292261 558.1 350.2 25 0.664 0 0 -0.748
1441408180.887154505 558.1 350.2 25 0.664 0 0 -0.748
1441408180.916928218 558.1 350.2 25 0.664 0 0 -0.748
1441408180.950626767 558.1 350.2 25 0.664 0 0 -0.748
1441408180.977222863 558.1 350.2 25 0.663 0 0 -0.748
1441408181.010073976 558.1 350.2 25 0.663 0 0 -0.749
1441408181.037541347 558.1 350.2 25 0.662 0 0 -0.749
1441408181.070439346 558.1 350.2 25 0.662 0 0 -0.75
1441408181.096837746 558.1 350.2 25 0.661 0 0 -0.75
1441408181.127576525 558.1 350.2 25 0.661 0 0 -0.751
1441408181.157179361 558.1 350.2 25 0.66 0 0 -0.751
1441408181.189901203 558.1 350.2 25 0.66 0 0 -0.751
1441408181.217437836 558.1 350.2 25 0.659 0 0 -0.752
1441408181.247049529 558.1 350.2 25 0.659 0 0 -0.752
1441408181.276896334 558.1 350.2 25 0.658 0 0 -0.753
1441408181.307554262 558.1 350.2 25 0.658 0 0 -0.753
1441408181.337161540 558.1 350.2 25 0.657 0 0 -0.754
1441408181.366844351 558.1 350.2 25 0.657 0 0 -0.754
1441408181.397423081 558.1 350.2 25 0.656 0 0 -0.755
1441408181.427037713 558.1 350.2 25 0.656 0 0 -0.755
1441408181.457488415 558.1 350.2 25 0.655 0 0 -0.755
1441408181.487222559 558.1 350.2 25 0.655 0 0 -0.756
1441408181.516901749 558.1 350.2 25 0.654 0 0 -0.756
1441408181.547694916 558.1 350.2 25 0.654 0 0 -0.757
1441408181.579694000 558.1 350.2 25 0.653 0 0 -0.757
1441408181.610415905 558.1 350.2 25 0.653 0 0 -0.758
1441408181.640194636 558.1 350.2 25 0.652 0 0 -0.758
1441408181.669996524 558.1 350.2 25 0.652 0 0 -0.758
1441408181.700825081 558.1 350.2 25 0.651 0 0 -0.759
1441408181.733756061 558.1 350.2 25 0.651 0 0 -0.759
1441408181.760313456 558.1 350.2 25 0.65 0 0 -0.76
1441408181.793149646 558.1 350.2 25 0.65 0 0 -0.76
1441408181.819736405 558.1 350.2 25 0.649 0 0 -0.761
1441408181.853606119 558.1 350.2 25 0.649 0 0 -0.761
1441408181.880222060 558.1 350.2 25 0.648 0 0 -0.761
1441408181.913053716 558.1 350.2 25 0.648 0 0 -0.762
1441408181.940723325 558.1 350.2 25 0.647 0 0 -0.762
1441408181.972706152 558.1 350.2 25 0.647 0 0 -0.763
1441408182.000160672 558.1 350.2 25 0.646 0 0 -0.763
1441408182.033124089 558.1 350.2 25 0.646 0 0 -0.764
1441408182.060614077 558.1 350.2 25 0.645 0 0 -0.764
1441408182.093429675 558.1 350.2 25 0.645 0 0 -0.764
1441408182.123064038 558.1 350.2 25 0.644 0 0 -0.765
1441408182.153658859 558.1 350.2 25 0.644 0 0 -0.765
1441408182.183362722 558.1 350.2 25 0.643 0 0 -0.766
1441408182.216104293 558.1 350.2 25 0.643 0 0 -0.766
1441408182.242807409 558.1 350.2 25 0.642 0 0 -0.767
1441408182.275837309 558.1 350.2 25 0.642 0 0 -0.767
1441408182.303414807 558.1 350.2 25 0.641 0 0 -0.767
1441408182.336512874 558.1 350.2 25 0.641 0 0 -0.768
1441408182.366343615 558.1 350.2 25 0.64 0 0 -0.768
1441408182.395888204 558.1 350.2 25 0.64 0 0 -0.769
1441408182.426413809 558.1 350.2 25 0.639 0 0 -0.769
1441408182.456000778 558.1 350.2 25 0.639 0 0 -0.769
1441408182.486597974 558.1 350.2 25 0.638 0 0 -0.77
1441408182.516065224 558.1 350.2 25 0.638 0 0 -0.77
1441408182.545934085 558.1 350.2 25 0.637 0 0 -0.771
1441408182.576533835 558.1 350.2 25 0.637 0 0 -0.771
1441408182.605896607 558.1 350.2 25 0.636 0 0 -0.772
1441408182.638789056 558.1 350.2 25 0.636 0 0 -0.772
1441408182.666241080 558.1 350.2 25 0.635 0 0 -0.772
1441408182.699141954 558.1 350.2 25 0.635 0 0 -0.773
1441408182.726675599 558.1 350.2 25 0.634 0 0 -0.773
1441408182.759495720 558.1 350.2 25 0.634 0 0 -0.774
1441408182.788972725 558.1 350.2 25 0.633 0 0 -0.774
1441408182.819554423 558.1 350.2 25 0.633 0 0 -0.774
1441408182.849059226 558.1 350.2 25 0.632 0 0 -0.775
1441408182.879409233 558.1 350.2 25 0.632 0 0 -0.775
1441408182.906085856 558.1 350.2 25 0.631 0 0 -0.776
1441408182.938785849 558.1 350.2 25 0.631 0 0 -0.776
1441408182.966363794 558.1 350.2 25 0.63 0 0 -0.777
1441408182.999307020 558.1 350.2 25 0.63 0 0 -0.777
1441408183.028850521 558.1 350.2 25 0.629 0 0 -0.777
1441408183.062395837 558.1 350.2 25 0.628 0 0 -0.778
1441408183.089429943 558.1 350.2 25 0.628 0 0 -0.778
1441408183.122068421 558.1 350.2 25 0.627 0 0 -0.779
1441408183.151909715 558.1 350.2 25 0.627 0 0 -0.779
1441408183.182625697 558.1 350.2 25 0.626 0 0 -0.779
1441408183.211864236 558.1 350.2 25 0.626 0 0 -0.78
1441408183.242491515 558.1 350.2 25 0.625 0 0 -0.78
1441408183.272255855 558.1 350.2 25 0.625 0 0 -0.781
1441408183.302507004 558.1 350.2 25 0.624 0 0 -0.781
1441408183.332023813 558.1 350.2 25 0.624 0 0 -0.782
1441408183.362522688 558.1 350.2 25 0.623 0 0 -0.782
1441408183.392171133 558.1 350.2 25 0.623 0 0 -0.782
1441408183.425165921 558.1 350.2 25 0.622 0 0 -0.783
1441408183.454843648 558.1 350.2 25 0.622 0 0 -0.783
1441408183.485570922 558.1 350.2 25 0.621 0 0 -0.784
1441408183.512044090 558.1 350.2 25 0.621 0 0 -0.784
1441408183.545097282 558.1 350.2 25 0.62 0 0 -0.784
1441408183.575740999 558.1 350.2 25 0.62 0 0 -0.785
1441408183.605421189 558.1 350.2 25 0.619 0 0 -0.785
1441408183.631759573 558.1 350.2 25 0.619 0 0 -0.786
1441408183.665643400 558.1 350.2 25 0.618 0 0 -0.786
1441408183.692376311 558.1 350.2 25 0.618 0 0 -0.786
1441408183.725633334 558.1 350.1 25 0.617 0 0 -0.787
1441408183.755536983 558.1 350.1 25 0.617 0 0 -0.787
1441408183.785449401 558.1 350.1 25 0.616 0 0 -0.788
1441408183.815242256 558.1 350.1 25 0.616 0 0 -0.788
1441408183.847898415 558.1 350.1 25 0.615 0 0 -0.789
1441408183.875418938 558.1 350.1 25 0.614 0 0 -0.789
1441408183.908019211 558.1 350.1 25 0.614 0 0 -0.789
1441408183.935519585 558.1 350.1 25 0.613 0 0 -0.79
1441408183.968188734 558.1 350.1 25 0.613 0 0 -0.79
1441408183.995647637 558.1 350.1 25 0.612 0 0 -0.791
1441408184.028378391 558.1 350.1 25 0.612 0 0 -0.791
1441408184.054834369 558.1 350.1 25 0.611 0 0 -0.791
1441408184.085672973 558.1 350.1 25 0.611 0 0 -0.792
1441408184.115626016 558.1 350.1 25 0.61 0 0 -0.792
1441408184.145284281 558.1 350.1 25 0.61 0 0 -0.792
1441408184.174942358 558.1 350.1 25 0.609 0 0 -0.793
1441408184.205654860 558.1 350.1 25 0.609 0 0 -0.793
1441408184.235333120 558.1 350.1 25 0.608 0 0 -0.794
1441408184.268147920 558.1 350.1 25 0.608 0 0 -0.794
1441408184.295715538 558.1 350.1 25 0.607 0 0 -0.795
1441408184.331723166 558.1 350.1 25 0.607 0 0 -0.795
1441408184.358385001 558.1 350.1 25 0.606 0 0 -0.795
1441408184.391402398 558.1 350.1 25 0.606 0 0 -0.796
1441408184.417845673 558.1 350.1 25 0.605 0 0 -0.796
1441408184.450835267 558.1 350.1 25 0.605 0 0 -0.797
1441408184.481663389 558.1 350.1 25 0.604 0 0 -0.797
1441408184.511301824 558.1 350.1 25 0.604 0 0 -0.797
1441408184.538699987 558.1 350.1 25 0.603 0 0 -0.798
1441408184.571594537 558.1 350.1 25 0.603 0 0 -0.798
1441408184.601334580 558.1 350.2 25 0.602 0 0 -0.799
