10
563.185 53.5164 11.6685 0.790817 -0.0122719 0.00454571 0.611912
546.577 -20.0385 8.46908 0.925889 0.00242007 -0.00421102 0.377765
379
1441406964.735488195 -3.13143 -3.13961
1441406964.737051059 -3.12994 -3.14172
1441406964.746946147 -3.12796 -3.13931
1441406964.757286623 -3.1289 -3.13881
1441406964.767141917 -3.12534 -3.13964
1441406964.777014573 -3.12515 -3.13968
1441406964.787253416 -3.12441 -3.14015
1441406964.797203135 -3.12985 -3.14157
1441406964.807053329 -3.12412 -3.13926
1441406964.817408117 -3.10892 -3.13193
1441406964.827285527 -3.11232 -3.13204
1441406964.837117539 -3.11759 -3.13712
1441406964.846996142 -3.11531 -3.12611
1441406964.857258526 -3.11861 -3.14214
1441406964.867151167 -3.11752 -3.13244
1441406964.877008637 -1.36242 -2.00001
1441406964.887328843 1.26916 -0.72948
1441406964.897203965 3.04508 0.277487
1441406964.907053430 0.996385 -0.810053
1441406964.917370978 0.263036 -0.924695
1441406964.927232869 0.306707 -1.1043
1441406964.937112891 0.119886 -0.944636
1441406964.947018755 0.215056 -1.01908
1441406964.957278650 0.315802 -0.960438
1441406964.967157285 0.754897 -0.885827
1441406964.977029257 0.396547 -1.04076
1441406964.987313904 0.236321 -1.47146
1441406964.997214750 0.228728 -1.45725
1441406965.007070601 0.208069 -1.44267
1441406965.017372938 0.140448 -1.36441
1441406965.027249824 0.303696 -1.38003
1441406965.037117385 0.468881 -1.2252
1441406965.046976612 0.324425 -1.27027
1441406965.057296929 0.043596 -1.37581
1441406965.067175932 0.098477 -1.36595
1441406965.077035576 0.210752 -1.38091
1441406965.087319929 0.268541 -1.36419
1441406965.097218852 0.204125 -1.34235
1441406965.107090778 0.001544 -1.3828
1441406965.117372594 0.277241 -1.33747
1441406965.127261042 0.079052 -1.44758
1441406965.137129792 0.169804 -1.4956
1441406965.146983729 0.025017 -1.51734
1441406965.157289233 0.145737 -1.35078
1441406965.167168372 0.072567 -1.35065
1441406965.177032729 0.209006 -1.35325
1441406965.187329651 -0.000948 -1.47058
1441406965.197216677 0.304038 -1.39168
1441406965.207087724 0.047636 -1.32359
1441406965.217384943 0.054871 -1.38445
1441406965.227259492 0.060322 -1.35025
1441406965.237073460 0.047913 -1.44668
1441406965.246997234 0.064962 -1.42696
1441406965.257272652 0.103516 -1.44532
1441406965.267120756 0.088407 -1.43922
1441406965.276988672 0.182814 -1.37735
1441406965.287304074 -0.137581 -1.52598
1441406965.297203458 -0.028622 -1.54934
1441406965.307093122 0.10908 -1.46411
1441406965.317384395 0.079297 -1.43962
1441406965.327251356 -0.053867 -1.48784
1441406965.337138569 0.088796 -1.57748
1441406965.346999704 0.098285 -1.47491
1441406965.357253156 0.080218 -1.51789
1441406965.367172934 -0.098587 -1.60346
1441406965.377045205 0.068641 -1.54198
1441406965.387318537 -0.078952 -1.51378
1441406965.397225989 0.092885 -1.55994
1441406965.407100278 0.080853 -1.49138
1441406965.416948077 0.072358 -1.50465
1441406965.427304688 0.069493 -1.42765
1441406965.437121032 0.123715 -1.43647
1441406965.446945219 -0.119607 -1.47227
1441406965.457288675 -0.144158 -1.49267
1441406965.467167433 -0.085493 -1.42209
1441406965.477046986 -0.084083 -1.47606
1441406965.487318744 0.059744 -1.4486
1441406965.497227235 -0.117122 -1.48449
1441406965.507074056 0.02606 -1.49325
1441406965.516963925 -0.031896 -1.41839
1441406965.527279554 -0.041843 -1.51113
1441406965.537106527 -0.079717 -1.51388
1441406965.546995214 -0.093342 -1.53046
1441406965.557293111 -0.033577 -1.48303
1441406965.567173513 -0.027094 -1.47487
1441406965.577048738 0.007421 -1.44012
1441406965.587353823 0.047707 -1.32975
1441406965.597268343 -0.183618 -1.47487
1441406965.607056745 -0.185909 -1.52106
1441406965.616994076 -0.08576 -1.4808
1441406965.627286703 -0.068333 -1.43202
1441406965.637137717 -0.244954 -1.48498
1441406965.647000465 -0.12662 -1.52886
1441406965.657299938 0.069285 -1.44995
1441406965.667170263 0.044765 -1.47503
1441406965.677047007 -0.167411 -1.51671
1441406965.687270594 0.029389 -1.54165
1441406965.697271825 -0.077595 -1.54074
1441406965.707113875 0.006998 -1.54024
1441406965.716998358 -0.032591 -1.50046
1441406965.727258756 -0.069102 -1.47359
1441406965.737190018 -0.073772 -1.46742
1441406965.747052750 0.092133 -1.49114
1441406965.757250388 -0.106131 -1.53407
1441406965.767231503 -0.176237 -1.56117
1441406965.777054212 0.006275 -1.51736
1441406965.787379076 -0.129648 -1.53584
1441406965.797253439 -0.078133 -1.55253
1441406965.807070659 -0.080098 -1.5403
1441406965.816965722 0.022746 -1.533
1441406965.827325893 -0.188651 -1.55034
1441406965.837196710 -0.196803 -1.63708
1441406965.847037818 0.047338 -1.52361
1441406965.857319213 -0.103151 -1.59792
1441406965.867199109 -0.102004 -1.61687
1441406965.877012528 -0.047609 -1.60052
1441406965.887352091 -0.092195 -1.56861
1441406965.897287923 -0.061563 -1.629
1441406965.907058975 0.033734 -1.51855
1441406965.917018102 -0.265758 -1.57068
1441406965.927310925 -0.034285 -1.53024
1441406965.937198526 0.038794 -1.38034
1441406965.947076792 -0.215971 -1.5703
1441406965.957300013 -0.170185 -1.64835
1441406965.967179779 -0.066244 -1.54446
1441406965.977104010 0.004976 -1.44613
1441406965.987400211 -0.144423 -1.46687
1441406965.997239496 -0.032123 -1.46609
1441406966.007047723 -0.231131 -1.45802
1441406966.016975033 -0.1049 -1.45938
1441406966.027293464 -0.070344 -1.46008
1441406966.037167226 -0.187164 -1.50125
1441406966.047018568 -0.013738 -1.37671
1441406966.057346488 0.090055 -1.271
1441406966.067202394 -0.109449 -1.3227
1441406966.077084076 -0.219469 -1.4111
1441406966.087387803 -0.047883 -1.34444
1441406966.097250070 -0.134155 -1.38672
1441406966.107050051 -0.038695 -1.41594
1441406966.117019648 -0.167593 -1.41114
1441406966.127275196 0.201665 -1.34699
1441406966.137195325 -0.12547 -1.3455
1441406966.147051706 -0.08221 -1.43361
1441406966.157311237 -0.19249 -1.39864
1441406966.167224155 -0.011303 -1.46473
1441406966.177093476 -0.082431 -1.36948
1441406966.187350414 0.021941 -1.43422
1441406966.197297175 -0.08952 -1.34798
1441406966.207054661 -0.050795 -1.39868
1441406966.217373045 -0.056765 -1.37019
1441406966.227261794 -0.107362 -1.35272
1441406966.237170632 -0.217494 -1.38631
1441406966.247006630 -0.037858 -1.36361
1441406966.257321180 -0.043116 -1.34331
1441406966.267204978 -0.052064 -1.4221
1441406966.277097237 -0.02201 -1.34703
1441406966.287296685 0.032061 -1.37198
1441406966.297218201 -0.020001 -1.39439
1441406966.307072771 -0.143393 -1.52309
1441406966.316941668 0.084301 -1.48484
1441406966.327276993 -0.0511 -1.52307
1441406966.337144478 0.014418 -1.63803
1441406966.346954505 0.012673 -1.55723
1441406966.357306912 -0.044974 -1.61108
1441406966.367194670 0.094891 -1.55995
1441406966.377117808 -0.045799 -1.58167
1441406966.386960990 -0.046387 -1.55326
1441406966.397261271 -0.152136 -1.65899
1441406966.407112247 0.075407 -1.61466
1441406966.416954572 0.071268 -1.55676
1441406966.427234759 -0.003172 -1.48251
1441406966.437091082 -0.074857 -1.46539
1441406966.447042283 0.066315 -1.40397
1441406966.457273479 0.054103 -1.41909
1441406966.467135928 -0.015435 -1.41429
1441406966.477073358 -0.158106 -1.49711
1441406966.487358986 0.001005 -1.43668
1441406966.497248761 -0.026416 -1.47519
1441406966.507060674 -0.069122 -1.58664
1441406966.516974684 -0.062943 -1.63295
1441406966.527291712 0.161361 -1.48482
1441406966.537161137 -0.011293 -1.45746
1441406966.547048799 -0.113477 -1.53533
1441406966.557335678 0.013444 -1.47777
1441406966.567182918 -0.089816 -1.48982
1441406966.577071229 -0.14045 -1.55487
1441406966.587351413 0.081515 -1.54224
1441406966.597225682 -0.056765 -1.58406
1441406966.607103623 0.045367 -1.51195
1441406966.617029090 -0.015811 -1.5162
1441406966.627293922 -0.111304 -1.56161
1441406966.637177947 -0.039238 -1.48486
1441406966.647012188 -0.065546 -1.54426
1441406966.657293451 -0.046292 -1.58412
1441406966.667163676 -0.136728 -1.66289
1441406966.677062592 0.099274 -1.5414
1441406966.686947949 0.093688 -1.49115
1441406966.697275800 0.06383 -1.59768
1441406966.707139818 -0.131338 -1.64345
1441406966.716971931 -0.040463 -1.56713
1441406966.727290841 -0.027375 -1.53128
1441406966.737116593 -0.00241 -1.55972
1441406966.747057043 -0.116202 -1.63509
1441406966.757341037 0.13807 -1.55049
1441406966.767212413 0.115608 -1.52407
1441406966.777082897 -0.192813 -1.64619
1441406966.787393311 -0.152351 -1.74929
1441406966.797258026 0.04053 -1.60507
1441406966.807136818 -0.191734 -1.63173
1441406966.817004124 0.046678 -1.60855
1441406966.827305782 -0.046088 -1.60972
1441406966.837196960 0.058876 -1.6268
1441406966.847043020 -0.057813 -1.5846
1441406966.857343366 0.146548 -1.52885
1441406966.867200103 -0.110211 -1.55279
1441406966.877044938 0.096566 -1.60984
1441406966.886933621 0.040966 -1.71182
1441406966.897251729 0.103703 -1.71872
1441406966.907080282 0.24997 -1.57717
1441406966.917014838 0.096154 -1.63866
1441406966.927342614 0.089242 -1.55651
1441406966.937203463 0.000369 -1.65927
1441406966.946992271 0.077075 -1.6717
1441406966.957367960 -0.049424 -1.74918
1441406966.967186734 0.024922 -1.68659
1441406966.977078456 0.053244 -1.60747
1441406966.987411950 0.10617 -1.49341
1441406966.997210364 0.157372 -1.41539
1441406967.007141119 -0.000811 -1.48637
1441406967.016992946 0.007617 -1.50216
1441406967.027330772 -0.131145 -1.565
1441406967.037195382 0.121888 -1.55185
1441406967.047034063 0.007965 -1.59049
1441406967.057332030 0.163965 -1.58823
1441406967.067203027 0.092391 -1.51803
1441406967.077072819 0.174266 -1.5519
1441406967.087376580 0.20141 -1.43951
1441406967.097247271 0.002183 -1.51766
1441406967.107078190 -0.004951 -1.52916
1441406967.116993838 0.117185 -1.46715
1441406967.127290610 -0.101223 -1.51632
1441406967.137165187 -0.093233 -1.58243
1441406967.147031927 0.014667 -1.49389
1441406967.157344120 -0.083761 -1.54342
1441406967.167165190 0.062386 -1.50528
1441406967.177077629 0.053544 -1.3993
1441406967.187378566 -0.153971 -1.50427
1441406967.197260177 -0.073093 -1.51218
1441406967.207122854 -0.084893 -1.55161
1441406967.216993253 -0.009641 -1.53
1441406967.227257333 -0.105457 -1.56244
1441406967.237166747 0.168083 -1.50763
1441406967.247035413 -0.061222 -1.55044
1441406967.257325917 0.064748 -1.53058
1441406967.267207286 -0.057011 -1.58712
1441406967.277073009 -0.102369 -1.60239
1441406967.287378725 -0.030925 -1.54415
1441406967.297247623 -0.14973 -1.53671
1441406967.307119882 0.015475 -1.51709
1441406967.316980714 -0.218212 -1.59916
1441406967.327288905 0.036586 -1.5996
1441406967.337161236 -0.187079 -1.53796
1441406967.347009455 -0.206792 -1.649
1441406967.357328409 -0.182568 -1.54023
1441406967.367197566 -0.113584 -1.54579
1441406967.377054903 -0.179638 -1.50252
1441406967.387366152 -0.24556 -1.53896
1441406967.397236010 -0.136576 -1.51968
1441406967.407106348 -0.1689 -1.5512
1441406967.417395006 -0.173181 -1.64001
1441406967.427274652 -0.211666 -1.61317
1441406967.437146978 -0.278152 -1.67884
1441406967.447034676 -0.171475 -1.58332
1441406967.457319786 -0.187412 -1.59923
1441406967.467187086 -0.10192 -1.60604
1441406967.477053882 -0.210888 -1.65828
1441406967.487359071 -0.010208 -1.60913
1441406967.497229670 -0.305474 -1.61926
1441406967.507102032 -0.261699 -1.64614
1441406967.517401756 -0.144344 -1.537
1441406967.527269557 -0.179496 -1.58461
1441406967.537144573 -0.285316 -1.65849
1441406967.547019186 -0.120783 -1.62487
1441406967.557311161 -0.258245 -1.59245
1441406967.567184511 0.091525 -1.51344
1441406967.577055867 -0.038554 -1.50946
1441406967.587352040 -0.393717 -1.72442
1441406967.597228600 -0.218958 -1.63188
1441406967.607095571 -0.08193 -1.48592
1441406967.617394668 -0.057576 -1.42651
1441406967.627249177 -0.238242 -1.51647
1441406967.637138190 -0.218833 -1.62783
1441406967.646997257 0.037443 -1.51877
1441406967.657336105 -0.09152 -1.45021
1441406967.667175016 -0.367441 -1.54731
1441406967.677044978 -0.250679 -1.50111
1441406967.687349188 -0.226224 -1.47121
1441406967.697216088 -0.259006 -1.54988
1441406967.707088807 -0.223951 -1.56883
1441406967.717423287 -0.120761 -1.463
1441406967.727307252 -0.211093 -1.46884
1441406967.737104347 -0.093174 -1.45028
1441406967.746959563 -0.276741 -1.47919
1441406967.757324266 -0.197676 -1.55962
1441406967.767201194 -0.219749 -1.46816
1441406967.777070524 -0.332056 -1.48303
1441406967.787291132 -0.038169 -1.4615
1441406967.797190463 -0.303105 -1.47748
1441406967.807055894 -0.194451 -1.53738
1441406967.817380665 -0.110963 -1.42888
1441406967.827281674 -0.380603 -1.63785
1441406967.837156443 -0.098688 -1.56616
1441406967.846950357 -0.086895 -1.57196
1441406967.857293133 -0.37495 -1.67919
1441406967.867166437 -0.147642 -1.62967
1441406967.877070806 -0.1131 -1.50233
1441406967.887367504 -0.137679 -1.58246
1441406967.897212932 -0.275619 -1.61403
1441406967.907033637 -0.204523 -1.63475
1441406967.917377595 -0.257071 -1.58208
1441406967.927283626 -0.230171 -1.64923
1441406967.937155215 -0.051943 -1.5743
1441406967.946921393 -0.089192 -1.60527
1441406967.957289152 -0.071397 -1.59451
1441406967.967117936 -0.181164 -1.68519
1441406967.977057219 0.101402 -1.52263
1441406967.987364691 0.057222 -1.5526
1441406967.997190417 -0.128446 -1.74318
1441406968.007040500 0.011226 -1.62291
1441406968.017373755 0.057158 -1.59431
1441406968.027251299 -0.046315 -1.71994
1441406968.037114959 0.067625 -1.73553
1441406968.046954540 0.008673 -1.68426
1441406968.057288424 0.034634 -1.71401
1441406968.067157269 -0.079862 -1.80137
1441406968.077021463 -0.10226 -1.8681
1441406968.087332275 0.046139 -1.78036
1441406968.097169362 -0.118614 -1.7524
1441406968.107108538 -0.161228 -1.77291
1441406968.117316839 -0.015486 -1.70972
1441406968.127235800 0.12165 -1.6277
1441406968.137123038 -0.074937 -1.7258
1441406968.146967426 -0.103878 -1.72997
1441406968.157244758 -0.10346 -1.6911
1441406968.167190331 -0.009306 -1.70708
1441406968.177001264 -0.014243 -1.65857
1441406968.187359242 -0.102756 -1.70322
1441406968.197219718 -0.133311 -1.66936
1441406968.207040483 0.015349 -1.65777
1441406968.217399285 -0.034142 -1.66696
1441406968.227257650 0.05411 -1.66114
1441406968.237077369 -0.294522 -1.80214
1441406968.246966114 -0.074769 -1.81394
1441406968.257313653 0.051526 -1.71313
1441406968.267164779 -0.081126 -1.74058
1441406968.277024685 -0.089862 -1.77077
1441406968.287325487 -0.024535 -1.69314
1441406968.297166642 0.052747 -1.67712
1441406968.307014792 -0.077067 -1.6684
1441406968.317322504 -0.001269 -1.69664
1441406968.327264139 -0.211638 -1.72947
1441406968.337099939 -0.147772 -1.74722
1441406968.346974979 -0.00786 -1.59931
1441406968.357269577 -0.105051 -1.63457
1441406968.367159849 -0.130341 -1.67175
1441406968.377075022 -0.06306 -1.63579
1441406968.387353299 -0.043553 -1.64041
1441406968.397219944 -0.105129 -1.67684
1441406968.406994253 -0.002421 -1.61695
1441406968.417362620 -0.120464 -1.6425
1441406968.427200207 -0.106502 -1.64529
1441406968.437138277 -0.104489 -1.65089
1441406968.446928586 -0.032376 -1.64512
1441406968.457307006 -0.099219 -1.68223
1441406968.467176179 -0.065635 -1.69882
1441406968.477001212 0.001056 -1.66889
1441406968.487283200 -0.001293 -1.72389
1441406968.497190309 -0.049335 -1.72699
1441406968.507013214 0.001062 -1.78327
127
1441406964.735487024 582 126.1 24.2 0.127 0 0 0.992
1441406964.745889832 510.9 310.4 24.2 0.127 0 0 0.992
1441406964.778814649 510.9 310.4 24.2 0.127 0 0 0.992
1441406964.811465128 510.9 310.4 24.2 0.127 0 0 0.992
1441406964.838917549 510.9 310.4 24.2 0.127 0 0 0.992
1441406964.868586429 510.8 310.3 24.1 0.127 0 0 0.992
1441406964.898276478 510.8 310.4 24.1 0.127 0 0 0.992
1441406964.928930100 510.8 310.4 24.2 0.128 0 0 0.992
1441406964.958617596 510.8 310.4 24.2 0.129 0 0 0.992
1441406964.991438290 510.8 310.4 24.2 0.129 0 0 0.992
1441406965.017947415 510.8 310.4 24.2 0.13 0 0 0.992
1441406965.048603197 510.9 310.4 24.2 0.131 0 0 0.991
1441406965.078240075 510.8 310.4 24.2 0.131 0 0 0.991
1441406965.111080554 510.9 310.4 24.2 0.132 0 0 0.991
1441406965.138569648 510.9 310.4 24.2 0.133 0 0 0.991
1441406965.171466770 510.8 310.4 24.2 0.133 0 0 0.991
1441406965.201150680 510.8 310.4 24.2 0.134 0 0 0.991
1441406965.234266927 510.8 310.4 24.2 0.135 0 0 0.991
1441406965.261937338 510.9 310.4 24.2 0.135 0 0 0.991
1441406965.294776033 510.8 310.4 24.2 0.136 0 0 0.991
1441406965.321350196 510.8 310.4 24.2 0.137 0 0 0.991
1441406965.354356721 510.9 310.4 24.2 0.137 0 0 0.991
1441406965.381145706 510.8 310.4 24.2 0.138 0 0 0.99
1441406965.414336244 510.9 310.4 24.2 0.139 0 0 0.99
1441406965.441701007 510.9 310.4 24.2 0.139 0 0 0.99
1441406965.474614915 510.9 310.4 24.2 0.14 0 0 0.99
1441406965.504296037 510.9 310.4 24.2 0.14 0 0 0.99
1441406965.534110053 510.8 310.4 24.2 0.141 0 0 0.99
1441406965.564636257 510.8 310.4 24.2 0.142 0 0 0.99
1441406965.597530311 510.8 310.4 24.2 0.142 0 0 0.99
1441406965.624112000 510.8 310.4 24.2 0.143 0 0 0.99
1441406965.657776218 510.8 310.4 24.2 0.144 0 0 0.99
1441406965.687262462 510.8 310.4 24.2 0.144 0 0 0.99
1441406965.717104807 510.8 310.4 24.2 0.145 0 0 0.989
1441406965.747755403 510.8 310.4 24.2 0.146 0 0 0.989
1441406965.777328664 510.8 310.4 24.2 0.146 0 0 0.989
1441406965.804774523 510.8 310.4 24.2 0.147 0 0 0.989
1441406965.837643288 510.9 310.4 24.2 0.148 0 0 0.989
1441406965.867462324 510.9 310.4 24.2 0.148 0 0 0.989
1441406965.900516821 510.9 310.4 24.2 0.149 0 0 0.989
1441406965.927079999 510.9 310.4 24.2 0.15 0 0 0.989
1441406965.960775866 510.9 310.4 24.2 0.15 0 0 0.989
1441406965.987253012 510.9 310.4 24.2 0.151 0 0 0.989
1441406966.017885806 510.9 310.4 24.2 0.152 0 0 0.988
1441406966.047607439 510.9 310.4 24.2 0.152 0 0 0.988
1441406966.077336522 510.9 310.4 24.2 0.153 0 0 0.988
1441406966.107243971 510.8 310.4 24.2 0.154 0 0 0.988
1441406966.137959731 510.8 310.4 24.2 0.154 0 0 0.988
1441406966.167627217 510.8 310.4 24.2 0.155 0 0 0.988
1441406966.200370561 510.8 310.4 24.2 0.155 0 0 0.988
1441406966.224896242 510.8 310.4 24.2 0.156 0 0 0.988
1441406966.257710851 510.8 310.4 24.2 0.157 0 0 0.988
1441406966.287423968 510.9 310.4 24.2 0.157 0 0 0.988
1441406966.320501128 510.8 310.4 24.2 0.158 0 0 0.987
1441406966.350276262 510.8 310.4 24.2 0.159 0 0 0.987
1441406966.380278978 510.9 310.4 24.2 0.159 0 0 0.987
1441406966.407851997 510.9 310.4 24.2 0.16 0 0 0.987
1441406966.440728350 510.9 310.4 24.2 0.161 0 0 0.987
1441406966.467123260 510.9 310.4 24.2 0.161 0 0 0.987
1441406966.500944973 510.8 310.4 24.2 0.162 0 0 0.987
1441406966.530680269 510.8 310.4 24.2 0.163 0 0 0.987
1441406966.563501704 510.8 310.4 24.2 0.163 0 0 0.987
1441406966.590951104 510.8 310.4 24.2 0.164 0 0 0.986
1441406966.623951515 510.8 310.4 24.2 0.165 0 0 0.986
1441406966.650641524 510.8 310.4 24.2 0.165 0 0 0.986
1441406966.680312583 510.8 310.4 24.2 0.166 0 0 0.986
1441406966.710113875 510.8 310.4 24.2 0.166 0 0 0.986
1441406966.740624302 510.8 310.4 24.2 0.167 0 0 0.986
1441406966.770239459 510.8 310.4 24.2 0.168 0 0 0.986
1441406966.803113996 510.8 310.4 24.2 0.168 0 0 0.986
1441406966.830609157 510.9 310.4 24.2 0.169 0 0 0.986
1441406966.863406266 510.9 310.4 24.2 0.17 0 0 0.985
1441406966.892923268 510.9 310.4 24.2 0.17 0 0 0.985
1441406966.923532416 510.9 310.4 24.2 0.171 0 0 0.985
1441406966.953215287 510.8 310.4 24.2 0.172 0 0 0.985
1441406966.983876013 510.9 310.4 24.2 0.172 0 0 0.985
1441406967.013503604 510.8 310.4 24.2 0.173 0 0 0.985
1441406967.043066170 510.8 310.4 24.2 0.174 0 0 0.985
1441406967.070523999 510.8 310.4 24.2 0.174 0 0 0.985
1441406967.103491668 510.8 310.4 24.2 0.175 0 0 0.985
1441406967.130952955 510.8 310.4 24.2 0.176 0 0 0.984
1441406967.163773953 510.8 310.4 24.2 0.176 0 0 0.984
1441406967.190310499 510.8 310.4 24.2 0.177 0 0 0.984
1441406967.223128301 510.8 310.4 24.2 0.178 0 0 0.984
1441406967.250630294 510.8 310.4 24.2 0.178 0 0 0.984
1441406967.283439185 510.8 310.4 24.2 0.179 0 0 0.984
1441406967.313186804 510.9 310.4 24.2 0.179 0 0 0.984
1441406967.346932537 510.8 310.4 24.2 0.18 0 0 0.984
1441406967.373418904 510.8 310.4 24.2 0.181 0 0 0.984
1441406967.403167866 510.9 310.4 24.2 0.181 0 0 0.983
1441406967.433886749 510.8 310.4 24.2 0.182 0 0 0.983
1441406967.463546842 510.8 310.4 24.2 0.183 0 0 0.983
1441406967.493239354 510.8 310.4 24.2 0.183 0 0 0.983
1441406967.526066558 510.8 310.4 24.2 0.184 0 0 0.983
1441406967.553562978 510.8 310.4 24.2 0.185 0 0 0.983
1441406967.586396640 510.8 310.4 24.2 0.185 0 0 0.983
1441406967.612941773 510.8 310.4 24.2 0.186 0 0 0.983
1441406967.646763582 510.8 310.4 24.2 0.187 0 0 0.982
1441406967.673289544 510.8 310.4 24.2 0.187 0 0 0.982
1441406967.706139983 510.8 310.4 24.2 0.188 0 0 0.982
1441406967.733669274 510.8 310.4 24.2 0.188 0 0 0.982
1441406967.766393206 510.8 310.4 24.2 0.189 0 0 0.982
1441406967.793866548 510.8 310.4 24.2 0.19 0 0 0.982
1441406967.826736901 510.8 310.4 24.2 0.19 0 0 0.982
1441406967.853254024 510.8 310.4 24.2 0.191 0 0 0.982
1441406967.886078921 510.8 310.4 24.2 0.192 0 0 0.981
1441406967.913687579 510.8 310.4 24.2 0.192 0 0 0.981
1441406967.946367043 510.8 310.4 24.2 0.193 0 0 0.981
1441406967.976072994 510.8 310.4 24.2 0.194 0 0 0.981
1441406968.006883166 510.8 310.4 24.2 0.194 0 0 0.981
1441406968.036672526 510.8 310.4 24.2 0.195 0 0 0.981
1441406968.066329103 510.8 310.4 24.2 0.196 0 0 0.981
1441406968.096946767 510.8 310.4 24.2 0.196 0 0 0.981
1441406968.126674408 510.8 310.4 24.2 0.197 0 0 0.98
1441406968.156203581 510.8 310.4 24.2 0.198 0 0 0.98
1441406968.186788951 510.8 310.4 24.2 0.198 0 0 0.98
1441406968.216436169 510.8 310.4 24.2 0.199 0 0 0.98
1441406968.249053331 510.8 310.4 24.2 0.199 0 0 0.98
1441406968.276536063 510.8 310.4 24.2 0.2 0 0 0.98
1441406968.309398073 510.8 310.4 24.2 0.201 0 0 0.98
1441406968.336858964 510.8 310.4 24.2 0.201 0 0 0.98
1441406968.369649049 510.8 310.4 24.2 0.202 0 0 0.979
1441406968.395985275 510.8 310.4 24.2 0.203 0 0 0.979
1441406968.429876328 510.8 310.4 24.2 0.203 0 0 0.979
1441406968.459391042 510.8 310.4 24.2 0.204 0 0 0.979
1441406968.489083331 510.8 310.4 24.2 0.205 0 0 0.979
1441406968.516593925 510.8 310.4 24.2 0.205 0 0 0.979
546.578 -20.0403 8.45924 0.925893 0.00248549 -0.00421326 0.377755
554.402 29.1859 8.28732 0.978696 0.00605415 -0.000656454 0.205226
381
1441407002.349016156 -2.36311 -2.2405
1441407002.357214205 -2.31689 -2.28167
1441407002.367064272 -2.33504 -2.24749
1441407002.376957692 -2.39839 -2.34212
1441407002.387238983 -2.31554 -2.25568
1441407002.397127074 -2.37681 -2.27992
1441407002.406999578 -2.40326 -2.32065
1441407002.417303921 -2.32541 -2.23467
1441407002.427190066 -2.31559 -2.28662
1441407002.437078706 -2.41269 -2.33128
1441407002.447355281 -2.43441 -2.31253
1441407002.457234735 -2.61155 -2.33483
1441407002.467104206 -3.05215 -2.30478
1441407002.477376929 -2.23431 -1.82743
1441407002.487277296 0.21195 -0.72774
1441407002.497148414 0.253981 -0.489257
1441407002.507025410 -0.005811 -0.788873
1441407002.517278949 0.389862 -0.846514
1441407002.527189345 0.017903 -1.3323
1441407002.537031935 0.172933 -0.946521
1441407002.547359149 0.238052 -0.977235
1441407002.557228970 0.147221 -1.04477
1441407002.567079960 0.430247 -0.92207
1441407002.577425000 0.32293 -1.22682
1441407002.587268248 0.167157 -1.22141
1441407002.597122852 0.380606 -1.13911
1441407002.607003841 0.2053 -1.25471
1441407002.617312084 0.089413 -1.25242
1441407002.627164288 0.161805 -1.15508
1441407002.637048255 0.248639 -1.16754
1441407002.647352635 0.261897 -1.14522
1441407002.657204417 0.144034 -1.19901
1441407002.667084996 0.178654 -1.12758
1441407002.677394720 0.089286 -1.15836
1441407002.687246689 0.050957 -1.15849
1441407002.697151915 0.115104 -1.21023
1441407002.706988303 0.10638 -1.12227
1441407002.717286062 0.237469 -1.21042
1441407002.727179836 0.190697 -1.24574
1441407002.737045185 0.199314 -1.26223
1441407002.747331655 0.113405 -1.2467
1441407002.757220491 -0.077513 -1.31946
1441407002.767087402 0.022427 -1.09002
1441407002.777368479 0.075029 -0.966025
1441407002.787258945 0.106785 -1.0139
1441407002.797128155 0.166192 -1.00446
1441407002.806980804 0.151484 -1.1582
1441407002.817308388 0.106507 -1.24249
1441407002.827170294 0.068866 -1.25804
1441407002.837022988 0.066814 -1.21152
1441407002.847334435 0.172335 -1.12408
1441407002.857212518 0.150942 -0.994886
1441407002.867067821 0.111808 -1.10179
1441407002.877373091 0.218553 -1.11215
1441407002.887245709 0.100284 -1.28877
1441407002.897109682 -0.027868 -1.38907
1441407002.907016062 0.011769 -1.25032
1441407002.917298142 0.186862 -1.06434
1441407002.927170338 0.049085 -1.21838
1441407002.936987286 0.060076 -1.30412
1441407002.947345148 0.108473 -1.25669
1441407002.957215110 0.080219 -1.2605
1441407002.967021409 0.003719 -1.28312
1441407002.977380934 0.11659 -1.24623
1441407002.987234811 0.090401 -1.32186
1441407002.997059553 0.055321 -1.32983
1441407003.007006071 0.167313 -1.36644
1441407003.017309119 0.182643 -1.35128
1441407003.027174335 0.09423 -1.4462
1441407003.037076060 -0.027862 -1.46755
1441407003.047349928 0.002677 -1.3862
1441407003.057194205 -0.072263 -1.4546
1441407003.067095670 -0.134048 -1.32433
1441407003.077375146 -0.010864 -1.23247
1441407003.087246563 0.063934 -1.12935
1441407003.097142668 -0.081421 -1.21797
1441407003.107007159 -0.066688 -1.28857
1441407003.117293640 0.013289 -1.25786
1441407003.127172184 -0.032257 -1.19087
1441407003.137080132 -0.015394 -1.22591
1441407003.147337261 0.021573 -1.20497
1441407003.157255453 0.069241 -1.27262
1441407003.167127734 -0.021857 -1.40445
1441407003.177405297 -0.067158 -1.36179
1441407003.187281081 -0.101637 -1.32215
1441407003.197166672 -0.130252 -1.29413
1441407003.207043550 -0.085794 -1.1994
1441407003.217264672 -0.043184 -1.16606
1441407003.227194060 -0.114406 -1.27459
1441407003.237090546 -0.044323 -1.28022
1441407003.247307529 -0.201875 -1.33587
1441407003.257174813 -0.102359 -1.24254
1441407003.267102323 -0.163278 -1.36724
1441407003.276987058 -0.126375 -1.32652
1441407003.287301518 -0.062999 -1.29913
1441407003.297187908 -0.009267 -1.4234
1441407003.307001526 -0.156542 -1.51872
1441407003.317353771 -0.057681 -1.46771
1441407003.327223081 -0.195364 -1.50296
1441407003.337082042 -0.221016 -1.44826
1441407003.347401948 -0.16075 -1.34717
1441407003.357226494 -0.151168 -1.38037
1441407003.367128534 -0.075504 -1.20813
1441407003.377439445 -0.145059 -1.36251
1441407003.387261525 -0.177485 -1.40588
1441407003.397197255 -0.128688 -1.34506
1441407003.407018396 -0.156109 -1.42415
1441407003.417314709 -0.139978 -1.42942
1441407003.427169602 -0.251311 -1.45664
1441407003.437068096 -0.157891 -1.43471
1441407003.447370539 -0.191808 -1.42335
1441407003.457242869 -0.157448 -1.39666
1441407003.467116745 -0.258109 -1.4023
1441407003.477023452 -0.206959 -1.37898
1441407003.487261327 -0.226956 -1.44732
1441407003.497160444 -0.30815 -1.38083
1441407003.507033243 -0.140347 -1.37597
1441407003.517321901 -0.168797 -1.29089
1441407003.527190300 -0.206187 -1.38903
1441407003.537075553 -0.045122 -1.35771
1441407003.547370824 -0.173267 -1.38782
1441407003.557241339 -0.282679 -1.54369
1441407003.567092569 -0.164675 -1.51564
1441407003.576995655 -0.191447 -1.41605
1441407003.587299363 -0.247723 -1.42047
1441407003.597168942 -0.283588 -1.43783
1441407003.607049706 -0.304466 -1.42047
1441407003.617345589 -0.159503 -1.31943
1441407003.627214825 -0.197719 -1.36134
1441407003.637086797 -0.192558 -1.32852
1441407003.647393859 -0.246267 -1.35547
1441407003.657264455 -0.293707 -1.37448
1441407003.667137690 -0.224486 -1.26902
1441407003.677010400 -0.113283 -1.18206
1441407003.687310204 -0.193555 -1.29038
1441407003.697186474 -0.077765 -1.2987
1441407003.707042048 -0.209648 -1.3533
1441407003.717345705 -0.160789 -1.47699
1441407003.727228966 -0.270703 -1.50958
1441407003.737105736 -0.198161 -1.41651
1441407003.747401412 -0.245449 -1.34974
1441407003.757275551 -0.290747 -1.37185
1441407003.767127644 -0.161028 -1.35698
1441407003.777008484 -0.193056 -1.3481
1441407003.787302586 -0.202045 -1.43645
1441407003.797182864 -0.164429 -1.33227
1441407003.807064308 -0.271753 -1.36449
1441407003.817347942 -0.155725 -1.29842
1441407003.827227064 -0.074158 -1.30418
1441407003.837110917 -0.259883 -1.41525
1441407003.846966941 -0.198137 -1.41367
1441407003.857242569 -0.084117 -1.43397
1441407003.867162216 -0.327082 -1.56157
1441407003.877007496 -0.179999 -1.40643
1441407003.887309319 -0.134367 -1.34068
1441407003.897206270 -0.18494 -1.30559
1441407003.907060580 -0.246132 -1.43368
1441407003.917363810 -0.155531 -1.42259
1441407003.927258377 -0.200888 -1.3833
1441407003.937113763 -0.273498 -1.3123
1441407003.946977223 -0.224919 -1.30606
1441407003.957266660 -0.018007 -1.25928
1441407003.967162431 -0.126092 -1.30857
1441407003.977026820 -0.141955 -1.33356
1441407003.987333387 -0.197964 -1.44369
1441407003.997182957 -0.265415 -1.46151
1441407004.007046710 -0.206682 -1.31356
1441407004.016968098 -0.188819 -1.38258
1441407004.027297756 -0.004501 -1.35579
1441407004.037108968 -0.143025 -1.39568
1441407004.047061983 -0.203939 -1.47933
1441407004.057348225 -0.226193 -1.41229
1441407004.067220662 -0.200311 -1.37315
1441407004.077100863 -0.10568 -1.32012
1441407004.087370901 -0.281814 -1.41542
1441407004.097183143 -0.154263 -1.41352
1441407004.107068134 -0.141228 -1.36152
1441407004.116958740 -0.294824 -1.46894
1441407004.127257167 -0.087221 -1.40123
1441407004.137110145 -0.144857 -1.50927
1441407004.147041720 -0.310824 -1.57079
1441407004.157363725 -0.215396 -1.36869
1441407004.167225395 -0.277097 -1.4104
1441407004.177032814 -0.227664 -1.34176
1441407004.187388035 -0.17166 -1.33847
1441407004.197224195 -0.243344 -1.44836
1441407004.207103717 -0.242346 -1.42417
1441407004.216986402 -0.171222 -1.35303
1441407004.227258362 -0.3666 -1.39974
1441407004.237202319 -0.222701 -1.45436
1441407004.247018518 -0.082289 -1.29218
1441407004.257395206 -0.325197 -1.54063
1441407004.267247913 -0.151454 -1.469
1441407004.277078636 -0.195282 -1.58568
1441407004.287371736 -0.180022 -1.54015
1441407004.297254072 -0.24955 -1.45815
1441407004.307156989 -0.269677 -1.45657
1441407004.316988787 -0.28443 -1.5319
1441407004.327299054 -0.235333 -1.39526
1441407004.337173985 -0.251126 -1.35101
1441407004.347058663 -0.28058 -1.41153
1441407004.357292328 -0.12484 -1.3635
1441407004.367224505 -0.199118 -1.42593
1441407004.377133577 -0.186549 -1.38808
1441407004.387361611 -0.20297 -1.38589
1441407004.397306427 -0.26486 -1.44263
1441407004.407160784 -0.239361 -1.49487
1441407004.416989687 -0.097447 -1.42528
1441407004.427351326 -0.179642 -1.56459
1441407004.437197525 -0.235769 -1.62839
1441407004.447021889 -0.323641 -1.44779
1441407004.457322300 -0.281405 -1.43275
1441407004.467227258 -0.243279 -1.43816
1441407004.477131949 -0.305393 -1.38148
1441407004.486967972 -0.22243 -1.33569
1441407004.497234361 -0.280549 -1.47469
1441407004.507113035 -0.302462 -1.50014
1441407004.516999058 -0.225316 -1.46887
1441407004.527300893 -0.288701 -1.51763
1441407004.537199298 -0.225807 -1.48628
1441407004.547071047 -0.228055 -1.51966
1441407004.557367101 -0.137297 -1.50434
1441407004.567254752 -0.281959 -1.54034
1441407004.577150784 -0.308781 -1.6102
1441407004.586990994 -0.309468 -1.55129
1441407004.597249042 -0.37871 -1.40581
1441407004.607120869 -0.229141 -1.35688
1441407004.616994963 -0.341722 -1.36741
1441407004.627325792 -0.241065 -1.36612
1441407004.637205365 -0.258819 -1.32302
1441407004.647033581 -0.283573 -1.42329
1441407004.657411951 -0.221369 -1.44372
1441407004.667205154 -0.237319 -1.37863
1441407004.677073097 -0.210251 -1.43127
1441407004.687000889 -0.259611 -1.44201
1441407004.697261464 -0.161684 -1.46767
1441407004.707129633 -0.244864 -1.49467
1441407004.717017140 -0.169295 -1.48079
1441407004.727335428 -0.26868 -1.49762
1441407004.737174115 -0.307836 -1.56451
1441407004.747130383 -0.312564 -1.46662
1441407004.757403080 -0.260693 -1.38457
1441407004.767202721 -0.263369 -1.44922
1441407004.777146225 -0.119952 -1.29741
1441407004.786979695 -0.095696 -1.41462
1441407004.797277596 -0.230813 -1.46138
1441407004.807076931 -0.196616 -1.52973
1441407004.816992551 -0.382519 -1.57266
1441407004.827302634 -0.089369 -1.42296
1441407004.837182067 -0.16142 -1.44531
1441407004.847069654 -0.138772 -1.51276
1441407004.856912530 -0.069695 -1.42926
1441407004.867235121 -0.292875 -1.6905
1441407004.877081516 -0.236738 -1.62506
1441407004.887006502 -0.239285 -1.54455
1441407004.897247693 -0.326427 -1.46878
1441407004.907180092 -0.13514 -1.3239
1441407004.916996591 -0.108154 -1.26855
1441407004.927290310 -0.256682 -1.49286
1441407004.937179764 -0.142767 -1.49314
1441407004.947021565 -0.23588 -1.60979
1441407004.956960613 -0.100597 -1.46426
1441407004.967221059 -0.121252 -1.50683
1441407004.977127806 -0.052068 -1.5504
1441407004.986931892 -0.17057 -1.4909
1441407004.997238596 -0.232621 -1.59046
1441407005.007154026 -0.134166 -1.55567
1441407005.016993185 -0.271816 -1.49971
1441407005.027362127 -0.368262 -1.51569
1441407005.037189905 -0.192992 -1.27828
1441407005.047071061 -0.071612 -1.35353
1441407005.057360097 -0.304834 -1.4204
1441407005.067257111 -0.262727 -1.45237
1441407005.077100889 -0.160879 -1.39986
1441407005.086966834 -0.319197 -1.42023
1441407005.097281749 -0.25873 -1.37974
1441407005.107139230 -0.075391 -1.33912
1441407005.117013383 -0.333475 -1.58816
1441407005.127325799 -0.097262 -1.47323
1441407005.137184042 -0.239628 -1.56082
1441407005.147067709 -0.332645 -1.60607
1441407005.157329870 -0.31968 -1.51958
1441407005.167187586 -0.357711 -1.55808
1441407005.177078422 -0.298909 -1.29663
1441407005.186967641 -0.367848 -1.45375
1441407005.197265522 -0.192008 -1.52873
1441407005.207109789 -0.284818 -1.49959
1441407005.217010045 -0.220974 -1.32783
1441407005.227296619 -0.35276 -1.51776
1441407005.237190724 -0.221401 -1.42144
1441407005.247070446 -0.279535 -1.42609
1441407005.257335538 -0.374745 -1.68556
1441407005.267250653 -0.320579 -1.72101
1441407005.277102621 -0.299983 -1.48187
1441407005.286972734 -0.456399 -1.5823
1441407005.297267070 -0.29099 -1.46092
1441407005.307146624 -0.24212 -1.33922
1441407005.317018881 -0.239522 -1.40967
1441407005.327332666 -0.232374 -1.33383
1441407005.337195362 -0.247704 -1.50214
1441407005.347078021 -0.202917 -1.59094
1441407005.357380153 -0.337481 -1.54966
1441407005.367257117 -0.160152 -1.47723
1441407005.377112496 -0.227024 -1.47871
1441407005.386994002 -0.289375 -1.57141
1441407005.397260652 -0.124524 -1.53915
1441407005.407132158 -0.205078 -1.6263
1441407005.417028375 -0.154081 -1.57391
1441407005.427378668 -0.171793 -1.62946
1441407005.437202211 -0.334846 -1.73141
1441407005.447094226 -0.278971 -1.50662
1441407005.457377916 -0.346603 -1.469
1441407005.467245522 -0.330926 -1.43149
1441407005.477132509 -0.231434 -1.28797
1441407005.486997082 -0.461224 -1.5192
1441407005.497266691 -0.29095 -1.55192
1441407005.507182004 -0.217573 -1.41604
1441407005.517053318 -0.442376 -1.55456
1441407005.527353318 -0.223539 -1.47397
1441407005.537226098 -0.160111 -1.41444
1441407005.547083793 -0.447355 -1.68791
1441407005.557396320 -0.13734 -1.60519
1441407005.567270497 -0.257485 -1.66649
1441407005.577119747 -0.359482 -1.67159
1441407005.587000748 -0.337946 -1.5372
1441407005.597315702 -0.32815 -1.5854
1441407005.607175254 -0.287411 -1.44577
1441407005.617044853 -0.247154 -1.40534
1441407005.627360294 -0.30136 -1.49655
1441407005.637206613 -0.191942 -1.45333
1441407005.647126644 -0.222265 -1.44733
1441407005.657404851 -0.12722 -1.51116
1441407005.667272591 -0.257064 -1.63
1441407005.677136207 -0.121925 -1.47334
1441407005.687020345 -0.131054 -1.49646
1441407005.697287652 -0.063115 -1.64916
1441407005.707181383 -0.195732 -1.55949
1441407005.717053408 -0.288992 -1.72776
1441407005.727351719 -0.211009 -1.56198
1441407005.737227477 -0.212071 -1.44428
1441407005.747113687 -0.25472 -1.45135
1441407005.756984552 -0.119756 -1.41511
1441407005.767316722 -0.250896 -1.5208
1441407005.777161349 -0.160014 -1.48052
1441407005.787017153 -0.151012 -1.51319
1441407005.797328361 -0.082328 -1.45787
1441407005.807207472 -0.207096 -1.5876
1441407005.817065002 -0.216124 -1.66641
1441407005.827379020 -0.064438 -1.5647
1441407005.837239241 -0.105013 -1.65799
1441407005.847125440 -0.170304 -1.74603
1441407005.856999804 -0.200545 -1.71876
1441407005.867299878 -0.289344 -1.66064
1441407005.877172694 -0.215659 -1.48925
1441407005.887032005 -0.278638 -1.47048
1441407005.897335041 -0.211889 -1.38376
1441407005.907203595 -0.105119 -1.38654
1441407005.917074218 -0.203433 -1.52221
1441407005.927388942 -0.214492 -1.46896
1441407005.937248723 -0.116391 -1.41143
1441407005.947136727 -0.270006 -1.48715
1441407005.957003268 -0.23229 -1.48277
1441407005.967274918 -0.141437 -1.47862
1441407005.977168907 -0.061202 -1.51909
1441407005.987031729 -0.152839 -1.63772
1441407005.997344850 -0.226027 -1.69352
1441407006.007210074 -0.100844 -1.48862
1441407006.017079032 -0.199795 -1.44373
1441407006.027384197 -0.044979 -1.44968
1441407006.037259434 -0.010336 -1.35008
1441407006.047137861 -0.087347 -1.45266
1441407006.056968210 -0.208639 -1.49373
1441407006.067290137 0.012684 -1.37869
1441407006.077196415 -0.097734 -1.51327
1441407006.087055604 -0.010453 -1.53864
1441407006.097342127 -0.066829 -1.51106
1441407006.107211888 -0.086561 -1.52045
1441407006.117088167 -0.08467 -1.58164
1441407006.127405872 -0.100147 -1.63404
1441407006.137233867 -0.172935 -1.63261
1441407006.147099702 -0.047858 -1.55516
126
1441407002.349019600 494.1 33.6 21 0.926 0 0 0.378
1441407002.374383934 688.5 -19.4 21 0.926 0 0 0.378
1441407002.404087795 688.5 -19.4 21 0.926 0 0 0.378
1441407002.434926832 688.5 -19.4 21 0.926 0 0 0.378
1441407002.464587006 688.5 -19.4 21 0.926 0 0 0.378
1441407002.494295391 688.5 -19.5 21 0.926 0 0 0.377
1441407002.524842954 688.5 -19.5 21 0.926 0 0 0.377
1441407002.551533421 688.5 -19.5 21 0.927 0 0 0.376
1441407002.584739861 688.5 -19.4 21 0.927 0 0 0.376
1441407002.614696055 688.5 -19.4 21 0.927 0 0 0.375
1441407002.644730897 688.5 -19.4 21 0.927 0 0 0.374
1441407002.674680832 688.5 -19.4 21 0.928 0 0 0.374
1441407002.707721488 688.6 -19.4 21 0.928 0 0 0.373
1441407002.734501929 688.6 -19.4 21 0.928 0 0 0.373
1441407002.764512966 688.6 -19.3 21 0.928 0 0 0.372
1441407002.794497367 688.6 -19.4 21 0.929 0 0 0.371
1441407002.824507288 688.6 -19.4 21 0.929 0 0 0.371
1441407002.854273216 688.6 -19.4 21 0.929 0 0 0.37
1441407002.887245754 688.6 -19.4 21 0.929 0 0 0.37
1441407002.914776410 688.6 -19.3 21 0.929 0 0 0.369
1441407002.947789444 688.6 -19.3 21 0.93 0 0 0.368
1441407002.977384262 688.6 -19.4 21 0.93 0 0 0.368
1441407003.007934992 688.6 -19.4 21 0.93 0 0 0.367
1441407003.036935052 688.6 -19.4 21 0.93 0 0 0.366
1441407003.067903916 688.6 -19.4 21 0.931 0 0 0.366
1441407003.097770873 688.6 -19.4 21 0.931 0 0 0.365
1441407003.127702605 688.5 -19.4 21 0.931 0 0 0.365
1441407003.157607568 688.6 -19.4 21 0.931 0 0 0.364
1441407003.190474070 688.6 -19.4 21 0.932 0 0 0.363
1441407003.217803496 688.6 -19.4 21 0.932 0 0 0.363
1441407003.250830198 688.6 -19.4 21 0.932 0 0 0.362
1441407003.277510747 688.6 -19.4 21 0.932 0 0 0.361
1441407003.310756418 688.6 -19.4 21 0.933 0 0 0.361
1441407003.337526701 688.6 -19.3 21 0.933 0 0 0.36
1441407003.370466944 688.6 -19.4 21 0.933 0 0 0.36
1441407003.397210417 688.6 -19.4 21 0.933 0 0 0.359
1441407003.430185095 688.6 -19.4 21 0.934 0 0 0.358
1441407003.460998751 688.6 -19.4 21 0.934 0 0 0.358
1441407003.490739443 688.6 -19.4 21 0.934 0 0 0.357
1441407003.520720374 688.6 -19.4 21 0.934 0 0 0.357
1441407003.550598812 688.6 -19.4 21 0.935 0 0 0.356
1441407003.580544515 688.6 -19.3 21 0.935 0 0 0.355
1441407003.613474845 688.5 -19.3 21 0.935 0 0 0.355
1441407003.640056595 688.6 -19.3 21 0.935 0 0 0.354
1441407003.670866469 688.5 -19.4 21 0.935 0 0 0.354
1441407003.700572752 688.6 -19.4 21 0.936 0 0 0.353
1441407003.733504427 688.6 -19.4 21 0.936 0 0 0.352
1441407003.760053004 688.6 -19.4 21 0.936 0 0 0.352
1441407003.793933833 688.6 -19.4 21 0.936 0 0 0.351
1441407003.820447921 688.6 -19.4 21 0.937 0 0 0.35
1441407003.853328902 688.6 -19.4 21 0.937 0 0 0.35
1441407003.880767210 688.6 -19.4 21 0.937 0 0 0.349
1441407003.913631528 688.6 -19.4 21 0.937 0 0 0.349
1441407003.943412580 688.6 -19.4 21 0.938 0 0 0.348
1441407003.972878458 688.6 -19.4 21 0.938 0 0 0.347
1441407004.003486181 688.6 -19.4 21 0.938 0 0 0.347
1441407004.036435028 688.6 -19.4 21 0.938 0 0 0.346
1441407004.063930104 688.6 -19.4 21 0.938 0 0 0.345
1441407004.096840993 688.6 -19.4 21 0.939 0 0 0.345
1441407004.126903481 688.6 -19.4 21 0.939 0 0 0.344
1441407004.159521546 688.6 -19.4 21 0.939 0 0 0.344
1441407004.187005896 688.6 -19.4 21 0.939 0 0 0.343
1441407004.219060791 688.6 -19.4 21 0.94 0 0 0.342
1441407004.246621983 688.6 -19.4 21 0.94 0 0 0.342
1441407004.279468037 688.6 -19.4 21 0.94 0 0 0.341
1441407004.309130228 688.6 -19.4 21 0.94 0 0 0.34
1441407004.339744701 688.6 -19.4 21 0.941 0 0 0.34
1441407004.369500193 688.6 -19.4 21 0.941 0 0 0.339
1441407004.402343474 688.6 -19.4 21 0.941 0 0 0.339
1441407004.432088525 688.6 -19.4 21 0.941 0 0 0.338
1441407004.462932150 688.6 -19.4 21 0.941 0 0 0.337
1441407004.492806078 688.6 -19.4 21 0.942 0 0 0.337
1441407004.522658666 688.6 -19.4 21 0.942 0 0 0.336
1441407004.552655949 688.6 -19.4 21 0.942 0 0 0.335
1441407004.585458776 688.6 -19.4 21 0.942 0 0 0.335
1441407004.612849857 688.6 -19.4 21 0.943 0 0 0.334
1441407004.645805184 688.6 -19.4 21 0.943 0 0 0.334
1441407004.672389200 688.6 -19.4 21 0.943 0 0 0.333
1441407004.705220812 688.6 -19.4 21 0.943 0 0 0.332
1441407004.732837784 688.6 -19.4 21 0.943 0 0 0.332
1441407004.765772643 688.6 -19.4 21 0.944 0 0 0.331
1441407004.792413205 688.6 -19.4 21 0.944 0 0 0.33
1441407004.825287578 688.6 -19.4 21 0.944 0 0 0.33
1441407004.852701573 688.6 -19.4 21 0.944 0 0 0.329
1441407004.885682843 688.6 -19.4 21 0.944 0 0 0.329
1441407004.915413253 688.6 -19.4 21 0.945 0 0 0.328
1441407004.948270251 688.6 -19.4 21 0.945 0 0 0.327
1441407004.975020820 688.6 -19.4 21 0.945 0 0 0.327
1441407005.005697801 688.6 -19.4 21 0.945 0 0 0.326
1441407005.035424897 688.6 -19.4 21 0.946 0 0 0.326
1441407005.071644845 688.6 -19.4 21 0.946 0 0 0.325
1441407005.098292125 688.6 -19.4 21 0.946 0 0 0.324
1441407005.131215475 688.6 -19.4 21 0.946 0 0 0.324
1441407005.161204377 688.6 -19.4 21 0.946 0 0 0.323
1441407005.191778226 688.6 -19.4 21 0.947 0 0 0.322
1441407005.221450923 688.6 -19.4 21 0.947 0 0 0.322
1441407005.254327043 688.6 -19.4 21 0.947 0 0 0.321
1441407005.281905721 688.6 -19.4 21 0.947 0 0 0.32
1441407005.311582130 688.6 -19.4 21 0.947 0 0 0.32
1441407005.341262952 688.6 -19.4 21 0.948 0 0 0.319
1441407005.374167502 688.6 -19.4 21 0.948 0 0 0.319
1441407005.401960705 688.6 -19.4 21 0.948 0 0 0.318
1441407005.434726491 688.6 -19.4 21 0.948 0 0 0.317
1441407005.464631472 688.6 -19.4 21 0.949 0 0 0.317
1441407005.494524338 688.6 -19.4 21 0.949 0 0 0.316
1441407005.524544380 688.6 -19.4 21 0.949 0 0 0.315
1441407005.557593236 688.6 -19.4 21 0.949 0 0 0.315
1441407005.584378885 688.6 -19.4 21 0.949 0 0 0.314
1441407005.617433398 688.6 -19.4 21 0.95 0 0 0.314
1441407005.647245601 688.6 -19.4 21 0.95 0 0 0.313
1441407005.676957134 688.6 -19.4 21 0.95 0 0 0.312
1441407005.704726587 688.6 -19.4 21 0.95 0 0 0.312
1441407005.737762868 688.6 -19.4 21 0.95 0 0 0.311
1441407005.764346862 688.6 -19.4 21 0.951 0 0 0.31
1441407005.797284888 688.6 -19.4 21 0.951 0 0 0.31
1441407005.824702227 688.6 -19.4 21 0.951 0 0 0.309
1441407005.857602631 688.6 -19.4 21 0.951 0 0 0.309
1441407005.887386908 688.6 -19.4 21 0.951 0 0 0.308
1441407005.920138087 688.6 -19.4 21 0.952 0 0 0.307
1441407005.947562295 688.6 -19.4 21 0.952 0 0 0.307
1441407005.980413195 688.6 -19.4 21 0.952 0 0 0.306
1441407006.007908115 688.6 -19.4 21 0.952 0 0 0.305
1441407006.040799731 688.6 -19.4 21 0.952 0 0 0.305
1441407006.070449570 688.6 -19.4 21 0.953 0 0 0.304
1441407006.100079011 688.6 -19.4 21 0.953 0 0 0.303
1441407006.127544037 688.6 -19.4 21 0.953 0 0 0.303
554.405 29.1954 8.27458 0.978698 0.00610023 -0.000714345 0.205216
553.504 -35.9609 8.67114 0.930108 0.00139157 -0.00378355 0.367264
378
1441407038.229783489 -3.12778 -3.14041
1441407038.237172028 -3.12579 -3.14037
1441407038.247091285 -3.12577 -3.14046
1441407038.257378119 -3.12763 -3.14168
1441407038.267273366 -3.12509 -3.14189
1441407038.277146076 -3.1257 -3.13048
1441407038.286992025 -3.1312 -3.13752
1441407038.297320895 -3.12976 -3.14384
1441407038.307190597 -3.1265 -3.12886
1441407038.317075749 -3.12827 -3.17042
1441407038.327360111 -3.11562 -3.1213
1441407038.337226967 -3.13176 -3.11599
1441407038.347085276 -3.12206 -3.12349
1441407038.356967303 -3.12954 -3.13488
1441407038.367282426 -3.12222 -3.13444
1441407038.377099722 -3.12793 -3.13477
1441407038.387025352 -3.11917 -3.13167
1441407038.397313926 -3.1253 -3.12628
1441407038.407136936 -3.12027 -3.13463
1441407038.417050888 -3.12163 -3.14159
1441407038.427372055 -3.12309 -3.13296
1441407038.437236227 -3.12415 -3.13905
1441407038.447110055 -3.12582 -3.13937
1441407038.456973788 -3.12562 -3.13376
1441407038.467231546 -2.50609 -2.19433
1441407038.477156235 -0.389249 0.756845
1441407038.487025479 -0.589375 1.89492
1441407038.497300730 -1.3011 0.644341
1441407038.507199685 -0.610843 0.654684
1441407038.517061379 -0.552399 0.260692
1441407038.527349594 -0.676045 0.188711
1441407038.537225772 -0.331117 0.232234
1441407038.547117055 -0.397915 0.164274
1441407038.556981326 -0.564472 0.304218
1441407038.567263567 -0.577266 0.41698
1441407038.577162595 -0.719545 0.434288
1441407038.587055087 -0.732436 0.332026
1441407038.597320371 -0.638122 0.172383
1441407038.607209619 -0.657888 0.002952
1441407038.617052518 -0.475273 0.214177
1441407038.627364571 -0.750596 0.193519
1441407038.637254645 -0.824314 0.063055
1441407038.647104719 -0.883077 0.083839
1441407038.656978987 -0.760175 0.074045
1441407038.667287641 -0.718126 0.070517
1441407038.677171826 -0.605036 0.026122
1441407038.687089794 -0.724854 -0.043165
1441407038.697355893 -0.753866 -0.042498
1441407038.707198562 -0.764016 0.04462
1441407038.717073780 -0.985065 0.003963
1441407038.727392414 -1.00063 0.02971
1441407038.737243877 -0.870674 0.270493
1441407038.747101225 -0.809121 0.151511
1441407038.757004586 -0.818788 0.131092
1441407038.767277928 -0.756401 -0.095852
1441407038.777150241 -0.596574 0.038559
1441407038.787049671 -0.884511 -0.052736
1441407038.797331088 -0.810095 0.080512
1441407038.807205006 -0.78592 0.12095
1441407038.817079453 -0.839242 0.109836
1441407038.827377992 -0.825117 -0.014987
1441407038.837253263 -0.786589 -0.009243
1441407038.847136896 -0.825703 -0.071113
1441407038.856990318 -0.834758 0.082136
1441407038.867292679 -0.997475 0.095086
1441407038.877182510 -1.06126 0.149478
1441407038.887036874 -0.968758 0.009066
1441407038.897363860 -0.743243 0.171759
1441407038.907229948 -1.03431 -0.182904
1441407038.917082633 -0.819921 0.052082
1441407038.926953123 -0.732867 0.132888
1441407038.937274126 -0.871921 0.006885
1441407038.947126654 -0.852119 0.181376
1441407038.957026619 -0.967567 0.174121
1441407038.967321888 -0.885969 0.118321
1441407038.977170024 -0.813596 -0.012826
1441407038.987042005 -0.846902 -0.057187
1441407038.997363312 -0.74439 -0.135074
1441407039.007225679 -0.820392 -0.200074
1441407039.017096169 -0.78924 0.014787
1441407039.026967909 -0.934189 0.013429
1441407039.037261712 -1.09339 -0.155043
1441407039.047132330 -0.885661 -0.229145
1441407039.057027863 -0.815907 -0.12213
1441407039.067307094 -0.884452 -0.077624
1441407039.077176689 -0.888509 -0.082965
1441407039.087068604 -0.929052 -0.016594
1441407039.097318164 -0.936347 0.02533
1441407039.107194125 -0.972218 0.080823
1441407039.117065432 -1.03187 -0.074221
1441407039.126942103 -0.901928 0.120526
1441407039.137265685 -0.986515 0.038951
1441407039.147113855 -0.898263 0.013456
1441407039.156996738 -0.909022 -0.044114
1441407039.167305514 -0.860066 -0.040537
1441407039.177181152 -0.868515 0.004539
1441407039.187052085 -0.857142 0.109126
1441407039.197356024 -0.821676 -0.002093
1441407039.207246498 -0.898791 -0.070787
1441407039.217099899 -0.826239 -0.134185
1441407039.226972907 -0.873823 -0.19545
1441407039.237296472 -0.766365 -0.13402
1441407039.247154862 -0.673545 -0.166125
1441407039.257039777 -0.747408 -0.096738
1441407039.267265983 -0.850709 -0.120077
1441407039.277216996 -0.965297 -0.068217
1441407039.287086187 -0.934211 0.015635
1441407039.297369019 -0.920831 0.022892
1441407039.307263870 -0.843034 -0.015285
1441407039.317135145 -0.744362 0.015019
1441407039.326992815 -0.905124 -0.237339
1441407039.337307918 -0.782663 -0.177347
1441407039.347180029 -0.858863 -0.109692
1441407039.357023337 -0.976528 -0.113437
1441407039.367355559 -0.91634 0.071339
1441407039.377224587 -0.982846 0.035131
1441407039.387091141 -1.17161 -0.078198
1441407039.397402016 -1.05012 -0.158308
1441407039.407272566 -0.931673 -0.04865
1441407039.417144640 -0.872061 -0.017209
1441407039.427019498 -0.856097 0.080795
1441407039.437315854 -1.05163 -0.02507
1441407039.447187598 -1.19994 -0.135741
1441407039.457064257 -0.99658 0.096733
1441407039.467362441 -1.08236 0.049495
1441407039.477241694 -1.04751 0.007947
1441407039.487164767 -0.929874 0.001412
1441407039.496974311 -0.900167 -0.009026
1441407039.507287567 -0.808588 0.144196
1441407039.517161268 -0.877284 0.191829
1441407039.527031594 -0.866179 0.170017
1441407039.537333541 -0.991794 0.047172
1441407039.547186041 -0.979542 -0.003911
1441407039.557078241 -1.01975 0.077584
1441407039.567381080 -0.96236 -0.081695
1441407039.577292897 -0.909795 -0.076048
1441407039.587127358 -0.968676 -0.141087
1441407039.597000703 -1.01725 0.049315
1441407039.607305029 -1.21476 -0.046527
1441407039.617174286 -1.13471 -0.052932
1441407039.627075893 -1.08417 -0.079517
1441407039.637350289 -0.979034 -0.036182
1441407039.647221963 -1.05676 -0.056314
1441407039.657095913 -1.03537 -0.151924
1441407039.667406163 -0.905288 0.114592
1441407039.677267857 -0.969681 0.086415
1441407039.687144883 -1.08584 0.006049
1441407039.697030235 -1.03654 -0.004099
1441407039.707320975 -0.974486 -0.013468
1441407039.717195715 -1.0093 -0.042997
1441407039.727074001 -0.844723 -0.011844
1441407039.737336681 -0.854154 -0.11848
1441407039.747240735 -0.872957 -0.215808
1441407039.757128525 -0.914436 -0.204593
1441407039.766989574 -1.13625 -0.308298
1441407039.777286476 -0.984838 -0.115257
1441407039.787183177 -0.830782 -0.122326
1441407039.797030644 -0.902864 -0.175067
1441407039.807335940 -0.863236 -0.288403
1441407039.817204663 -0.855609 -0.260265
1441407039.827078612 -0.913675 -0.31391
1441407039.837379625 -0.979414 -0.160904
1441407039.847250705 -1.08778 -0.047573
1441407039.857123397 -1.13389 -0.159146
1441407039.866998059 -1.04698 -0.213849
1441407039.877296122 -1.0881 -0.238299
1441407039.887165646 -1.04554 -0.072661
1441407039.897045764 -0.948462 0.044536
1441407039.907345444 -0.981268 0.072219
1441407039.917217436 -1.06697 -0.141722
1441407039.927091719 -0.983036 -0.016396
1441407039.937391751 -1.0523 -0.172642
1441407039.947266295 -1.00937 -0.122504
1441407039.957098762 -1.01227 -0.084076
1441407039.966968797 -1.10414 -0.104263
1441407039.977310128 -1.03736 -0.06754
1441407039.987182687 -0.965558 -0.130536
1441407039.997058912 -0.928192 -0.022722
1441407040.007378940 -0.990688 0.024786
1441407040.017229526 -1.24563 -0.150723
1441407040.027094377 -1.09503 0.025623
1441407040.036937167 -1.07014 -0.018137
1441407040.047276142 -1.06924 0.04242
1441407040.057149912 -1.08044 -0.06195
1441407040.067032390 -1.07514 -0.096541
1441407040.077317557 -0.854205 0.007118
1441407040.087155973 -1.09894 -0.071611
1441407040.097053289 -1.08577 0.102274
1441407040.107372796 -1.00066 0.133842
1441407040.117242741 -0.991552 0.023112
1441407040.127108973 -0.956485 0.034291
1441407040.136992484 -0.920034 0.046833
1441407040.147292400 -0.862691 0.003912
1441407040.157171073 -0.815446 -0.114733
1441407040.167043202 -0.910393 -0.122224
1441407040.177335539 -0.825309 0.071625
1441407040.187216030 -1.06381 -0.032051
1441407040.197062458 -1.00843 -0.098226
1441407040.207384101 -0.91635 -0.163825
1441407040.217264460 -0.790676 -0.120411
1441407040.227100076 -0.798147 -0.180622
1441407040.236996172 -0.776113 -0.225705
1441407040.247316027 -0.816243 -0.218196
1441407040.257180407 -0.929911 -0.176645
1441407040.267078708 -0.833662 -0.061312
1441407040.277348554 -0.92848 -0.096711
1441407040.287213380 -0.935828 -0.116964
1441407040.297093753 -0.948902 -0.27733
1441407040.306952516 -0.84692 -0.170545
1441407040.317269081 -0.81719 -0.205557
1441407040.327119808 -0.740672 -0.170128
1441407040.337011105 -0.837996 -0.230871
1441407040.347312834 -0.862407 -0.130258
1441407040.357212470 -1.0516 -0.198375
1441407040.367053990 -1.03968 -0.295691
1441407040.377359013 -0.96675 -0.207805
1441407040.387238794 -0.94391 -0.206294
1441407040.397100137 -0.881808 -0.313791
1441407040.407405380 -0.888456 -0.301257
1441407040.417276212 -1.01886 -0.384404
1441407040.427140055 -0.980178 -0.295739
1441407040.437021191 -1.03585 -0.142924
1441407040.447285789 -1.06378 -0.098285
1441407040.457144452 -1.10166 -0.078607
1441407040.467025448 -1.12749 -0.111518
1441407040.477322532 -1.14927 -0.12656
1441407040.487193312 -1.04603 -0.180897
1441407040.497112934 -0.929593 -0.242487
1441407040.506941652 -0.933866 -0.244609
1441407040.517274379 -0.801849 -0.137153
1441407040.527146949 -0.979624 -0.137972
1441407040.537018497 -0.9244 -0.180307
1441407040.547336245 -0.84809 -0.292813
1441407040.557202884 -0.945151 -0.369426
1441407040.567028651 -0.95196 -0.376809
1441407040.577369361 -0.929847 -0.294665
1441407040.587200199 -0.927903 -0.266588
1441407040.597137304 -0.99601 -0.246732
1441407040.606991024 -1.0759 -0.203519
1441407040.617320118 -1.16191 -0.173669
1441407040.627141524 -1.08775 -0.238133
1441407040.637043125 -1.12715 -0.370924
1441407040.647342770 -1.11251 -0.333466
1441407040.657217526 -0.978311 -0.209123
1441407040.667089933 -0.993076 -0.36187
1441407040.677347545 -0.997031 -0.292219
1441407040.687228195 -1.03635 -0.15038
1441407040.697117360 -1.14724 -0.136874
1441407040.706949148 -1.16763 -0.219094
1441407040.717308666 -0.945147 -0.157235
1441407040.727177188 -0.971409 -0.15358
1441407040.737008381 -0.907207 -0.181632
1441407040.747357761 -1.02066 -0.237387
1441407040.757218913 -0.944505 -0.26754
1441407040.767101223 -0.857168 -0.257044
1441407040.777402823 -0.917324 -0.243846
1441407040.787272332 -1.04154 -0.119859
1441407040.797142814 -1.16137 -0.213578
1441407040.807017987 -1.00439 -0.150049
1441407040.817317902 -0.926775 -0.210175
1441407040.827187295 -0.909228 -0.265742
1441407040.837060242 -0.857429 -0.295697
1441407040.847365550 -0.872566 -0.251347
1441407040.857209966 -0.877164 -0.200923
1441407040.867099953 -1.02687 -0.256633
1441407040.876960584 -1.02329 -0.099925
1441407040.887276719 -1.02581 -0.0726
1441407040.897147724 -0.973113 -0.096331
1441407040.907018622 -1.01087 -0.161022
1441407040.917320552 -0.94421 -0.13221
1441407040.927176496 -0.972587 -0.218625
1441407040.937066407 -0.889604 -0.170094
1441407040.947349500 -0.739349 -0.128322
1441407040.957241953 -0.893781 -0.14586
1441407040.967109256 -0.939631 -0.209159
1441407040.976917908 -0.877344 -0.092061
1441407040.987236295 -1.07596 -0.126693
1441407040.997152474 -0.841417 -0.113292
1441407041.007017140 -0.824038 -0.222668
1441407041.017339183 -0.928397 -0.389828
1441407041.027198877 -0.8148 -0.294956
1441407041.037070519 -0.828634 -0.180203
1441407041.047373679 -1.03809 -0.251998
1441407041.057246068 -0.978642 -0.161163
1441407041.067099078 -0.954071 -0.255407
1441407041.076991659 -1.02136 -0.313122
1441407041.087292887 -0.890529 -0.248893
1441407041.097161722 -0.910466 -0.2604
1441407041.107036268 -0.944432 -0.30732
1441407041.117334970 -0.881731 -0.246164
1441407041.127207383 -0.975187 -0.171201
1441407041.137077434 -1.00436 -0.114207
1441407041.147381237 -0.952893 -0.118614
1441407041.157251430 -1.00717 -0.137724
1441407041.167133280 -0.999599 -0.170559
1441407041.176993056 -0.830349 -0.128776
1441407041.187294536 -0.993334 -0.264557
1441407041.197166029 -0.877352 -0.175404
1441407041.207016646 -0.793171 -0.192185
1441407041.217339541 -0.908822 -0.15773
1441407041.227210133 -1.03654 -0.124039
1441407041.237079476 -1.10888 -0.044398
1441407041.247383113 -1.08383 -0.167094
1441407041.257234288 -1.05358 -0.174764
1441407041.267101911 -1.02333 -0.300694
1441407041.276996305 -0.885063 -0.202812
1441407041.287296231 -0.938223 -0.29293
1441407041.297170393 -1.04816 -0.354657
1441407041.307035784 -1.00777 -0.341044
1441407041.317343002 -1.00887 -0.207732
1441407041.327220708 -1.19013 -0.197713
1441407041.337084259 -1.19462 -0.282034
1441407041.347358734 -1.06471 -0.17191
1441407041.357247041 -0.928224 -0.163229
1441407041.367128478 -0.855777 -0.305798
1441407041.377001617 -0.946458 -0.460126
1441407041.387309581 -0.787958 -0.31674
1441407041.397173037 -0.81085 -0.189196
1441407041.407056514 -1.06692 -0.269857
1441407041.417356645 -1.00986 -0.359707
1441407041.427220067 -0.98305 -0.309943
1441407041.437092636 -1.01934 -0.379991
1441407041.447399823 -0.977189 -0.364161
1441407041.457256209 -0.855806 -0.297581
1441407041.467137862 -0.919892 -0.35668
1441407041.477032787 -0.854822 -0.381358
1441407041.487312246 -0.938025 -0.181609
1441407041.497218416 -1.09761 -0.217827
1441407041.507053751 -1.07204 -0.245561
1441407041.517357072 -0.970527 -0.126015
1441407041.527224356 -1.15182 -0.318535
1441407041.537098156 -0.979374 -0.214359
1441407041.547399676 -1.05808 -0.215463
1441407041.557270764 -1.09562 -0.206004
1441407041.567131405 -0.891776 -0.057069
1441407041.577017994 -1.0005 -0.098202
1441407041.587315924 -1.11647 -0.121144
1441407041.597186750 -0.979459 -0.203675
1441407041.607012778 -0.870086 -0.156278
1441407041.617330520 -0.851153 -0.244384
1441407041.627214205 -0.878221 -0.266118
1441407041.637136559 -0.919296 -0.356092
1441407041.647005491 -0.853458 -0.338925
1441407041.657254880 -0.79156 -0.222274
1441407041.667133856 -0.994643 -0.231763
1441407041.677070319 -0.956961 -0.113911
1441407041.687306892 -1.03656 -0.17369
1441407041.697224558 -0.931609 -0.223147
1441407041.707022751 -0.75671 -0.185783
1441407041.717394890 -0.912271 -0.2703
1441407041.727217222 -0.892818 -0.308289
1441407041.737149583 -0.716661 -0.169406
1441407041.747022269 -0.880864 -0.264463
1441407041.757265107 -1.05454 -0.15432
1441407041.767144240 -1.06185 0.011587
1441407041.777063279 -1.1408 -0.062058
1441407041.787274824 -0.851904 -0.034829
1441407041.797205504 -0.772576 -0.11252
1441407041.807077962 -0.793147 -0.227695
1441407041.817383543 -0.824784 -0.232707
1441407041.827248716 -0.724829 -0.231126
1441407041.837115762 -0.647399 -0.06888
1441407041.846983081 -0.826659 -0.185686
1441407041.857309673 -0.893464 -0.067873
1441407041.867168728 -0.773251 -0.115156
1441407041.877051132 -0.872894 -0.062887
1441407041.887343077 -0.82249 -0.174098
1441407041.897211274 -0.878084 -0.274015
1441407041.907074451 -0.811639 -0.175305
1441407041.917384266 -0.67379 -0.141624
1441407041.927256965 -0.859848 -0.304254
1441407041.937128270 -0.733491 -0.053323
1441407041.946955820 -0.931457 -0.228449
1441407041.957253382 -0.955676 -0.258924
1441407041.967164130 -0.84381 -0.215541
1441407041.977033501 -0.875591 -0.373422
1441407041.987349187 -0.877021 -0.395807
1441407041.997196981 -0.909279 -0.281972
127
1441407038.229783587 593 128 20.8 0.564 0 0 -0.826
1441407038.237015892 741.2 -6.6 20.8 0.564 0 0 -0.826
1441407038.263631991 741.2 -6.6 20.8 0.564 0 0 -0.826
1441407038.293266447 741.2 -6.6 20.8 0.564 0 0 -0.826
1441407038.323901435 741.2 -6.6 20.8 0.564 0 0 -0.826
1441407038.350537855 741.1 -6.6 20.8 0.564 0 0 -0.826
1441407038.383534148 741.1 -6.6 20.7 0.565 0 0 -0.825
1441407038.410237978 741.1 -6.6 20.7 0.565 0 0 -0.825
1441407038.442944531 741.1 -6.5 20.8 0.566 0 0 -0.825
1441407038.470708829 741.2 -6.6 20.8 0.566 0 0 -0.824
1441407038.503931675 741.2 -6.6 20.8 0.567 0 0 -0.824
1441407038.530610007 741.2 -6.6 20.8 0.567 0 0 -0.823
1441407038.563675566 741.2 -6.6 20.8 0.568 0 0 -0.823
1441407038.590274538 741.1 -6.6 20.8 0.568 0 0 -0.823
1441407038.623137735 741.2 -6.6 20.8 0.569 0 0 -0.822
1441407038.653749350 741.2 -6.6 20.8 0.57 0 0 -0.822
1441407038.683508399 741.2 -6.6 20.8 0.57 0 0 -0.822
1441407038.713259834 741.2 -6.6 20.8 0.571 0 0 -0.821
1441407038.743887501 741.2 -6.6 20.8 0.571 0 0 -0.821
1441407038.773497135 741.2 -6.6 20.8 0.572 0 0 -0.82
1441407038.803256214 741.2 -6.6 20.8 0.572 0 0 -0.82
1441407038.830882358 741.2 -6.6 20.8 0.573 0 0 -0.82
1441407038.863594618 741.2 -6.6 20.8 0.573 0 0 -0.819
1441407038.893316260 741.2 -6.6 20.8 0.574 0 0 -0.819
1441407038.926104398 741.2 -6.6 20.8 0.574 0 0 -0.819
1441407038.953622553 741.2 -6.6 20.8 0.575 0 0 -0.818
1441407038.983255361 741.2 -6.6 20.8 0.575 0 0 -0.818
1441407039.012938886 741.2 -6.6 20.8 0.576 0 0 -0.817
1441407039.043691216 741.2 -6.6 20.8 0.576 0 0 -0.817
1441407039.073287802 741.2 -6.6 20.8 0.577 0 0 -0.817
1441407039.102957553 741.2 -6.6 20.8 0.578 0 0 -0.816
1441407039.133880088 741.1 -6.6 20.8 0.578 0 0 -0.816
1441407039.163596284 741.1 -6.6 20.8 0.579 0 0 -0.816
1441407039.193219693 741.1 -6.6 20.8 0.579 0 0 -0.815
1441407039.222917917 741.1 -6.6 20.8 0.58 0 0 -0.815
1441407039.250432766 741.2 -6.6 20.8 0.58 0 0 -0.814
1441407039.283346079 741.2 -6.6 20.8 0.581 0 0 -0.814
1441407039.313342013 741.2 -6.6 20.8 0.581 0 0 -0.814
1441407039.342938615 741.2 -6.6 20.8 0.582 0 0 -0.813
1441407039.373562945 741.2 -6.6 20.8 0.582 0 0 -0.813
1441407039.403228973 741.2 -6.6 20.8 0.583 0 0 -0.813
1441407039.430774780 741.2 -6.6 20.8 0.583 0 0 -0.812
1441407039.463774209 741.2 -6.6 20.8 0.584 0 0 -0.812
1441407039.490341310 741.1 -6.6 20.8 0.584 0 0 -0.811
1441407039.523126267 741.2 -6.6 20.8 0.585 0 0 -0.811
1441407039.553969894 741.2 -6.6 20.8 0.586 0 0 -0.811
1441407039.586822866 741.2 -6.6 20.8 0.586 0 0 -0.81
1441407039.613284473 741.2 -6.6 20.8 0.587 0 0 -0.81
1441407039.646146343 741.1 -6.6 20.8 0.587 0 0 -0.809
1441407039.673626287 741.1 -6.6 20.8 0.588 0 0 -0.809
1441407039.703390055 741.1 -6.6 20.8 0.588 0 0 -0.809
1441407039.733088403 741.1 -6.6 20.8 0.589 0 0 -0.808
1441407039.763856680 741.2 -6.6 20.8 0.589 0 0 -0.808
1441407039.793541818 741.2 -6.6 20.8 0.59 0 0 -0.808
1441407039.826364039 741.2 -6.6 20.8 0.59 0 0 -0.807
1441407039.853928502 741.2 -6.6 20.8 0.591 0 0 -0.807
1441407039.886739233 741.2 -6.6 20.8 0.591 0 0 -0.806
1441407039.916431749 741.2 -6.6 20.8 0.592 0 0 -0.806
1441407039.946224265 741.1 -6.6 20.8 0.592 0 0 -0.806
1441407039.973747753 741.2 -6.6 20.8 0.593 0 0 -0.805
1441407040.006780306 741.2 -6.6 20.8 0.593 0 0 -0.805
1441407040.036392239 741.1 -6.6 20.8 0.594 0 0 -0.804
1441407040.066082970 741.1 -6.6 20.8 0.595 0 0 -0.804
1441407040.096742333 741.1 -6.6 20.8 0.595 0 0 -0.804
1441407040.126421390 741.1 -6.6 20.8 0.596 0 0 -0.803
1441407040.153267485 741.1 -6.6 20.8 0.596 0 0 -0.803
1441407040.186401713 741.1 -6.6 20.8 0.597 0 0 -0.802
1441407040.213094030 741.1 -6.6 20.8 0.597 0 0 -0.802
1441407040.245899954 741.2 -6.6 20.8 0.598 0 0 -0.802
1441407040.276666302 741.2 -6.6 20.8 0.598 0 0 -0.801
1441407040.306467124 741.2 -6.6 20.8 0.599 0 0 -0.801
1441407040.336051669 741.2 -6.6 20.8 0.599 0 0 -0.8
1441407040.369795288 741.2 -6.6 20.8 0.6 0 0 -0.8
1441407040.396299645 741.2 -6.6 20.8 0.6 0 0 -0.8
1441407040.429134762 741.2 -6.6 20.8 0.601 0 0 -0.799
1441407040.456766935 741.1 -6.6 20.8 0.601 0 0 -0.799
1441407040.489451586 741.1 -6.6 20.8 0.602 0 0 -0.799
1441407040.516986670 741.1 -6.6 20.8 0.603 0 0 -0.798
1441407040.549130255 741.1 -6.6 20.8 0.603 0 0 -0.798
1441407040.576710562 741.1 -6.6 20.8 0.604 0 0 -0.797
1441407040.606626783 741.1 -6.6 20.8 0.604 0 0 -0.797
1441407040.636254385 741.1 -6.6 20.8 0.605 0 0 -0.797
1441407040.669241535 741.1 -6.6 20.8 0.605 0 0 -0.796
1441407040.696924099 741.1 -6.6 20.8 0.606 0 0 -0.796
1441407040.726716131 741.1 -6.6 20.8 0.606 0 0 -0.795
1441407040.759871700 741.1 -6.6 20.8 0.607 0 0 -0.795
1441407040.789665350 741.1 -6.6 20.8 0.607 0 0 -0.795
1441407040.819566386 741.1 -6.6 20.8 0.608 0 0 -0.794
1441407040.852447763 741.2 -6.6 20.8 0.608 0 0 -0.794
1441407040.879041491 741.2 -6.6 20.8 0.609 0 0 -0.793
1441407040.909778541 741.1 -6.6 20.8 0.609 0 0 -0.793
1441407040.939618611 741.1 -6.6 20.8 0.61 0 0 -0.793
1441407040.972510970 741.1 -6.6 20.8 0.61 0 0 -0.792
1441407040.999264311 741.1 -6.6 20.8 0.611 0 0 -0.792
1441407041.032258316 741.1 -6.6 20.8 0.611 0 0 -0.791
1441407041.059796820 741.1 -6.6 20.8 0.612 0 0 -0.791
1441407041.092678538 741.1 -6.6 20.8 0.612 0 0 -0.791
1441407041.122370056 741.1 -6.6 20.8 0.613 0 0 -0.79
1441407041.155411819 741.1 -6.6 20.8 0.613 0 0 -0.79
1441407041.182922354 741.1 -6.6 20.8 0.614 0 0 -0.789
1441407041.215919768 741.1 -6.6 20.8 0.615 0 0 -0.789
1441407041.242509616 741.1 -6.6 20.8 0.615 0 0 -0.788
1441407041.275285838 741.1 -6.6 20.8 0.616 0 0 -0.788
1441407041.302859723 741.1 -6.6 20.8 0.616 0 0 -0.788
1441407041.335697895 741.1 -6.6 20.8 0.617 0 0 -0.787
1441407041.365450353 741.1 -6.6 20.8 0.617 0 0 -0.787
1441407041.395327528 741.2 -6.6 20.8 0.618 0 0 -0.786
1441407041.424935848 741.2 -6.6 20.8 0.618 0 0 -0.786
1441407041.455748973 741.2 -6.6 20.8 0.619 0 0 -0.786
1441407041.485419365 741.2 -6.6 20.8 0.619 0 0 -0.785
1441407041.518284034 741.1 -6.6 20.8 0.62 0 0 -0.785
1441407041.545829947 741.1 -6.6 20.8 0.62 0 0 -0.784
1441407041.578566309 741.1 -6.6 20.8 0.621 0 0 -0.784
1441407041.605169200 741.1 -6.6 20.8 0.621 0 0 -0.784
1441407041.638917622 741.1 -6.6 20.8 0.622 0 0 -0.783
1441407041.665108327 741.1 -6.6 20.8 0.622 0 0 -0.783
1441407041.698092969 741.1 -6.6 20.8 0.623 0 0 -0.782
1441407041.725579132 741.1 -6.6 20.8 0.623 0 0 -0.782
1441407041.758473366 741.1 -6.6 20.8 0.624 0 0 -0.782
1441407041.784945535 741.1 -6.6 20.8 0.624 0 0 -0.781
1441407041.817907875 741.1 -6.6 20.8 0.625 0 0 -0.781
1441407041.845593150 741.1 -6.6 20.8 0.625 0 0 -0.78
1441407041.878421988 741.1 -6.6 20.8 0.626 0 0 -0.78
1441407041.908117752 741.1 -6.6 20.8 0.626 0 0 -0.779
1441407041.938826763 741.1 -6.6 20.8 0.627 0 0 -0.779
1441407041.968627286 741.1 -6.6 20.8 0.628 0 0 -0.779
1441407041.998473826 741.1 -6.6 20.8 0.628 0 0 -0.778
553.504 -35.9632 8.66591 0.930111 0.00140881 -0.00379574 0.367257
506.68 -84.3327 8.63998 0.97093 0.000481067 -0.00231503 0.239353
381
1441407077.210197796 -3.12587 -3.13701
1441407077.217027630 -3.12588 -3.13583
1441407077.227374880 -3.12743 -3.13273
1441407077.237239642 -3.12406 -3.13566
1441407077.247069024 -3.12851 -3.13224
1441407077.256962127 -3.1248 -3.13648
1441407077.267240093 -3.12755 -3.13273
1441407077.277112965 -3.12512 -3.13849
1441407077.287020166 -3.126 -3.13813
1441407077.297281767 -3.12467 -3.13537
1441407077.307181875 -3.12681 -3.1342
1441407077.317054900 -3.12677 -3.1365
1441407077.327363378 -3.12454 -3.13203
1441407077.337243113 -3.12577 -3.13481
1441407077.347107105 -3.12312 -3.12493
1441407077.356965279 -3.11447 -3.1332
1441407077.367243354 -3.11575 -3.12807
1441407077.377160416 -3.12035 -3.13211
1441407077.387023264 -3.11682 -3.13757
1441407077.397312181 -3.00036 -3.01837
1441407077.407198052 0.129002 0.109366
1441407077.417068864 -0.420024 0.836978
1441407077.427341038 -1.71916 -0.3384
1441407077.437242923 -1.12847 0.858053
1441407077.447065242 -1.09946 0.323017
1441407077.456982461 -1.53977 -0.294134
1441407077.467243087 -1.07145 0.524197
1441407077.477160648 -1.56999 -0.262602
1441407077.487025507 -1.62538 -0.166278
1441407077.497346539 -1.34799 0.403376
1441407077.507208745 -1.762 -0.05864
1441407077.517021001 -1.44144 0.343185
1441407077.527380331 -1.28003 0.34335
1441407077.537281636 -1.49388 -0.008697
1441407077.547126449 -1.37088 0.174573
1441407077.556998511 -1.43305 0.052639
1441407077.567259528 -1.54764 -0.023926
1441407077.577170719 -1.49914 0.126814
1441407077.587034715 -1.53485 -0.01076
1441407077.597335161 -1.5386 0.132254
1441407077.607241256 -1.44862 0.232882
1441407077.617087202 -1.61654 0.117007
1441407077.627388225 -1.5085 0.118417
1441407077.637268967 -1.4825 0.142995
1441407077.647117365 -1.62407 0.054297
1441407077.656999219 -1.53355 0.079215
1441407077.667285968 -1.5974 0.024267
1441407077.677155207 -1.60301 0.092439
1441407077.687067286 -1.5343 0.121225
1441407077.697385446 -1.59541 0.04565
1441407077.707219040 -1.58302 0.05964
1441407077.717087457 -1.59466 0.094494
1441407077.727387248 -1.68046 0.092837
1441407077.737271471 -1.62702 0.146124
1441407077.747133060 -1.68759 0.185127
1441407077.757001068 -1.65025 0.157065
1441407077.767280472 -1.60316 0.170253
1441407077.777171077 -1.65234 0.111599
1441407077.787043410 -1.62185 0.058934
1441407077.797349610 -1.6122 0.067371
1441407077.807217098 -1.66708 0.083833
1441407077.817091790 -1.64668 0.237668
1441407077.827398490 -1.51716 0.247236
1441407077.837261297 -1.56885 0.140279
1441407077.847135181 -1.5251 0.144139
1441407077.856999826 -1.58392 0.077075
1441407077.867272027 -1.64457 0.048636
1441407077.877173216 -1.63947 0.205861
1441407077.887052860 -1.68714 0.154809
1441407077.897357066 -1.6067 0.18747
1441407077.907216829 -1.56725 0.172238
1441407077.917096523 -1.62126 0.092653
1441407077.927391372 -1.56268 0.172831
1441407077.937261264 -1.61789 0.212437
1441407077.947141469 -1.65011 0.198199
1441407077.957002384 -1.66167 0.200382
1441407077.967266788 -1.65893 0.15736
1441407077.977125096 -1.62722 0.192166
1441407077.986956473 -1.61336 0.241462
1441407077.997334685 -1.69534 0.13175
1441407078.007249443 -1.69852 0.157122
1441407078.017078083 -1.65908 0.204703
1441407078.027401067 -1.73035 0.229449
1441407078.037265067 -1.75134 0.204558
1441407078.047165379 -1.66966 0.290303
1441407078.056997273 -1.64589 0.187059
1441407078.067292912 -1.664 0.125848
1441407078.077164025 -1.6485 0.193272
1441407078.087023841 -1.6336 0.18145
1441407078.097321872 -1.63252 0.233231
1441407078.107214983 -1.61163 0.137959
1441407078.117067184 -1.58312 0.249092
1441407078.127354680 -1.58036 0.170803
1441407078.137255809 -1.65838 0.139294
1441407078.147110762 -1.58657 0.206066
1441407078.156979958 -1.71883 0.115363
1441407078.167294417 -1.70169 0.221979
1441407078.177139529 -1.65182 0.288525
1441407078.187055542 -1.64891 0.23339
1441407078.197350199 -1.60865 0.248631
1441407078.207241693 -1.65656 0.129999
1441407078.217067016 -1.67438 0.180168
1441407078.227387548 -1.65248 0.250753
1441407078.237240261 -1.71205 0.21801
1441407078.247111565 -1.63854 0.31801
1441407078.257000113 -1.64742 0.231624
1441407078.267282169 -1.69229 0.155989
1441407078.277130580 -1.60067 0.264058
1441407078.287020667 -1.66623 0.255877
1441407078.297325020 -1.66588 0.251427
1441407078.307194898 -1.63366 0.271372
1441407078.317075664 -1.63479 0.193996
1441407078.327409558 -1.64926 0.247722
1441407078.337235600 -1.71814 0.139819
1441407078.347125532 -1.73284 0.220799
1441407078.356983067 -1.66047 0.337185
1441407078.367270229 -1.61056 0.289543
1441407078.377132664 -1.6536 0.253349
1441407078.387015726 -1.6732 0.221223
1441407078.397316952 -1.74174 0.121106
1441407078.407154006 -1.72862 0.181766
1441407078.417085407 -1.71305 0.20332
1441407078.427352116 -1.7452 0.204176
1441407078.437244543 -1.76021 0.237942
1441407078.447131398 -1.68629 0.345711
1441407078.456964755 -1.69765 0.338853
1441407078.467293237 -1.71012 0.252731
1441407078.477167456 -1.70483 0.234486
1441407078.487022076 -1.66295 0.200607
1441407078.497347223 -1.76571 0.247594
1441407078.507185244 -1.76506 0.178915
1441407078.517088510 -1.68861 0.234337
1441407078.527363531 -1.71135 0.229014
1441407078.537300345 -1.69044 0.198539
1441407078.547132694 -1.6831 0.256718
1441407078.556983425 -1.69113 0.23116
1441407078.567305094 -1.69493 0.269605
1441407078.577174335 -1.64652 0.239339
1441407078.587022081 -1.66024 0.20073
1441407078.597349034 -1.72482 0.221846
1441407078.607215097 -1.63755 0.25683
1441407078.617075789 -1.65507 0.262992
1441407078.627378653 -1.59425 0.320357
1441407078.637266625 -1.61776 0.230009
1441407078.647100850 -1.62497 0.199158
1441407078.657013798 -1.59117 0.209393
1441407078.667324420 -1.75501 0.197275
1441407078.677167690 -1.65474 0.18566
1441407078.687019775 -1.60057 0.312615
1441407078.697333507 -1.66406 0.284756
1441407078.707211427 -1.6221 0.355223
1441407078.717096387 -1.64335 0.347874
1441407078.726999739 -1.69948 0.306194
1441407078.737256968 -1.65131 0.382962
1441407078.747205993 -1.66827 0.296717
1441407078.757008010 -1.68661 0.289265
1441407078.767324020 -1.67274 0.312161
1441407078.777167431 -1.71375 0.300175
1441407078.787060095 -1.67036 0.369378
1441407078.797421547 -1.59767 0.379356
1441407078.807255635 -1.69415 0.302108
1441407078.817107854 -1.56849 0.360035
1441407078.826948888 -1.62294 0.355949
1441407078.837273449 -1.6318 0.295909
1441407078.847165640 -1.58897 0.326143
1441407078.857032892 -1.64457 0.329883
1441407078.867329283 -1.66236 0.363483
1441407078.877202900 -1.54008 0.304882
1441407078.887095593 -1.56434 0.341229
1441407078.897381245 -1.58661 0.423623
1441407078.907245605 -1.55355 0.394787
1441407078.917142661 -1.56945 0.28698
1441407078.926985501 -1.51821 0.39962
1441407078.937298933 -1.53059 0.336284
1441407078.947145935 -1.52547 0.25682
1441407078.957727620 -1.52183 0.361134
1441407078.967337744 -1.57407 0.271361
1441407078.977171710 -1.60306 0.266214
1441407078.987083173 -1.52695 0.398216
1441407078.997430353 -1.46776 0.404779
1441407079.007216621 -1.48041 0.383756
1441407079.017134029 -1.52923 0.254644
1441407079.026939774 -1.54147 0.313493
1441407079.037310318 -1.48402 0.34472
1441407079.047100656 -1.49868 0.402529
1441407079.057059366 -1.47108 0.470725
1441407079.067353137 -1.50432 0.369841
1441407079.077218385 -1.47355 0.35914
1441407079.087078899 -1.46478 0.229412
1441407079.096957984 -1.42133 0.330801
1441407079.107251096 -1.43269 0.341032
1441407079.117099779 -1.52386 0.323737
1441407079.126966758 -1.44308 0.454594
1441407079.137293253 -1.44172 0.367138
1441407079.147152497 -1.42587 0.274858
1441407079.157019707 -1.36171 0.332634
1441407079.167374236 -1.40339 0.2474
1441407079.177217283 -1.3922 0.310671
1441407079.187056209 -1.40873 0.257366
1441407079.197343418 -1.41576 0.24442
1441407079.207227578 -1.47138 0.214882
1441407079.217156262 -1.51613 0.30298
1441407079.226991808 -1.52094 0.243832
1441407079.237309262 -1.50283 0.242439
1441407079.247165170 -1.47811 0.310972
1441407079.257058504 -1.5286 0.308048
1441407079.267306747 -1.45897 0.38964
1441407079.277197934 -1.52004 0.333526
1441407079.287085189 -1.56944 0.261116
1441407079.297371105 -1.48097 0.411242
1441407079.307215584 -1.49306 0.3328
1441407079.317147107 -1.601 0.249894
1441407079.327019892 -1.51215 0.373519
1441407079.337281959 -1.50241 0.357837
1441407079.347168528 -1.49526 0.358897
1441407079.357028481 -1.46126 0.368234
1441407079.367303486 -1.52187 0.317358
1441407079.377219855 -1.52157 0.237238
1441407079.387063258 -1.48882 0.33492
1441407079.397897469 -1.50884 0.352266
1441407079.407292079 -1.48083 0.346037
1441407079.417163713 -1.48209 0.35251
1441407079.426980774 -1.51296 0.33667
1441407079.437329338 -1.37328 0.473876
1441407079.447137446 -1.40897 0.378076
1441407079.457066942 -1.38724 0.312222
1441407079.467353503 -1.38735 0.343903
1441407079.477271456 -1.5045 0.285157
1441407079.487077450 -1.51079 0.346555
1441407079.497360655 -1.49851 0.380683
1441407079.507297704 -1.42546 0.421362
1441407079.517152500 -1.39738 0.36263
1441407079.526963224 -1.44809 0.351693
1441407079.537338633 -1.40862 0.372828
1441407079.547212044 -1.41227 0.34854
1441407079.557081838 -1.46225 0.446517
1441407079.567343343 -1.36937 0.51189
1441407079.577194807 -1.40126 0.423328
1441407079.587096952 -1.37772 0.448738
1441407079.596965063 -1.39179 0.431899
1441407079.607242336 -1.42545 0.441466
1441407079.617784810 -1.34453 0.464616
1441407079.626965395 -1.40028 0.440573
1441407079.637305073 -1.40076 0.436908
1441407079.647189530 -1.36996 0.428493
1441407079.657061863 -1.40569 0.409483
1441407079.667345769 -1.37835 0.359491
1441407079.677190613 -1.30545 0.505823
1441407079.687142051 -1.26772 0.436355
1441407079.697374890 -1.27459 0.391698
1441407079.707316484 -1.23068 0.435125
1441407079.717106385 -1.2294 0.434852
1441407079.727010929 -1.15882 0.421533
1441407079.737326992 -1.19561 0.380884
1441407079.747226462 -1.29698 0.341291
1441407079.757052545 -1.46321 0.333943
1441407079.767325529 -1.42311 0.443016
1441407079.777225615 -1.4767 0.303868
1441407079.787082067 -1.4004 0.390688
1441407079.797014874 -1.40149 0.3054
1441407079.807264102 -1.37884 0.271442
1441407079.817123735 -1.417 0.374052
1441407079.827000261 -1.38957 0.298371
1441407079.837292740 -1.40511 0.276256
1441407079.847167056 -1.43486 0.344539
1441407079.857019572 -1.42786 0.273049
1441407079.867368748 -1.37156 0.285176
1441407079.877263577 -1.44257 0.263157
1441407079.887150962 -1.39768 0.284289
1441407079.897039263 -1.35373 0.306592
1441407079.907322192 -1.38405 0.29138
1441407079.917190626 -1.31412 0.315525
1441407079.927046003 -1.34108 0.290583
1441407079.937376458 -1.39035 0.272864
1441407079.947245329 -1.26159 0.282683
1441407079.957103119 -1.3348 0.328063
1441407079.967381989 -1.35235 0.28678
1441407079.977274238 -1.23331 0.307786
1441407079.987087095 -1.22676 0.304484
1441407079.997012689 -1.30673 0.204565
1441407080.007303119 -1.36524 0.194887
1441407080.017165460 -1.42304 0.230628
1441407080.027037118 -1.42553 0.246302
1441407080.037336928 -1.43509 0.233609
1441407080.047241828 -1.40399 0.227657
1441407080.057092450 -1.44145 0.269295
1441407080.067406607 -1.38698 0.273961
1441407080.077274741 -1.42468 0.31646
1441407080.087140238 -1.39031 0.292306
1441407080.096989377 -1.40962 0.302756
1441407080.107293971 -1.39045 0.313273
1441407080.117166147 -1.41913 0.306565
1441407080.127030010 -1.44399 0.244243
1441407080.137334731 -1.39556 0.236441
1441407080.147175971 -1.3938 0.337918
1441407080.157062202 -1.47334 0.269399
1441407080.166926398 -1.37343 0.211534
1441407080.177237304 -1.40152 0.261405
1441407080.187110339 -1.41886 0.245269
1441407080.197013591 -1.3774 0.259665
1441407080.207332993 -1.4159 0.247854
1441407080.217161548 -1.34431 0.334849
1441407080.227034572 -1.33238 0.34934
1441407080.237337213 -1.31886 0.293419
1441407080.247177465 -1.28045 0.166912
1441407080.257097341 -1.32179 0.085255
1441407080.267372065 -1.37109 0.206082
1441407080.277272625 -1.3242 0.166409
1441407080.287112491 -1.33358 0.163848
1441407080.296936406 -1.38018 0.243033
1441407080.307231991 -1.33714 0.255762
1441407080.317169178 -1.38623 0.216082
1441407080.326991998 -1.36512 0.256707
1441407080.337330513 -1.36537 0.264391
1441407080.347210909 -1.47791 0.281799
1441407080.357100757 -1.27462 0.254728
1441407080.367368053 -1.36894 0.31098
1441407080.377221596 -1.44374 0.313248
1441407080.387165156 -1.36248 0.409264
1441407080.396994797 -1.36008 0.428894
1441407080.407264431 -1.35385 0.248915
1441407080.417162098 -1.24361 0.313769
1441407080.427077835 -1.3689 0.299351
1441407080.437303366 -1.3762 0.278232
1441407080.447232367 -1.3982 0.314452
1441407080.457129082 -1.45814 0.33382
1441407080.467356098 -1.3957 0.274118
1441407080.477273042 -1.39834 0.354187
1441407080.487132176 -1.39493 0.266472
1441407080.496998129 -1.44989 0.294299
1441407080.507318482 -1.3494 0.330549
1441407080.517203009 -1.40657 0.275675
1441407080.527005036 -1.33923 0.330478
1441407080.537357414 -1.39463 0.257795
1441407080.547203651 -1.46659 0.22576
1441407080.557072591 -1.46327 0.413247
1441407080.566942491 -1.44436 0.303136
1441407080.577249755 -1.37945 0.418553
1441407080.587173889 -1.34901 0.33015
1441407080.596981672 -1.4172 0.313258
1441407080.607332266 -1.44255 0.29115
1441407080.617174724 -1.48161 0.244748
1441407080.627028026 -1.55497 0.313224
1441407080.637381741 -1.50317 0.418126
1441407080.647202566 -1.35176 0.317905
1441407080.657092191 -1.50841 0.311727
1441407080.667032361 -1.5156 0.377665
1441407080.677222244 -1.45471 0.278756
1441407080.687186106 -1.41393 0.287402
1441407080.697016557 -1.46305 0.172423
1441407080.707355551 -1.53582 0.211288
1441407080.717247708 -1.49335 0.306309
1441407080.727132444 -1.48498 0.289669
1441407080.737355719 -1.40965 0.32144
1441407080.747270069 -1.41966 0.308132
1441407080.757133231 -1.44545 0.104585
1441407080.767029057 -1.32103 0.259192
1441407080.777284010 -1.35899 0.27493
1441407080.787199046 -1.32651 0.310244
1441407080.797049478 -1.21285 0.368538
1441407080.807372718 -1.34439 0.19288
1441407080.817144206 -1.31067 0.297701
1441407080.827106973 -1.26732 0.344753
1441407080.837416736 -1.31541 0.149656
1441407080.847284302 -1.31408 0.283807
1441407080.857138757 -1.34918 0.297308
1441407080.867031674 -1.39744 0.370223
1441407080.877328516 -1.41207 0.3949
1441407080.887204252 -1.33868 0.382192
1441407080.896979779 -1.42873 0.393426
1441407080.907331952 -1.42531 0.30367
1441407080.917216961 -1.39904 0.402087
1441407080.927111310 -1.37254 0.340499
1441407080.937403720 -1.45262 0.276174
1441407080.947292802 -1.2804 0.361893
1441407080.957154469 -1.34888 0.306381
1441407080.967034586 -1.37647 0.34633
1441407080.977300514 -1.32431 0.321871
1441407080.987167373 -1.43087 0.406698
1441407080.997072131 -1.32543 0.385443
1441407081.007363527 -1.42318 0.3702
127
1441407077.210198817 557 70 21.2 0.695 0 0 -0.719
1441407077.215750604 400.7 96.1 21.2 0.695 0 0 -0.719
1441407077.245402308 400.7 96.1 21.2 0.695 0 0 -0.719
1441407077.275139632 400.7 96.1 21.2 0.695 0 0 -0.719
1441407077.305028858 400.7 96.1 21.2 0.695 0 0 -0.719
1441407077.332746905 400.7 96.1 21.2 0.695 0 0 -0.719
1441407077.365877892 400.7 96.1 21.2 0.695 0 0 -0.719
1441407077.392695978 400.7 96.1 21.2 0.694 0 0 -0.72
1441407077.425767731 400.7 96.1 21.2 0.694 0 0 -0.72
1441407077.452497436 400.7 96.1 21.2 0.694 0 0 -0.72
1441407077.485532197 400.8 96.1 21.2 0.693 0 0 -0.721
1441407077.512264503 400.7 96.1 21.2 0.693 0 0 -0.721
1441407077.542173344 400.7 96.1 21.2 0.692 0 0 -0.722
1441407077.572137772 400.7 96.1 21.2 0.692 0 0 -0.722
1441407077.602947919 400.8 96.1 21.2 0.691 0 0 -0.723
1441407077.632792879 400.8 96.1 21.2 0.691 0 0 -0.723
1441407077.665641894 400.8 96.1 21.2 0.69 0 0 -0.724
1441407077.692175827 400.7 96.1 21.2 0.69 0 0 -0.724
1441407077.725943754 400.7 96.1 21.2 0.689 0 0 -0.725
1441407077.752456007 400.7 96.1 21.2 0.689 0 0 -0.725
1441407077.782112043 400.7 96.1 21.2 0.688 0 0 -0.725
1441407077.812868858 400.7 96.1 21.2 0.688 0 0 -0.726
1441407077.845592181 400.7 96.1 21.2 0.687 0 0 -0.726
1441407077.872079731 400.7 96.1 21.2 0.687 0 0 -0.727
1441407077.905088107 400.7 96.1 21.2 0.686 0 0 -0.727
1441407077.932661298 400.7 96.1 21.2 0.686 0 0 -0.728
1441407077.965669967 400.7 96.1 21.2 0.685 0 0 -0.728
1441407077.998609109 400.7 96.1 21.2 0.685 0 0 -0.729
1441407078.028644074 400.7 96.1 21.2 0.684 0 0 -0.729
1441407078.058521355 400.7 96.1 21.2 0.684 0 0 -0.73
1441407078.091703453 400.7 96.1 21.2 0.683 0 0 -0.73
1441407078.118505078 400.7 96.1 21.2 0.683 0 0 -0.731
1441407078.151556242 400.7 96.1 21.2 0.682 0 0 -0.731
1441407078.181570764 400.7 96.1 21.2 0.682 0 0 -0.731
1441407078.211501250 400.7 96.1 21.2 0.682 0 0 -0.732
1441407078.238303378 400.7 96.1 21.2 0.681 0 0 -0.732
1441407078.271537318 400.7 96.1 21.2 0.681 0 0 -0.733
1441407078.301541149 400.7 96.1 21.2 0.68 0 0 -0.733
1441407078.331448469 400.7 96.1 21.2 0.68 0 0 -0.734
1441407078.361390624 400.7 96.1 21.2 0.679 0 0 -0.734
1441407078.394310659 400.7 96.1 21.2 0.679 0 0 -0.735
1441407078.421671138 400.7 96.1 21.2 0.678 0 0 -0.735
1441407078.451232725 400.7 96.1 21.2 0.678 0 0 -0.735
1441407078.481734037 400.7 96.1 21.2 0.677 0 0 -0.736
1441407078.514594785 400.7 96.1 21.2 0.677 0 0 -0.736
1441407078.541122706 400.7 96.1 21.2 0.676 0 0 -0.737
1441407078.574902026 400.7 96.1 21.2 0.676 0 0 -0.737
1441407078.601496015 400.7 96.1 21.2 0.675 0 0 -0.738
1441407078.634259076 400.7 96.1 21.2 0.675 0 0 -0.738
1441407078.664133445 400.7 96.1 21.2 0.674 0 0 -0.739
1441407078.697173386 400.7 96.1 21.2 0.674 0 0 -0.739
1441407078.724813855 400.7 96.1 21.2 0.673 0 0 -0.739
1441407078.757738742 400.7 96.1 21.2 0.673 0 0 -0.74
1441407078.787206079 400.7 96.1 21.2 0.672 0 0 -0.74
1441407078.817890840 400.7 96.1 21.2 0.672 0 0 -0.741
1441407078.847579280 400.7 96.1 21.2 0.671 0 0 -0.741
1441407078.877412493 400.7 96.1 21.2 0.671 0 0 -0.742
1441407078.907064423 400.7 96.1 21.2 0.67 0 0 -0.742
1441407078.937925643 400.7 96.1 21.2 0.67 0 0 -0.743
1441407078.967648919 400.7 96.1 21.2 0.669 0 0 -0.743
1441407078.997434033 400.7 96.1 21.2 0.669 0 0 -0.743
1441407079.026943932 400.7 96.1 21.2 0.668 0 0 -0.744
1441407079.057961102 400.7 96.1 21.2 0.668 0 0 -0.744
1441407079.087896539 400.7 96.1 21.2 0.667 0 0 -0.745
1441407079.117672946 400.7 96.1 21.2 0.667 0 0 -0.745
1441407079.144248885 400.7 96.1 21.2 0.666 0 0 -0.746
1441407079.177277559 400.7 96.1 21.2 0.666 0 0 -0.746
1441407079.206906881 400.7 96.1 21.2 0.665 0 0 -0.747
1441407079.237831321 400.8 96.1 21.2 0.665 0 0 -0.747
1441407079.267441923 400.8 96.1 21.2 0.664 0 0 -0.747
1441407079.300064215 400.8 96.1 21.2 0.664 0 0 -0.748
1441407079.327540625 400.8 96.1 21.2 0.663 0 0 -0.748
1441407079.360465192 400.7 96.1 21.2 0.663 0 0 -0.749
1441407079.390205473 400.7 96.1 21.2 0.662 0 0 -0.749
1441407079.423155264 400.7 96.1 21.2 0.662 0 0 -0.75
1441407079.450868522 400.7 96.1 21.2 0.661 0 0 -0.75
1441407079.480553252 400.8 96.1 21.2 0.661 0 0 -0.75
1441407079.510271398 400.8 96.1 21.2 0.66 0 0 -0.751
1441407079.540887694 400.8 96.1 21.2 0.66 0 0 -0.751
1441407079.570479437 400.8 96.1 21.2 0.659 0 0 -0.752
1441407079.603238952 400.8 96.1 21.2 0.659 0 0 -0.752
1441407079.630725709 400.7 96.1 21.2 0.658 0 0 -0.753
1441407079.663716652 400.7 96.1 21.2 0.658 0 0 -0.753
1441407079.690194783 400.7 96.1 21.2 0.657 0 0 -0.753
1441407079.723096767 400.8 96.1 21.2 0.657 0 0 -0.754
1441407079.750691095 400.8 96.1 21.2 0.656 0 0 -0.754
1441407079.783712231 400.8 96.1 21.2 0.656 0 0 -0.755
1441407079.813234845 400.8 96.1 21.2 0.655 0 0 -0.755
1441407079.843841521 400.8 96.1 21.2 0.655 0 0 -0.756
1441407079.873386571 400.7 96.1 21.2 0.655 0 0 -0.756
1441407079.906276759 400.8 96.1 21.2 0.654 0 0 -0.756
1441407079.933748568 400.8 96.1 21.2 0.654 0 0 -0.757
1441407079.963421461 400.8 96.1 21.2 0.653 0 0 -0.757
1441407079.993292999 400.8 96.1 21.2 0.652 0 0 -0.758
1441407080.022970080 400.8 96.1 21.2 0.652 0 0 -0.758
1441407080.053661533 400.8 96.1 21.2 0.652 0 0 -0.759
1441407080.083376627 400.8 96.1 21.2 0.651 0 0 -0.759
1441407080.113133371 400.8 96.1 21.2 0.651 0 0 -0.759
1441407080.143925854 400.8 96.1 21.2 0.65 0 0 -0.76
1441407080.173522152 400.8 96.1 21.2 0.65 0 0 -0.76
1441407080.203346516 400.8 96.1 21.2 0.649 0 0 -0.761
1441407080.230812625 400.8 96.1 21.2 0.649 0 0 -0.761
1441407080.263683835 400.8 96.1 21.2 0.648 0 0 -0.762
1441407080.290363741 400.8 96.1 21.2 0.648 0 0 -0.762
1441407080.323061112 400.8 96.1 21.2 0.647 0 0 -0.762
1441407080.353756002 400.8 96.1 21.2 0.647 0 0 -0.763
1441407080.383346838 400.8 96.1 21.2 0.646 0 0 -0.763
1441407080.416277001 400.8 96.1 21.2 0.646 0 0 -0.764
1441407080.449167958 400.8 96.1 21.2 0.645 0 0 -0.764
1441407080.476642231 400.8 96.1 21.2 0.644 0 0 -0.765
1441407080.509512701 400.8 96.1 21.2 0.644 0 0 -0.765
1441407080.539183007 400.8 96.1 21.2 0.643 0 0 -0.766
1441407080.572294627 400.8 96.1 21.2 0.643 0 0 -0.766
1441407080.599776619 400.8 96.1 21.2 0.642 0 0 -0.766
1441407080.632678230 400.8 96.1 21.2 0.642 0 0 -0.767
1441407080.659079807 400.8 96.1 21.2 0.641 0 0 -0.767
1441407080.689902100 400.8 96.1 21.2 0.641 0 0 -0.768
1441407080.719665799 400.8 96.1 21.2 0.64 0 0 -0.768
1441407080.749525853 400.8 96.1 21.2 0.64 0 0 -0.768
1441407080.779212165 400.8 96.1 21.2 0.639 0 0 -0.769
1441407080.809926813 400.8 96.1 21.2 0.639 0 0 -0.769
1441407080.839675640 400.8 96.1 21.2 0.638 0 0 -0.77
1441407080.869246805 400.8 96.1 21.2 0.638 0 0 -0.77
1441407080.899931535 400.8 96.1 21.2 0.637 0 0 -0.771
1441407080.929562331 400.8 96.1 21.2 0.637 0 0 -0.771
1441407080.959258986 400.8 96.1 21.2 0.636 0 0 -0.771
1441407080.988903713 400.8 96.1 21.2 0.636 0 0 -0.772
