10
TwoPointRotation
0 75 0
-187.071 0.750646 0
1 0 0
-20 0
TwoPointRotation
0 75 0
50.5985 273.701 0
1 0 0
20 0
TwoPointRotation
75 0 0
84.1436 176.043 0
0 1 0
-20 0
TwoPointRotation
75 75 0
7.33061 147.436 0
-0.707107 -0.707107 0
-20 0
TwoPointRotation
75 75 0
151.917 118.136 0
-0.707107 -0.707107 0
20 0
TwoPointRotation
0 75 0
-168.645 112.749 0
1 0 0
20 0
TwoPointRotation
0 75 0
4.91708 134.662 0
1 0 0
20 0
TwoPointRotation
75 75 0
-37.2488 -71.7727 0
-0.707107 -0.707107 0
20 0
TwoPointRotation
0 75 0
138.341 82.6064 0
1 0 0
20 0
TwoPointRotation
75 0 0
37.9953 170.473 0
0 1 0
20 0
