10
624.121 50.3866 18.2249 0.400334 -0.000254643 -0.00241717 0.916366
598.41 57.3194 17.5115 0.55744 0.00432684 -0.00346439 0.830199
380
1441477397.326702586 -3.11037 -3.16703
1441477397.333213134 -3.11863 -3.16578
1441477397.343067117 -3.11957 -3.16538
1441477397.353441921 -3.11595 -3.17412
1441477397.363287724 -3.11957 -3.16538
1441477397.373147409 -3.11939 -3.16535
1441477397.383423404 -3.11475 -3.1646
1441477397.393271406 -3.11187 -3.16501
1441477397.403163371 -3.12128 -3.16675
1441477397.413008491 -3.08723 -3.16063
1441477397.423364224 -2.99331 -3.01771
1441477397.433228259 -2.89236 -2.98905
1441477397.443102906 -2.10042 -2.46221
1441477397.453402665 -1.32197 -1.77798
1441477397.463276379 -1.16811 -1.63613
1441477397.473144534 -1.50931 -1.57009
1441477397.483443359 -1.75321 -1.5283
1441477397.493315929 -1.67732 -1.22546
1441477397.503208068 -1.31252 -0.712292
1441477397.513059603 -1.16117 -0.164335
1441477397.523360809 -0.819561 0.072662
1441477397.533233548 -0.699189 0.258047
1441477397.543062700 -0.670489 0.341418
1441477397.553357600 -0.663279 0.373206
1441477397.563266142 -0.605502 0.235495
1441477397.573132629 -0.624831 0.095105
1441477397.583435475 -0.605604 0.102198
1441477397.593324823 -0.552216 0.150231
1441477397.603171165 -0.498363 0.258739
1441477397.613060055 -0.559453 0.005084
1441477397.623370604 -0.552422 -0.074202
1441477397.633226165 -0.504138 -0.081322
1441477397.643126736 -0.616094 -0.099068
1441477397.653450721 -0.563505 -0.07275
1441477397.663263938 -0.655983 -0.148551
1441477397.673168020 -0.454302 -0.022098
1441477397.683420696 -0.476287 -0.011264
1441477397.693290502 -0.438079 -0.00644
1441477397.703149720 -0.440667 -0.008449
1441477397.713080998 -0.186853 0.050415
1441477397.723385301 -0.345953 -0.060169
1441477397.733256558 -0.446581 -0.350737
1441477397.743120939 -0.271258 -0.199791
1441477397.753419576 -0.247175 -0.021505
1441477397.763316716 -0.175313 0.29083
1441477397.773174461 -0.271476 0.117503
1441477397.783050414 -0.160026 0.173177
1441477397.793349270 -0.091739 0.358148
1441477397.803223764 -0.14675 0.328556
1441477397.813096639 -0.113375 0.279423
1441477397.823420312 -0.228108 0.062293
1441477397.833274316 -0.307206 -0.007836
1441477397.843120149 -0.48295 -0.094128
1441477397.853436252 -0.439527 0.092121
1441477397.863364332 -0.39744 0.110831
1441477397.873171772 -0.337427 0.091681
1441477397.883079817 -0.506858 -0.24303
1441477397.893401573 -0.531568 -0.412971
1441477397.903274380 -0.36982 -0.235558
1441477397.913145890 -0.21243 -0.064611
1441477397.923424107 -0.263137 0.146181
1441477397.933265154 -0.355773 0.011212
1441477397.943211401 -0.454169 -0.141304
1441477397.953031898 -0.455309 -0.247144
1441477397.963382810 -0.306541 -0.127827
1441477397.973245004 -0.185514 0.034137
1441477397.983070990 -0.303547 -0.053979
1441477397.993392021 -0.410361 -0.08083
1441477398.003225248 -0.241341 -0.006903
1441477398.013181629 -0.041196 0.106362
1441477398.023478565 -0.106714 0.10836
1441477398.033335502 -0.020888 0.136638
1441477398.043168671 -0.043047 0.115527
1441477398.053070288 0.000675 0.138702
1441477398.063392673 -0.062949 0.090496
1441477398.073262393 -0.190975 -0.156953
1441477398.083068251 -0.257356 -0.172465
1441477398.093422770 -0.241509 -0.186499
1441477398.103323816 -0.175784 -0.126741
1441477398.113115220 -0.246231 -0.201866
1441477398.123067930 -0.266385 -0.252557
1441477398.133311621 -0.198767 -0.142786
1441477398.143185789 -0.330862 -0.260068
1441477398.153068789 -0.298344 -0.271281
1441477398.163323308 -0.436628 -0.403084
1441477398.173242238 -0.536893 -0.525428
1441477398.183136560 -0.52189 -0.451076
1441477398.193367730 -0.491972 -0.383812
1441477398.203275804 -0.474364 -0.424931
1441477398.213129140 -0.458933 -0.425265
1441477398.223016153 -0.396295 -0.399432
1441477398.233371164 -0.36026 -0.367711
1441477398.243175035 -0.358937 -0.37694
1441477398.253127203 -0.433369 -0.512676
1441477398.263416255 -0.459692 -0.568356
1441477398.273299237 -0.402974 -0.502892
1441477398.283165617 -0.23902 -0.27264
1441477398.293445650 -0.273298 -0.234338
1441477398.303338681 -0.476896 -0.459607
1441477398.313181664 -0.469557 -0.471542
1441477398.323115496 -0.321776 -0.265265
1441477398.333378874 -0.297932 -0.215628
1441477398.343253796 -0.39153 -0.246034
1441477398.353068818 -0.36444 -0.289306
1441477398.363435406 -0.371888 -0.260435
1441477398.373276530 -0.283331 -0.225812
1441477398.383143042 -0.17238 -0.011181
1441477398.393466905 -0.263589 -0.015192
1441477398.403338643 -0.317276 -0.086586
1441477398.413172219 -0.347664 -0.16477
1441477398.423087769 -0.529485 -0.462936
1441477398.433348174 -0.510375 -0.353254
1441477398.443268539 -0.278353 -0.08339
1441477398.453113651 -0.208207 -0.0948
1441477398.463445328 -0.229948 -0.19605
1441477398.473237666 -0.315874 -0.305743
1441477398.483188235 -0.298346 -0.25147
1441477398.493025217 -0.183585 -0.098505
1441477398.503305727 -0.181113 -0.100118
1441477398.513844468 -0.160241 -0.174892
1441477398.523081700 -0.156598 -0.327233
1441477398.533350768 -0.012616 -0.267867
1441477398.543255526 0.12059 -0.183569
1441477398.553115689 0.205955 -0.174759
1441477398.563438848 0.248937 -0.194267
1441477398.573292481 0.234566 -0.248984
1441477398.583217209 0.246268 -0.26295
1441477398.593009047 0.164491 -0.239945
1441477398.603384807 0.117854 -0.256428
1441477398.613167239 0.033417 -0.304014
1441477398.623096908 -0.122248 -0.351225
1441477398.633710411 -0.128356 -0.314068
1441477398.643310792 -0.106478 -0.277692
1441477398.653128984 0.105607 -0.158674
1441477398.663454539 0.013088 -0.311676
1441477398.673303458 -0.253681 -0.655267
1441477398.684524438 -0.446107 -0.786502
1441477398.693027570 -0.318742 -0.568808
1441477398.703389663 -0.459252 -0.49062
1441477398.713225224 -0.587472 -0.594218
1441477398.723097846 -0.548778 -0.344734
1441477398.733403701 -0.506472 -0.228572
1441477398.743239798 -0.362719 -0.032674
1441477398.753776962 -0.539969 -0.241223
1441477398.763434608 -0.675279 -0.45148
1441477398.773300680 -0.751102 -0.618984
1441477398.783193173 -0.70973 -0.570002
1441477398.793088460 -0.622371 -0.404691
1441477398.803353219 -0.49091 -0.152736
1441477398.813272111 -0.552263 -0.20742
1441477398.823074780 -0.573651 -0.21897
1441477398.833437057 -0.514845 -0.115196
1441477398.843297351 -0.533427 -0.039839
1441477398.853091541 -0.584543 0.027592
1441477398.863067069 -0.30476 0.211695
1441477398.873353803 -0.302858 0.264165
1441477398.883240336 -0.270118 0.205643
1441477398.893031866 -0.223116 0.184225
1441477398.903389150 -0.266477 -0.003007
1441477398.913224985 -0.216367 -0.016523
1441477398.923011390 -0.237308 0.047662
1441477398.933424402 -0.26387 0.063498
1441477398.943287367 -0.401655 -0.049923
1441477398.953149551 -0.327206 0.045588
1441477398.963448612 -0.395403 0.152556
1441477398.973367777 -0.39346 0.083603
1441477398.983199288 -0.310817 0.118859
1441477398.993034313 -0.489186 -0.215076
1441477399.003345817 -0.4649 -0.196768
1441477399.013246287 -0.643001 -0.259541
1441477399.023127003 -0.729976 -0.371611
1441477399.033419222 -0.694239 -0.240454
1441477399.043291760 -0.618946 -0.149988
1441477399.053178456 -0.633042 -0.059999
1441477399.063481331 -0.554727 0.069949
1441477399.073335627 -0.466499 0.16631
1441477399.083193970 -0.321408 0.193079
1441477399.093073266 -0.258025 0.014709
1441477399.103332613 -0.380231 -0.262858
1441477399.113162122 -0.400314 -0.355954
1441477399.123097254 -0.506092 -0.29152
1441477399.133374652 -0.749994 -0.462956
1441477399.143224881 -0.662867 -0.408227
1441477399.153116244 -0.652881 -0.379531
1441477399.163018130 -0.588494 -0.355344
1441477399.173333097 -0.505913 -0.195529
1441477399.183196062 -0.470394 -0.08804
1441477399.193078261 -0.360531 0.024506
1441477399.203342522 -0.456093 -0.179036
1441477399.213251621 -0.518744 -0.432307
1441477399.223093460 -0.428791 -0.469623
1441477399.233423547 -0.576536 -0.765784
1441477399.243267564 -0.571796 -0.871812
1441477399.253125983 -0.70563 -0.972687
1441477399.263032941 -0.698024 -0.988584
1441477399.273342497 -0.625971 -0.78946
1441477399.283211877 -0.586642 -0.687788
1441477399.293047564 -0.499868 -0.45258
1441477399.303345195 -0.608751 -0.452953
1441477399.313224241 -0.657418 -0.574132
1441477399.323121870 -0.624753 -0.605272
1441477399.333437605 -0.544635 -0.711764
1441477399.343288776 -0.45067 -0.693364
1441477399.353158378 -0.401005 -0.729164
1441477399.363038146 -0.415037 -0.815139
1441477399.373384963 -0.43972 -0.860898
1441477399.383251102 -0.255745 -0.691918
1441477399.393062117 -0.138772 -0.600612
1441477399.403349915 -0.141105 -0.657428
1441477399.413293939 0.054894 -0.389394
1441477399.423061555 0.282616 -0.082302
1441477399.433407619 0.305679 -0.163522
1441477399.443332397 0.252533 -0.204571
1441477399.453216292 0.096464 -0.407597
1441477399.463007079 -0.079528 -0.460038
1441477399.473375010 -0.078262 -0.53325
1441477399.483215478 -0.079399 -0.508686
1441477399.493066108 0.027309 -0.394149
1441477399.503347071 0.01277 -0.363437
1441477399.513252617 -0.163855 -0.466173
1441477399.523180615 -0.189004 -0.412707
1441477399.533455343 -0.214123 -0.400004
1441477399.543346511 -0.42151 -0.623298
1441477399.553218104 -0.325333 -0.585884
1441477399.563090982 -0.35321 -0.585656
1441477399.573362764 -0.406456 -0.596702
1441477399.583240070 -0.262109 -0.470312
1441477399.593136450 -0.41412 -0.4414
1441477399.603408455 -0.461628 -0.424509
1441477399.613309474 -0.487084 -0.356678
1441477399.623187747 -0.375609 -0.215061
1441477399.633431705 -0.538333 -0.290514
1441477399.643294885 -0.813209 -0.42287
1441477399.653221334 -0.844576 -0.414402
1441477399.663086497 -0.718278 -0.282276
1441477399.673378868 -0.633862 -0.354331
1441477399.683268681 -0.462498 -0.243598
1441477399.693103316 -0.526545 -0.376476
1441477399.703412224 -0.624461 -0.384113
1441477399.713305928 -0.632605 -0.31229
1441477399.723133360 -0.817927 -0.470402
1441477399.733493763 -0.842911 -0.635304
1441477399.743340784 -0.66855 -0.51397
1441477399.753154320 -0.429693 -0.401145
1441477399.763077866 -0.429338 -0.378368
1441477399.773340568 -0.502151 -0.431631
1441477399.783231140 -0.441367 -0.394148
1441477399.793111870 -0.437396 -0.52654
1441477399.803440147 -0.346136 -0.446456
1441477399.813276589 -0.182398 -0.295787
1441477399.823100086 -0.302517 -0.255078
1441477399.833412361 -0.269947 -0.236944
1441477399.843315066 -0.339793 -0.349848
1441477399.853154313 -0.702347 -0.758247
1441477399.863024227 -0.786944 -0.862872
1441477399.873388446 -0.727277 -0.70272
1441477399.883204308 -0.856149 -0.848047
1441477399.893096945 -0.805393 -0.90257
1441477399.903417288 -0.751915 -0.914251
1441477399.913258581 -0.791437 -0.967106
1441477399.923191866 -0.779297 -0.840665
1441477399.933000142 -0.664446 -0.547284
1441477399.943309074 -0.585658 -0.250532
1441477399.953181368 -0.486558 -0.177078
1441477399.963098591 -0.454258 -0.069003
1441477399.973369755 -0.53813 -0.056799
1441477399.983273736 -0.787388 -0.236151
1441477399.993087374 -0.803452 -0.195165
1441477400.003456725 -0.838482 -0.215826
1441477400.013316711 -0.859516 -0.332775
1441477400.023193591 -0.825462 -0.426448
1441477400.033042208 -0.647677 -0.311888
1441477400.043350040 -0.54979 -0.376084
1441477400.053246827 -0.621099 -0.390888
1441477400.063104000 -0.45708 -0.323135
1441477400.073416246 -0.530051 -0.475901
1441477400.083238065 -0.44195 -0.551135
1441477400.093154485 -0.528359 -0.573322
1441477400.103356513 -0.703546 -0.775322
1441477400.113323410 -0.681392 -0.75932
1441477400.123195660 -0.712223 -0.696264
1441477400.133460985 -0.694913 -0.883813
1441477400.143333734 -0.655436 -0.967538
1441477400.153200615 -0.452019 -1.00857
1441477400.163073861 -0.439993 -0.916413
1441477400.173346881 -0.495044 -0.88818
1441477400.183245079 -0.357087 -0.702869
1441477400.193124954 -0.26348 -0.568273
1441477400.203421593 -0.100824 -0.406361
1441477400.213292352 -0.070695 -0.343381
1441477400.223165306 0.058942 -0.282451
1441477400.233019581 -0.114465 -0.402124
1441477400.243310657 -0.224181 -0.642087
1441477400.253181750 -0.308006 -0.771524
1441477400.263080963 -0.264203 -0.721998
1441477400.273353111 -0.282762 -0.611372
1441477400.283261919 -0.166364 -0.464349
1441477400.293122664 -0.270943 -0.509767
1441477400.303393789 -0.42215 -0.679635
1441477400.313304469 -0.334851 -0.593433
1441477400.323158161 -0.42052 -0.65785
1441477400.333043508 -0.490315 -0.606628
1441477400.343363962 -0.421708 -0.541617
1441477400.353212519 -0.562099 -0.702995
1441477400.363086442 -0.49626 -0.706533
1441477400.373418106 -0.572842 -0.59157
1441477400.383292871 -0.608923 -0.569674
1441477400.393135471 -0.723045 -0.546146
1441477400.403447783 -0.885277 -0.564096
1441477400.413308983 -0.890523 -0.599704
1441477400.423180805 -0.933343 -0.588931
1441477400.433049636 -0.958522 -0.623932
1441477400.443324956 -0.994547 -0.595147
1441477400.453225268 -0.995923 -0.568812
1441477400.463098023 -0.941195 -0.677489
1441477400.473396605 -0.934669 -0.740744
1441477400.483270045 -0.962137 -0.998794
1441477400.493143122 -0.901799 -0.961144
1441477400.503441050 -0.823829 -0.907242
1441477400.513313696 -0.66577 -0.578726
1441477400.523187384 -0.667546 -0.39596
1441477400.533058638 -0.655746 -0.367433
1441477400.543385648 -0.737482 -0.367246
1441477400.553229886 -0.81817 -0.532585
1441477400.563061460 -0.898632 -0.710701
1441477400.573384376 -0.982641 -0.920689
1441477400.583229295 -0.937441 -1.00185
1441477400.593133827 -0.847485 -1.07528
1441477400.603432471 -0.802088 -1.01568
1441477400.613319385 -0.60651 -0.67746
1441477400.623166522 -0.690877 -0.504743
1441477400.633061478 -0.693713 -0.412531
1441477400.643371629 -0.851061 -0.384347
1441477400.653234771 -0.813834 -0.333208
1441477400.663126738 -0.857014 -0.266258
1441477400.673406469 -1.01441 -0.436851
1441477400.683294732 -1.03862 -0.438147
1441477400.693148252 -0.937505 -0.359375
1441477400.703449134 -0.87542 -0.291168
1441477400.713331515 -0.917258 -0.393488
1441477400.723152410 -1.08818 -0.561448
1441477400.733066340 -1.07169 -0.567468
1441477400.743368636 -1.26542 -0.588434
1441477400.753239301 -1.12346 -0.546014
1441477400.763110619 -1.0768 -0.463673
1441477400.773421267 -1.16229 -0.726748
1441477400.783253552 -1.10265 -0.788353
1441477400.793152089 -0.999646 -0.686668
1441477400.803421096 -0.970439 -0.625414
1441477400.813350355 -0.970254 -0.635731
1441477400.823160980 -0.969345 -0.589764
1441477400.833031601 -0.935705 -0.664262
1441477400.843332981 -0.901889 -0.620356
1441477400.853233350 -0.717838 -0.518608
1441477400.863079987 -0.653671 -0.373345
1441477400.873414331 -0.616293 -0.389178
1441477400.883273032 -0.601603 -0.352162
1441477400.893152579 -0.612312 -0.410704
1441477400.903025750 -0.483678 -0.321556
1441477400.913329491 -0.644982 -0.485769
1441477400.923198712 -0.671628 -0.634732
1441477400.933072658 -0.65367 -0.719564
1441477400.943369611 -0.620934 -0.728851
1441477400.953240112 -0.505234 -0.635307
1441477400.963111841 -0.545711 -0.601324
1441477400.973410960 -0.415758 -0.525943
1441477400.983281286 -0.567234 -0.674039
1441477400.993154940 -0.627156 -0.843079
1441477401.003453776 -0.382041 -0.536137
1441477401.013328909 -0.304462 -0.29656
1441477401.023201824 -0.3135 -0.258952
1441477401.033067771 -0.32765 -0.332228
1441477401.043341689 -0.431906 -0.46145
1441477401.053241100 -0.522511 -0.590119
1441477401.063110493 -0.402397 -0.429045
1441477401.073412931 -0.27417 -0.222199
1441477401.083286353 -0.247024 -0.271903
1441477401.093164014 -0.233413 -0.292819
1441477401.103455518 -0.180471 -0.442883
1441477401.113329877 -0.232351 -0.596478
127
1441477397.326704753 569.1 -0.6 30.7 0.4 0 0 0.916
1441477397.336562455 632.1 126.3 30.7 0.4 0 0 0.916
1441477397.369385819 632.1 126.3 30.7 0.4 0 0 0.916
1441477397.402188081 632.1 126.3 30.7 0.4 0 0 0.916
1441477397.429820983 632.1 126.3 30.7 0.4 0 0 0.916
1441477397.462620839 632.1 126.3 30.7 0.401 0 0 0.916
1441477397.489074047 632.1 126.3 30.6 0.401 0 0 0.916
1441477397.521834963 632.1 126.3 30.6 0.402 0 0 0.916
1441477397.552479357 632.1 126.3 30.7 0.402 0 0 0.916
1441477397.582125956 632.1 126.3 30.7 0.403 0 0 0.915
1441477397.612738411 632.1 126.3 30.7 0.404 0 0 0.915
1441477397.642213849 632.1 126.3 30.7 0.404 0 0 0.915
1441477397.669706810 632.1 126.3 30.7 0.405 0 0 0.914
1441477397.702383378 632.1 126.3 30.7 0.405 0 0 0.914
1441477397.731975121 632.1 126.3 30.7 0.406 0 0 0.914
1441477397.762644523 632.1 126.3 30.7 0.407 0 0 0.914
1441477397.792350634 632.1 126.3 30.7 0.407 0 0 0.913
1441477397.825132799 632.1 126.3 30.7 0.408 0 0 0.913
1441477397.852536988 632.1 126.3 30.7 0.408 0 0 0.913
1441477397.884927179 632.1 126.3 30.7 0.409 0 0 0.913
1441477397.912179987 632.1 126.2 30.7 0.41 0 0 0.912
1441477397.945020164 632.1 126.2 30.7 0.41 0 0 0.912
1441477397.975712500 632.1 126.2 30.7 0.411 0 0 0.912
1441477398.005346531 632.1 126.2 30.7 0.411 0 0 0.911
1441477398.034973480 632.1 126.2 30.7 0.412 0 0 0.911
1441477398.065767665 632.1 126.2 30.7 0.413 0 0 0.911
1441477398.092303769 632.1 126.2 30.7 0.413 0 0 0.911
1441477398.125092024 632.1 126.2 30.7 0.414 0 0 0.91
1441477398.155618297 632.1 126.2 30.7 0.414 0 0 0.91
1441477398.185124057 632.1 126.3 30.7 0.415 0 0 0.91
1441477398.215539276 632.1 126.3 30.7 0.416 0 0 0.91
1441477398.248414127 632.1 126.3 30.7 0.416 0 0 0.909
1441477398.275713742 632.1 126.3 30.7 0.417 0 0 0.909
1441477398.308334171 632.1 126.3 30.7 0.417 0 0 0.909
1441477398.335585161 632.1 126.3 30.7 0.418 0 0 0.908
1441477398.368261876 632.1 126.3 30.7 0.419 0 0 0.908
1441477398.398647073 632.1 126.3 30.7 0.419 0 0 0.908
1441477398.428129696 632.1 126.3 30.7 0.42 0 0 0.908
1441477398.458390995 632.1 126.3 30.7 0.42 0 0 0.907
1441477398.488019759 632.1 126.3 30.7 0.421 0 0 0.907
1441477398.518536117 632.1 126.3 30.7 0.422 0 0 0.907
1441477398.548035490 632.1 126.3 30.7 0.422 0 0 0.907
1441477398.581706149 632.1 126.3 30.7 0.423 0 0 0.906
1441477398.614537206 632.1 126.3 30.7 0.423 0 0 0.906
1441477398.640978280 632.1 126.3 30.7 0.424 0 0 0.906
1441477398.674604298 632.1 126.3 30.7 0.425 0 0 0.905
1441477398.704308149 632.1 126.3 30.7 0.425 0 0 0.905
1441477398.734879541 632.1 126.3 30.7 0.426 0 0 0.905
1441477398.761332933 632.1 126.3 30.7 0.426 0 0 0.905
1441477398.794284041 632.1 126.3 30.7 0.427 0 0 0.904
1441477398.821629387 632.1 126.3 30.7 0.428 0 0 0.904
1441477398.854479766 632.1 126.3 30.7 0.428 0 0 0.904
1441477398.880855821 632.1 126.3 30.7 0.429 0 0 0.903
1441477398.914628682 632.1 126.3 30.7 0.429 0 0 0.903
1441477398.941778981 632.1 126.3 30.7 0.43 0 0 0.903
1441477398.974562972 632.1 126.3 30.7 0.43 0 0 0.903
1441477399.001056439 632.1 126.3 30.7 0.431 0 0 0.902
1441477399.034905496 632.1 126.3 30.7 0.432 0 0 0.902
1441477399.061430241 632.1 126.3 30.7 0.432 0 0 0.902
1441477399.094206543 632.1 126.3 30.7 0.433 0 0 0.901
1441477399.121553046 632.1 126.3 30.7 0.433 0 0 0.901
1441477399.153923882 632.1 126.3 30.7 0.434 0 0 0.901
1441477399.184527264 632.1 126.3 30.7 0.435 0 0 0.901
1441477399.214003416 632.1 126.3 30.7 0.435 0 0 0.9
1441477399.244683743 632.1 126.3 30.7 0.436 0 0 0.9
1441477399.274362447 632.1 126.3 30.7 0.436 0 0 0.9
1441477399.303963679 632.1 126.3 30.7 0.437 0 0 0.899
1441477399.334571913 632.1 126.3 30.7 0.438 0 0 0.899
1441477399.367150675 632.1 126.3 30.7 0.438 0 0 0.899
1441477399.397776581 632.1 126.3 30.7 0.439 0 0 0.899
1441477399.427377920 632.1 126.3 30.7 0.439 0 0 0.898
1441477399.456910319 632.1 126.3 30.7 0.44 0 0 0.898
1441477399.484137825 632.1 126.3 30.7 0.441 0 0 0.898
1441477399.517782661 632.1 126.3 30.7 0.441 0 0 0.897
1441477399.544188329 632.1 126.3 30.7 0.442 0 0 0.897
1441477399.576906401 632.1 126.3 30.7 0.442 0 0 0.897
1441477399.607761265 632.1 126.3 30.7 0.443 0 0 0.897
1441477399.637295309 632.1 126.3 30.7 0.444 0 0 0.896
1441477399.667800401 632.1 126.3 30.7 0.444 0 0 0.896
1441477399.697459502 632.1 126.3 30.7 0.445 0 0 0.896
1441477399.727164643 632.1 126.3 30.7 0.445 0 0 0.895
1441477399.760620052 632.1 126.3 30.7 0.446 0 0 0.895
1441477399.786801753 632.1 126.3 30.7 0.447 0 0 0.895
1441477399.820327929 632.1 126.3 30.7 0.447 0 0 0.895
1441477399.846961364 632.1 126.3 30.7 0.448 0 0 0.894
1441477399.879837255 632.1 126.3 30.7 0.448 0 0 0.894
1441477399.907383998 632.1 126.3 30.7 0.449 0 0 0.894
1441477399.939959009 632.1 126.3 30.7 0.449 0 0 0.893
1441477399.970144119 632.1 126.3 30.7 0.45 0 0 0.893
1441477400.000766625 632.1 126.3 30.7 0.451 0 0 0.893
1441477400.030489820 632.1 126.3 30.7 0.451 0 0 0.892
1441477400.063666968 632.1 126.3 30.7 0.452 0 0 0.892
1441477400.089928287 632.1 126.3 30.7 0.452 0 0 0.892
1441477400.123877764 632.1 126.3 30.7 0.453 0 0 0.892
1441477400.150579031 632.1 126.3 30.7 0.454 0 0 0.891
1441477400.183248330 632.1 126.3 30.7 0.454 0 0 0.891
1441477400.210601355 632.1 126.3 30.7 0.455 0 0 0.891
1441477400.243151163 632.1 126.3 30.7 0.455 0 0 0.89
1441477400.270540107 632.1 126.3 30.7 0.456 0 0 0.89
1441477400.303415484 632.1 126.3 30.7 0.456 0 0 0.89
1441477400.333183259 632.1 126.3 30.7 0.457 0 0 0.889
1441477400.363899320 632.1 126.3 30.7 0.458 0 0 0.889
1441477400.390656783 632.1 126.3 30.7 0.458 0 0 0.889
1441477400.423889989 632.1 126.3 30.7 0.459 0 0 0.889
1441477400.450607198 632.1 126.3 30.7 0.459 0 0 0.888
1441477400.483711280 632.1 126.3 30.7 0.46 0 0 0.888
1441477400.513535107 632.1 126.3 30.7 0.461 0 0 0.888
1441477400.543299822 632.1 126.3 30.7 0.461 0 0 0.887
1441477400.570806048 632.1 126.3 30.7 0.462 0 0 0.887
1441477400.600272421 632.1 126.3 30.7 0.462 0 0 0.887
1441477400.630093430 632.1 126.3 30.7 0.463 0 0 0.886
1441477400.659880160 632.1 126.3 30.7 0.463 0 0 0.886
1441477400.690744095 632.1 126.3 30.7 0.464 0 0 0.886
1441477400.723727831 632.1 126.3 30.7 0.465 0 0 0.886
1441477400.750472456 632.1 126.3 30.7 0.465 0 0 0.885
1441477400.783588943 632.1 126.3 30.7 0.466 0 0 0.885
1441477400.810235269 632.1 126.3 30.7 0.466 0 0 0.885
1441477400.843165848 632.1 126.3 30.7 0.467 0 0 0.884
1441477400.873032136 632.1 126.3 30.7 0.468 0 0 0.884
1441477400.903752169 632.1 126.3 30.7 0.468 0 0 0.884
1441477400.933698493 632.1 126.3 30.7 0.469 0 0 0.883
1441477400.966903767 632.1 126.3 30.7 0.469 0 0 0.883
1441477400.993579747 632.1 126.3 30.7 0.47 0 0 0.883
1441477401.026611293 632.1 126.3 30.7 0.47 0 0 0.882
1441477401.056337985 632.1 126.3 30.7 0.471 0 0 0.882
1441477401.086032273 632.1 126.3 30.7 0.472 0 0 0.882
1441477401.118825834 632.1 126.3 30.7 0.472 0 0 0.882
598.41 57.3184 17.5122 0.557437 0.00432366 -0.0034654 0.830201
598.706 125.436 21.9556 0.410434 -0.0204049 -0.00413371 0.911652
379
1441477429.223741004 -3.11524 -3.17231
1441477429.233147233 -3.12436 -3.16393
1441477429.243488172 -3.11605 -3.16745
1441477429.253387501 -3.11699 -3.16798
1441477429.263150799 -3.11187 -3.16746
1441477429.273088574 -3.11824 -3.16727
1441477429.283279164 -3.12255 -3.16941
1441477429.293227622 -3.11267 -3.17268
1441477429.303025644 -3.12607 -3.16402
1441477429.313396786 -3.12343 -3.16674
1441477429.323206798 -3.11408 -3.16188
1441477429.333077606 -3.12708 -3.16469
1441477429.343443482 -3.1264 -3.16732
1441477429.353320109 -3.12046 -3.16154
1441477429.363195360 -3.11393 -3.15409
1441477429.373107061 -3.1094 -3.15436
1441477429.383374318 -3.11487 -3.16129
1441477429.393206482 -3.04078 -2.99018
1441477429.403034885 -1.78177 0.030034
1441477429.413420140 -1.44629 0.964392
1441477429.423290055 -1.57079 0.171083
1441477429.433148406 -1.43392 0.94342
1441477429.443464665 -1.10518 1.38228
1441477429.453316312 -1.09348 0.6995
1441477429.463177083 -1.02885 1.03211
1441477429.473006993 -1.09753 0.975972
1441477429.483396469 -1.05219 0.492751
1441477429.493218820 -1.11708 0.712611
1441477429.503069495 -1.10754 0.778113
1441477429.513356683 -1.1465 0.744161
1441477429.523226768 -1.13764 0.783647
1441477429.533169189 -1.2601 0.753688
1441477429.543403448 -1.11981 1.10405
1441477429.553276018 -1.03699 1.09942
1441477429.563139904 -1.23399 0.581478
1441477429.573032596 -1.32785 0.67396
1441477429.583360607 -1.3623 0.645915
1441477429.593253568 -1.38403 0.541353
1441477429.603068873 -1.22663 1.08331
1441477429.613423289 -1.03273 1.16054
1441477429.623295396 -1.01129 0.737439
1441477429.633137176 -1.02719 0.53044
1441477429.643466756 -1.12587 0.61568
1441477429.653284961 -1.17055 0.588529
1441477429.663180581 -1.07603 0.698229
1441477429.672994421 -1.11679 0.857935
1441477429.683368096 -1.02441 0.903484
1441477429.693252483 -0.998294 0.655842
1441477429.703073867 -1.00162 0.548888
1441477429.713402580 -1.14902 0.687742
1441477429.723244268 -1.14243 0.408786
1441477429.733102232 -1.22052 0.308775
1441477429.742962437 -1.13153 0.469036
1441477429.753340083 -1.25542 0.463923
1441477429.763167140 -1.28515 0.474167
1441477429.773042186 -1.53653 0.513394
1441477429.783387034 -1.53636 0.274315
1441477429.793276406 -1.68417 0.237669
1441477429.803075636 -1.46967 0.54321
1441477429.813366469 -1.49119 0.719739
1441477429.823268097 -1.31336 0.783888
1441477429.833136362 -1.14807 0.713398
1441477429.843466483 -1.25577 0.516982
1441477429.853369822 -1.41419 0.339904
1441477429.863241403 -1.39805 0.237638
1441477429.873062843 -1.55182 0.513488
1441477429.883342160 -1.36122 0.830474
1441477429.893250525 -1.17051 0.887983
1441477429.903091952 -1.26107 0.820852
1441477429.913392270 -1.24935 0.791015
1441477429.923293196 -1.20726 0.801988
1441477429.933181964 -1.46494 0.548468
1441477429.943019902 -1.31156 0.425598
1441477429.953370179 -1.32189 0.48322
1441477429.963182870 -1.31258 0.657334
1441477429.973077434 -1.34501 0.583274
1441477429.983373641 -1.33352 0.655899
1441477429.993243234 -1.4651 0.948754
1441477430.003143541 -1.45776 0.551864
1441477430.013415911 -1.39058 0.470165
1441477430.023301612 -1.43097 0.716875
1441477430.033154025 -1.23778 0.784302
1441477430.043049717 -1.44707 0.354074
1441477430.053344109 -1.42621 0.475545
1441477430.063267299 -1.32028 0.638265
1441477430.073066631 -1.52765 0.4082
1441477430.083334870 -1.55605 0.364053
1441477430.093270696 -1.60319 0.466704
1441477430.103106342 -1.53286 0.698721
1441477430.112992199 -1.63639 0.849482
1441477430.123375373 -1.64914 0.973592
1441477430.133228473 -1.52112 1.37251
1441477430.143072992 -1.57249 1.24891
1441477430.153356341 -1.57154 1.1525
1441477430.163228087 -1.55585 1.20788
1441477430.173125937 -1.72777 1.02038
1441477430.183422703 -1.72598 1.25135
1441477430.193276724 -1.68845 1.53839
1441477430.203155970 -1.79891 1.0624
1441477430.213050319 -1.85042 0.655091
1441477430.223302607 -1.71979 0.969439
1441477430.233257892 -1.81778 0.94869
1441477430.243078904 -1.88388 0.966461
1441477430.253393117 -1.74584 1.03861
1441477430.263233394 -1.73516 1.06667
1441477430.273139228 -1.81019 0.961819
1441477430.283415380 -1.71022 1.30276
1441477430.293275232 -1.67624 1.24338
1441477430.303168441 -1.61186 1.28659
1441477430.313066284 -1.54742 1.19914
1441477430.323323950 -1.41948 1.38101
1441477430.333284138 -1.47811 1.5426
1441477430.343119483 -1.6787 1.49154
1441477430.353387115 -1.89657 1.41449
1441477430.363262021 -2.12964 1.04151
1441477430.373122783 -1.91756 1.04763
1441477430.383014538 -2.04446 0.760366
1441477430.393289281 -2.00548 0.676286
1441477430.403209007 -1.81448 0.801415
1441477430.413054272 -1.59671 0.982332
1441477430.423343321 -1.61894 0.843297
1441477430.433224623 -1.58593 0.820234
1441477430.443116112 -1.36219 1.07247
1441477430.452958787 -1.39073 0.848663
1441477430.463279903 -1.46376 0.489372
1441477430.473157642 -1.42671 0.851479
1441477430.482974271 -1.23414 1.1792
1441477430.493300685 -1.28521 1.06654
1441477430.503225149 -1.61687 0.696305
1441477430.513072635 -1.66217 0.670931
1441477430.523348925 -1.79976 0.531005
1441477430.533242075 -1.98409 0.365873
1441477430.543131482 -1.73359 0.779407
1441477430.553448137 -1.58457 0.790863
1441477430.563336834 -1.41825 0.852626
1441477430.573161199 -1.34722 0.947434
1441477430.583013937 -1.40046 0.789775
1441477430.593352226 -1.45235 0.707206
1441477430.603190804 -1.5475 0.626154
1441477430.613094297 -1.33979 0.929338
1441477430.623367381 -1.45854 0.820393
1441477430.633321908 -1.58973 0.693543
1441477430.643152932 -1.57615 0.793282
1441477430.653089561 -1.58932 0.731553
1441477430.663310287 -1.52213 0.903322
1441477430.673159098 -1.1431 1.48445
1441477430.683030471 -1.10885 1.37843
1441477430.693319678 -1.1428 1.11782
1441477430.703208871 -1.21284 0.910764
1441477430.713077424 -1.1985 1.04585
1441477430.723381921 -1.37771 1.04171
1441477430.733332784 -1.57627 0.814313
1441477430.743165685 -1.45965 0.895656
1441477430.753031994 -1.52933 0.828764
1441477430.763308730 -1.70392 0.915011
1441477430.773248842 -1.58946 1.17986
1441477430.783075820 -1.55427 1.23205
1441477430.793347033 -1.55173 0.888665
1441477430.803214978 -1.58742 0.639796
1441477430.813073954 -1.48189 0.741305
1441477430.823394604 -1.42657 0.930236
1441477430.833345897 -1.47431 0.673734
1441477430.843204501 -1.35962 0.697748
1441477430.853090334 -1.32324 1.06137
1441477430.863358009 -1.48102 0.588954
1441477430.873254427 -1.58352 0.312415
1441477430.883070314 -1.37901 0.757383
1441477430.893379452 -1.24895 0.940192
1441477430.903248284 -1.50375 0.765636
1441477430.913127892 -1.42176 1.29723
1441477430.923393377 -1.50137 1.10188
1441477430.933353508 -1.6006 0.966882
1441477430.943182530 -1.54489 1.18812
1441477430.953032320 -1.5114 1.13632
1441477430.963328565 -1.69172 1.00805
1441477430.973223436 -1.84402 0.825561
1441477430.983064725 -1.82606 0.90083
1441477430.993391364 -1.82971 1.0224
1441477431.003294883 -1.82825 1.02736
1441477431.013160723 -1.93959 0.867144
1441477431.023005265 -1.83457 0.784409
1441477431.033379493 -1.71179 0.958914
1441477431.043231796 -1.9072 0.89734
1441477431.053103517 -1.78995 0.991119
1441477431.063367574 -1.83117 0.838272
1441477431.073235087 -1.8412 0.762896
1441477431.083084229 -1.95982 0.712423
1441477431.093402703 -1.80211 0.839252
1441477431.103278589 -1.84683 1.01078
1441477431.113148748 -1.9719 0.969621
1441477431.123016545 -1.7387 1.3469
1441477431.133374845 -1.67216 1.32143
1441477431.143247417 -1.89748 1.04869
1441477431.153088142 -1.72769 1.20833
1441477431.163340703 -1.79292 1.26951
1441477431.173211499 -1.64596 1.15166
1441477431.183114631 -1.73627 0.965449
1441477431.193437194 -1.71928 0.900164
1441477431.203306436 -1.60996 1.10892
1441477431.213145954 -1.39591 1.63684
1441477431.223000451 -1.47306 1.41869
1441477431.233307441 -1.59174 0.807256
1441477431.243250878 -1.58081 0.95327
1441477431.253090379 -1.66368 0.931606
1441477431.263380982 -1.79656 0.876668
1441477431.273236847 -1.73882 1.04883
1441477431.283089528 -1.7014 1.13519
1441477431.293415918 -1.70648 1.41787
1441477431.303311161 -1.61395 1.47524
1441477431.313134806 -1.73077 1.13714
1441477431.323056489 -1.60011 1.17506
1441477431.333344628 -1.62556 0.657258
1441477431.343204169 -1.90248 0.272889
1441477431.353067029 -1.69979 0.815494
1441477431.363385592 -1.82532 0.701242
1441477431.373274819 -1.80452 0.596895
1441477431.383102423 -1.86387 0.684499
1441477431.393393342 -1.92644 0.90187
1441477431.403281443 -1.90185 1.01726
1441477431.413148793 -1.96765 0.836972
1441477431.423009674 -1.8918 0.916534
1441477431.433328566 -1.92915 0.818933
1441477431.443240367 -2.03294 0.793237
1441477431.453113848 -1.99241 1.06436
1441477431.463382077 -2.09777 0.976006
1441477431.473257813 -2.05424 1.07234
1441477431.483132274 -1.94895 1.32881
1441477431.492975486 -1.92327 1.42042
1441477431.503271079 -1.97625 1.29113
1441477431.513190999 -1.84327 1.33029
1441477431.523067386 -2.01964 0.904018
1441477431.533389325 -1.94796 0.943244
1441477431.543249966 -2.12304 0.822392
1441477431.553043821 -2.15342 0.488057
1441477431.563023345 -2.01319 0.681127
1441477431.573301345 -1.89797 0.906017
1441477431.583125228 -1.91451 0.687752
1441477431.592987435 -1.93212 0.809875
1441477431.603311595 -1.91652 0.870778
1441477431.613253603 -1.85769 0.882432
1441477431.623127339 -1.94228 0.706028
1441477431.633420175 -1.87667 0.860033
1441477431.643280278 -1.85633 0.802256
1441477431.653119545 -1.91595 0.654423
1441477431.663470930 -1.95669 0.921323
1441477431.673311234 -1.97513 0.817146
1441477431.683141047 -2.01734 0.640118
1441477431.693052248 -1.90503 0.706647
1441477431.703287815 -1.71189 0.756075
1441477431.713197674 -1.79034 0.594402
1441477431.723061624 -1.72013 0.833766
1441477431.733445846 -1.79513 0.859188
1441477431.743214278 -1.75129 0.720305
1441477431.753133867 -1.96312 0.781596
1441477431.763412976 -1.85621 1.30792
1441477431.773331749 -1.85649 1.47745
1441477431.783166280 -1.90787 1.2536
1441477431.793002584 -1.86138 1.30119
1441477431.803301299 -1.92658 1.22344
1441477431.813226682 -2.03283 1.01145
1441477431.823097321 -2.04392 0.812163
1441477431.833350313 -1.91452 0.886285
1441477431.843263278 -1.84001 1.19971
1441477431.853114538 -2.09919 1.10745
1441477431.863486164 -2.0485 1.24069
1441477431.873292787 -2.13824 1.09937
1441477431.883164374 -2.02799 1.19751
1441477431.893108080 -1.93654 1.42203
1441477431.903410856 -1.92198 0.881611
1441477431.913212142 -1.98753 0.634786
1441477431.923127358 -1.74874 0.812488
1441477431.933468278 -1.772 0.573755
1441477431.943253204 -1.74979 0.749174
1441477431.953098673 -1.75051 0.936149
1441477431.963010562 -1.71311 1.00341
1441477431.973326366 -1.78895 0.914591
1441477431.983202010 -1.89041 0.794086
1441477431.993059216 -1.95598 0.596073
1441477432.003321205 -1.75049 0.680047
1441477432.013228287 -1.92237 0.690487
1441477432.023112405 -1.90875 0.982304
1441477432.033455541 -1.72918 1.45882
1441477432.043237416 -1.68578 1.37751
1441477432.053163604 -1.80024 0.94743
1441477432.062996604 -1.72003 0.782977
1441477432.073241045 -1.80973 0.461505
1441477432.083240108 -1.82949 0.596979
1441477432.093030185 -1.76066 0.764877
1441477432.103362630 -1.71481 0.736398
1441477432.113250914 -1.72038 0.666356
1441477432.123125178 -1.68161 0.778819
1441477432.133427849 -1.60247 0.845262
1441477432.143281412 -1.71566 0.719933
1441477432.153170632 -1.86483 0.633775
1441477432.163016876 -1.81038 0.817229
1441477432.173327319 -1.75458 1.21951
1441477432.183214892 -1.79052 1.41743
1441477432.193071935 -1.60564 1.63767
1441477432.203392542 -1.74968 1.16505
1441477432.213243642 -1.72855 1.20967
1441477432.223169141 -1.85052 1.03545
1441477432.233475315 -1.83559 0.585265
1441477432.243296793 -1.84995 0.722017
1441477432.253194597 -1.88643 1.05167
1441477432.263055326 -1.84256 1.2146
1441477432.273388758 -1.91184 1.25184
1441477432.283264116 -1.85095 1.30805
1441477432.293102049 -1.81692 1.22987
1441477432.303403128 -1.86098 1.23543
1441477432.313327927 -1.84981 1.50991
1441477432.323159296 -1.57937 1.59281
1441477432.333503248 -1.6394 1.47603
1441477432.343343703 -1.56539 1.43785
1441477432.353229251 -1.63011 1.33108
1441477432.363086364 -1.81137 0.843953
1441477432.373403128 -1.59294 1.06287
1441477432.383275235 -1.51594 1.18029
1441477432.393112795 -1.61743 1.31364
1441477432.403419689 -1.53151 1.74476
1441477432.413322603 -1.71678 1.29858
1441477432.423148339 -1.88461 1.30756
1441477432.433013052 -1.78699 1.69577
1441477432.443336744 -1.83392 1.30995
1441477432.453242441 -1.90539 1.14646
1441477432.463079045 -1.80636 1.23508
1441477432.473410478 -2.01519 0.876175
1441477432.483299463 -1.79633 1.28625
1441477432.493135429 -1.81307 1.48482
1441477432.503465653 -2.00711 1.20701
1441477432.513298611 -1.95958 1.0633
1441477432.523196296 -2.05361 0.831047
1441477432.533081371 -1.99652 0.915516
1441477432.543356798 -1.90822 0.886142
1441477432.553204998 -1.90483 0.849732
1441477432.563127945 -1.85457 1.11738
1441477432.573433425 -1.78527 1.37101
1441477432.583269176 -1.75876 1.39671
1441477432.593090367 -1.8569 1.47692
1441477432.603419415 -1.774 1.46432
1441477432.613304040 -1.81453 1.17592
1441477432.623202690 -1.8074 0.912689
1441477432.633036757 -1.63194 1.17086
1441477432.643406143 -1.69874 0.934903
1441477432.653204462 -1.82223 0.744766
1441477432.663152332 -1.87539 0.848248
1441477432.673383480 -1.87559 1.00882
1441477432.683258371 -1.79111 1.13047
1441477432.693105200 -1.86477 1.00697
1441477432.703387206 -1.87264 0.830094
1441477432.713275311 -1.89613 0.788673
1441477432.723127001 -1.86418 0.951228
1441477432.733051521 -1.9143 1.08509
1441477432.743319512 -1.95127 1.25071
1441477432.753214251 -1.88451 1.4329
1441477432.763124880 -1.81361 1.4312
1441477432.773424342 -1.90422 1.18174
1441477432.783346069 -1.93392 0.887891
1441477432.793053517 -1.96733 0.840998
1441477432.802964654 -1.9367 0.898673
1441477432.813353954 -1.85735 0.83966
1441477432.823159630 -1.84501 1.0309
1441477432.833030958 -1.93443 1.29473
1441477432.843363752 -1.73333 1.72021
1441477432.853224752 -1.61356 1.55023
1441477432.863127753 -1.64383 1.37969
1441477432.873380009 -1.65532 1.34116
1441477432.883301475 -1.70614 1.13064
1441477432.893151401 -1.75433 1.00986
1441477432.902972766 -1.68826 0.95539
1441477432.913265373 -1.81787 0.967515
1441477432.923140467 -1.81656 0.898536
1441477432.933029963 -1.8297 0.86269
1441477432.942910238 -1.66015 1.15885
1441477432.953206512 -1.59424 1.07867
1441477432.963101264 -1.66914 0.765474
1441477432.973374741 -1.88472 0.414183
1441477432.983246553 -1.70802 0.561742
1441477432.993151671 -1.72002 0.513126
1441477433.003019450 -1.70904 0.415719
126
1441477429.223741991 529 28.9 30 0.557 0 0 0.83
1441477429.229019419 398.3 88.9 30 0.557 0 0 0.83
1441477429.259632775 398.3 88.9 30 0.557 0 0 0.83
1441477429.286038868 398.3 88.9 30 0.557 0 0 0.83
1441477429.316571749 398.4 88.9 30 0.557 0 0 0.83
1441477429.346032618 398.4 88.9 30 0.557 0 0 0.83
1441477429.376677788 398.4 88.9 30 0.557 0 0 0.83
1441477429.412804625 398.4 88.9 30 0.557 0 0 0.831
1441477429.442785666 398.4 88.9 30 0.556 0 0 0.831
1441477429.472694484 398.4 88.9 30 0.555 0 0 0.832
1441477429.505480262 398.4 88.9 30 0.555 0 0 0.832
1441477429.531876093 398.4 88.9 30 0.554 0 0 0.832
1441477429.562665000 398.4 88.9 30 0.554 0 0 0.833
1441477429.592571613 398.3 88.9 30 0.553 0 0 0.833
1441477429.622326200 398.4 88.9 30 0.553 0 0 0.833
1441477429.652278557 398.4 88.9 30 0.552 0 0 0.834
1441477429.681959147 398.3 88.9 30 0.551 0 0 0.834
1441477429.712342086 398.3 88.9 30 0.551 0 0 0.835
1441477429.741886779 398.3 88.9 30 0.55 0 0 0.835
1441477429.772317792 398.3 88.9 30 0.55 0 0 0.835
1441477429.808007889 398.4 88.9 30 0.549 0 0 0.836
1441477429.835322717 398.3 88.9 30 0.549 0 0 0.836
1441477429.865738556 398.3 88.9 30 0.548 0 0 0.836
1441477429.895340942 398.3 88.9 30 0.548 0 0 0.837
1441477429.925781561 398.3 88.9 30 0.547 0 0 0.837
1441477429.958259817 398.3 88.9 30 0.546 0 0 0.838
1441477429.988639645 398.3 88.9 30 0.546 0 0 0.838
1441477430.018089031 398.3 88.9 30 0.545 0 0 0.838
1441477430.048564368 398.3 88.9 30 0.545 0 0 0.839
1441477430.075832081 398.3 88.9 30 0.544 0 0 0.839
1441477430.108449838 398.3 88.9 30 0.544 0 0 0.839
1441477430.135783242 398.3 88.9 30 0.543 0 0 0.84
1441477430.168470255 398.3 88.9 30 0.543 0 0 0.84
1441477430.195771884 398.3 88.9 30 0.542 0 0 0.84
1441477430.231459823 398.3 88.9 30 0.541 0 0 0.841
1441477430.258717786 398.3 88.9 30 0.541 0 0 0.841
1441477430.291297486 398.3 88.9 30 0.54 0 0 0.841
1441477430.318573640 398.3 88.9 30 0.54 0 0 0.842
1441477430.351138606 398.3 88.9 30 0.539 0 0 0.842
1441477430.381619951 398.3 88.9 30 0.539 0 0 0.843
1441477430.411063020 398.3 88.9 30 0.538 0 0 0.843
1441477430.441576567 398.3 88.9 30 0.537 0 0 0.843
1441477430.471075842 398.4 88.9 30 0.537 0 0 0.844
1441477430.498491215 398.3 88.9 30 0.536 0 0 0.844
1441477430.531062359 398.3 88.9 30 0.536 0 0 0.844
1441477430.558261721 398.3 88.9 30 0.535 0 0 0.845
1441477430.591866333 398.3 88.9 30 0.535 0 0 0.845
1441477430.618101862 398.3 88.9 30 0.534 0 0 0.845
1441477430.651724297 398.3 88.9 30 0.534 0 0 0.846
1441477430.677995167 398.3 88.9 30 0.533 0 0 0.846
1441477430.711544663 398.3 88.9 30 0.533 0 0 0.846
1441477430.740977831 398.3 88.9 30 0.532 0 0 0.847
1441477430.774670069 398.3 88.9 30 0.531 0 0 0.847
1441477430.800964714 398.3 88.9 30 0.531 0 0 0.848
1441477430.834672917 398.3 88.9 30 0.53 0 0 0.848
1441477430.864128853 398.3 88.9 30 0.53 0 0 0.848
1441477430.894680050 398.3 88.9 30 0.529 0 0 0.849
1441477430.924068959 398.3 88.9 30 0.529 0 0 0.849
1441477430.954623465 398.3 88.9 30 0.528 0 0 0.849
1441477430.984118065 398.3 88.9 30 0.527 0 0 0.85
1441477431.014583538 398.3 88.9 30 0.527 0 0 0.85
1441477431.044098183 398.4 88.9 30 0.526 0 0 0.85
1441477431.074651543 398.3 88.9 30 0.526 0 0 0.851
1441477431.104053399 398.3 88.9 30 0.525 0 0 0.851
1441477431.137729561 398.3 88.9 30 0.525 0 0 0.851
1441477431.167183782 398.3 88.9 30 0.524 0 0 0.852
1441477431.197651856 398.3 88.9 30 0.524 0 0 0.852
1441477431.227175680 398.3 88.9 30 0.523 0 0 0.852
1441477431.257622348 398.3 88.9 30 0.522 0 0 0.853
1441477431.286988118 398.3 88.9 30 0.522 0 0 0.853
1441477431.317479005 398.3 88.9 30 0.521 0 0 0.853
1441477431.346905972 398.3 88.9 30 0.521 0 0 0.854
1441477431.380303997 398.3 88.9 30 0.52 0 0 0.854
1441477431.407584543 398.3 88.9 30 0.52 0 0 0.854
1441477431.440611560 398.3 88.9 30 0.519 0 0 0.855
1441477431.466997616 398.3 88.9 30 0.518 0 0 0.855
1441477431.500220994 398.3 88.9 30 0.518 0 0 0.855
1441477431.526813603 398.3 88.9 30 0.517 0 0 0.856
1441477431.560432263 398.3 88.9 30 0.517 0 0 0.856
1441477431.589997878 398.3 88.9 30 0.516 0 0 0.856
1441477431.620478012 398.3 88.9 30 0.516 0 0 0.857
1441477431.650337972 398.3 88.9 30 0.515 0 0 0.857
1441477431.680093777 398.3 88.9 30 0.515 0 0 0.857
1441477431.710828919 398.3 88.9 30 0.514 0 0 0.858
1441477431.740234289 398.3 88.9 30 0.513 0 0 0.858
1441477431.770818762 398.3 88.9 30 0.513 0 0 0.859
1441477431.800602934 398.3 88.9 30 0.512 0 0 0.859
1441477431.830369773 398.3 88.9 30 0.512 0 0 0.859
1441477431.863204181 398.3 88.9 30 0.511 0 0 0.86
1441477431.890630339 398.3 88.9 30 0.511 0 0 0.86
1441477431.923623651 398.3 88.9 30 0.51 0 0 0.86
1441477431.950035577 398.3 88.9 30 0.509 0 0 0.861
1441477431.983857161 398.3 88.9 30 0.509 0 0 0.861
1441477432.010390760 398.3 88.9 30 0.508 0 0 0.861
1441477432.043443314 398.3 88.9 30 0.508 0 0 0.862
1441477432.073155689 398.3 88.9 30 0.507 0 0 0.862
1441477432.103797315 398.3 88.9 30 0.507 0 0 0.862
1441477432.130299803 398.3 88.9 30 0.506 0 0 0.863
1441477432.163022003 398.3 88.9 30 0.505 0 0 0.863
1441477432.190603669 398.3 88.9 30 0.505 0 0 0.863
1441477432.223320585 398.3 88.9 30 0.504 0 0 0.863
1441477432.250882384 398.3 88.9 30 0.504 0 0 0.864
1441477432.283723631 398.3 88.9 30 0.503 0 0 0.864
1441477432.310265630 398.3 88.9 30 0.503 0 0 0.865
1441477432.343013026 398.3 88.9 30 0.502 0 0 0.865
1441477432.370536757 398.3 88.9 30 0.501 0 0 0.865
1441477432.403419119 398.3 88.9 30 0.501 0 0 0.865
1441477432.430864581 398.3 88.9 30 0.5 0 0 0.866
1441477432.463733183 398.3 88.9 30 0.5 0 0 0.866
1441477432.493491371 398.3 88.9 30 0.499 0 0 0.867
1441477432.526318904 398.3 88.9 30 0.499 0 0 0.867
1441477432.553044694 398.3 88.9 30 0.498 0 0 0.867
1441477432.585991205 398.3 88.9 30 0.498 0 0 0.867
1441477432.613605920 398.3 88.9 30 0.497 0 0 0.868
1441477432.646520302 398.3 88.9 30 0.496 0 0 0.868
1441477432.673016667 398.3 88.9 30 0.496 0 0 0.868
1441477432.706496127 398.3 88.9 30 0.495 0 0 0.869
1441477432.733062902 398.3 88.9 30 0.495 0 0 0.869
1441477432.766345796 398.3 88.9 30 0.494 0 0 0.869
1441477432.793050265 398.3 88.9 30 0.493 0 0 0.87
1441477432.826211754 398.3 88.9 30 0.493 0 0 0.87
1441477432.853782606 398.3 88.9 30 0.492 0 0 0.87
1441477432.886841420 398.3 88.9 30 0.492 0 0 0.871
1441477432.913268838 398.3 88.9 30 0.491 0 0 0.871
1441477432.946080631 398.3 88.9 30 0.491 0 0 0.871
1441477432.976459136 398.3 88.9 30 0.49 0 0 0.872
