10
TwoPointRotation
75 0 0
235.503 115.172 0
0 1 0
-20 0
TwoPointRotation
0 75 0
101.945 -98.8513 0
1 0 0
-20 0
TwoPointRotation
75 75 0
156.583 -107.748 0
-0.707107 -0.707107 0
20 0
TwoPointRotation
75 75 0
216.331 -14.3649 0
-0.707107 -0.707107 0
20 0
TwoPointRotation
75 75 0
-21.2795 200.755 0
-0.707107 -0.707107 0
-20 0
TwoPointRotation
0 75 0
-28.4925 -55.1119 0
1 0 0
-20 0
TwoPointRotation
75 75 0
-145.862 125.735 0
-0.707107 -0.707107 0
-20 0
TwoPointRotation
75 75 0
53.9439 -13.9133 0
-0.707107 -0.707107 0
20 0
TwoPointRotation
75 0 0
128.383 71.1204 0
0 1 0
-20 0
TwoPointRotation
75 75 0
-5.64346 261.187 0
-0.707107 -0.707107 0
-20 0
