50
TwoPointRotation
69.4271 0 0
234.181 30.6048 0
-0 1 -0
-10 1
TwoPointRotation
39.1661 110.834 0
290.749 187.762 0
-0.707107 -0.707107 0
10 1
TwoPointRotation
50.0115 99.9885 0
45.5221 338.759 0
-0.707107 -0.707107 0
-10 1
TwoPointRotation
0 71.0382 0
-26.2924 -32.9696 0
1 -0 -0
-10 1
TwoPointRotation
62.7309 87.2691 0
-94.1714 -36.5584 0
-0.707107 -0.707107 0
-10 1
TwoPointRotation
0 35.0308 0
128.778 119.917 0
1 -0 -0
10 1
TwoPointRotation
0 116.233 0
132.94 40.6467 0
1 -0 -0
-10 1
TwoPointRotation
47.6875 102.312 0
-14.7256 15.312 0
-0.707107 -0.707107 0
10 1
TwoPointRotation
33.8334 116.167 0
-228.044 82.0285 0
-0.707107 -0.707107 0
-10 1
TwoPointRotation
30.2268 119.773 0
-229.257 176.919 0
-0.707107 -0.707107 0
-10 1
TwoPointRotation
0 113.805 0
202.429 170.518 0
1 -0 -0
10 1
TwoPointRotation
0 57.1792 0
28.7192 131.6 0
1 -0 -0
10 1
TwoPointRotation
36.21 113.79 0
267.321 120.381 0
-0.707107 -0.707107 0
10 1
TwoPointRotation
67.574 0 0
236.601 46.2605 0
-0 1 -0
-10 1
TwoPointRotation
59.4163 90.5837 0
180.376 -85.0881 0
-0.707107 -0.707107 0
10 1
TwoPointRotation
55.0477 94.9523 0
-134.935 -21.9752 0
-0.707107 -0.707107 0
-10 1
TwoPointRotation
122.521 27.4792 0
52.3387 239.106 0
-0.707107 -0.707107 0
-10 1
TwoPointRotation
0 42.1886 0
232.905 74.068 0
1 -0 -0
10 1
TwoPointRotation
48.6626 101.337 0
82.8229 -25.4382 0
-0.707107 -0.707107 0
10 1
TwoPointRotation
91.5189 58.4811 0
203.155 -19.3007 0
-0.707107 -0.707107 0
10 1
TwoPointRotation
29.2985 120.701 0
-43.1287 146.988 0
-0.707107 -0.707107 0
-10 1
TwoPointRotation
0 77.647 0
-184.196 296.533 0
1 -0 -0
10 1
TwoPointRotation
0 104.383 0
-66.1318 -17.8604 0
1 -0 -0
-10 1
TwoPointRotation
84.0596 65.9404 0
-185.753 15.6502 0
-0.707107 -0.707107 0
-10 1
TwoPointRotation
0 77.1267 0
-213.789 226.563 0
1 -0 -0
10 1
TwoPointRotation
127.869 22.1308 0
-74.8832 69.3528 0
-0.707107 -0.707107 0
-10 1
TwoPointRotation
126.385 23.6151 0
-75.4806 95.8997 0
-0.707107 -0.707107 0
-10 1
TwoPointRotation
57.959 92.041 0
-129.307 120.164 0
-0.707107 -0.707107 0
-10 1
TwoPointRotation
27.8333 122.167 0
245.642 62.6087 0
-0.707107 -0.707107 0
10 1
TwoPointRotation
42.4478 107.552 0
115.898 350.714 0
-0.707107 -0.707107 0
-10 1
TwoPointRotation
0 65.1664 0
6.83338 -78.4912 0
1 -0 -0
-10 1
TwoPointRotation
0 69.012 0
22.5983 146.604 0
1 -0 -0
10 1
TwoPointRotation
0 36.1841 0
160.04 -26.2468 0
1 -0 -0
-10 1
TwoPointRotation
0 50.104 0
30.0398 187.46 0
1 -0 -0
10 1
TwoPointRotation
0 85.8895 0
-150.657 249.367 0
1 -0 -0
10 1
TwoPointRotation
53.9788 96.0212 0
124.187 337.637 0
-0.707107 -0.707107 0
-10 1
TwoPointRotation
46.8573 103.143 0
50.6401 333.937 0
-0.707107 -0.707107 0
-10 1
TwoPointRotation
33.1435 116.856 0
-66.9865 281.747 0
-0.707107 -0.707107 0
-10 1
TwoPointRotation
49.3111 100.689 0
-108.656 251.489 0
-0.707107 -0.707107 0
-10 1
TwoPointRotation
102.221 47.7794 0
73.9938 187.828 0
-0.707107 -0.707107 0
-10 1
TwoPointRotation
100.096 0 0
172.682 -33.2113 0
-0 1 -0
-10 1
TwoPointRotation
62.8649 87.1351 0
-10.2065 -8.07013 0
-0.707107 -0.707107 0
10 1
TwoPointRotation
117.705 0 0
72.5471 -86.2564 0
-0 1 -0
10 1
TwoPointRotation
69.9128 80.0872 0
90.6068 8.35421 0
-0.707107 -0.707107 0
10 1
TwoPointRotation
51.671 98.329 0
266.263 101.518 0
-0.707107 -0.707107 0
10 1
TwoPointRotation
0 103.636 0
185.118 -42.6714 0
1 -0 -0
-10 1
TwoPointRotation
0 62.0518 0
201.126 111.666 0
1 -0 -0
10 1
TwoPointRotation
63.8425 86.1575 0
119.269 375.005 0
-0.707107 -0.707107 0
-10 1
TwoPointRotation
46.8608 0 0
-43.1533 61.2527 0
-0 1 -0
10 1
TwoPointRotation
67.8968 0 0
306.953 -246.7 0
-0 1 -0
-10 1
