20
TwoPointRotation
75 75 0
26.9903 144.649 0
-0.707107 -0.707107 0
-20 0
TwoPointRotation
75 75 0
68.0552 89.4515 0
-0.707107 -0.707107 0
-20 0
TwoPointRotation
75 75 0
-57.9825 174.066 0
-0.707107 -0.707107 0
-20 0
TwoPointRotation
75 0 0
-95.1912 59.4001 0
0 1 0
20 0
TwoPointRotation
75 75 0
-50.8378 203.892 0
-0.707107 -0.707107 0
-20 0
TwoPointRotation
75 75 0
77.4864 -55.1901 0
-0.707107 -0.707107 0
20 0
TwoPointRotation
75 75 0
134.827 0.089722 0
-0.707107 -0.707107 0
20 0
TwoPointRotation
75 0 0
179.103 191.65 0
0 1 0
-20 0
TwoPointRotation
0 75 0
-164.311 23.6393 0
1 0 0
-20 0
TwoPointRotation
75 0 0
29.8266 0.193022 0
0 1 0
20 0
TwoPointRotation
75 75 0
141.577 208.977 0
-0.707107 -0.707107 0
-20 0
TwoPointRotation
75 0 0
89.059 -179.11 0
0 1 0
-20 0
TwoPointRotation
0 75 0
-199.05 -105.511 0
1 0 0
-20 0
TwoPointRotation
75 0 0
254.779 -141.062 0
0 1 0
-20 0
TwoPointRotation
75 75 0
176.94 59.8693 0
-0.707107 -0.707107 0
20 0
TwoPointRotation
0 75 0
-34.9611 223.896 0
1 0 0
20 0
TwoPointRotation
0 75 0
73.3445 -111.909 0
1 0 0
-20 0
TwoPointRotation
75 75 0
-139.254 45.2569 0
-0.707107 -0.707107 0
-20 0
TwoPointRotation
75 75 0
308.992 91.9451 0
-0.707107 -0.707107 0
20 0
TwoPointRotation
0 75 0
59.3929 20.9447 0
1 0 0
-20 0
