20
678.252 31.6883 11.0824 0.382859 0.00154176 -0.00200581 0.923804
703.955 41.4311 13.283 0.299063 -0.0112549 -0.00343465 0.954161
177
1441163955.122935387 0.088107 -0.112742
1441163955.130097977 0.092681 -0.114102
1441163955.139996766 0.100159 -0.110391
1441163955.149916858 0.089742 -0.118254
1441163955.160337552 0.087293 -0.116873
1441163955.170028930 0.097083 -0.113184
1441163955.180004229 0.087888 -0.117083
1441163955.190614673 0.090755 -0.119815
1441163955.200439003 0.103793 -0.103386
1441163955.210139165 0.090778 -0.110734
1441163955.219836629 0.097993 -0.123797
1441163955.230490493 0.089219 -0.086615
1441163955.240240370 0.091901 -0.099061
1441163955.250074692 0.08077 -0.102085
1441163955.260503068 0.098467 -0.066976
1441163955.270206518 0.751386 1.1013
1441163955.280054532 1.30107 2.02717
1441163955.290644230 1.90726 3.24285
1441163955.300383288 1.88227 3.36712
1441163955.310007094 1.60662 2.85439
1441163955.320459525 1.50507 2.73026
1441163955.330490566 1.55931 2.7584
1441163955.340301766 1.74663 3.06563
1441163955.350534629 1.70999 2.92937
1441163955.360510589 2.01659 3.6816
1441163955.370326980 1.84571 3.5354
1441163955.380099424 1.88555 3.4673
1441163955.390400802 1.75966 3.18084
1441163955.400265079 1.87128 3.36099
1441163955.410152408 1.88358 3.45638
1441163955.420284256 1.81184 3.4221
1441163955.430146113 1.90467 3.50171
1441163955.439976645 1.89712 3.53794
1441163955.450096215 1.79448 3.26661
1441163955.460388737 1.88781 3.43234
1441163955.470515866 1.93635 3.41843
1441163955.480271256 1.90151 3.34696
1441163955.490162418 1.86714 3.35699
1441163955.500276414 1.88224 3.36347
1441163955.510164225 1.7674 3.22804
1441163955.520663359 1.76063 3.21239
1441163955.530415897 1.87845 3.46394
1441163955.540318388 1.79204 3.33228
1441163955.549836411 1.72154 3.21899
1441163955.560259557 1.71244 3.34745
1441163955.570055195 1.69267 3.38068
1441163955.580174021 1.72616 3.35655
1441163955.590468366 1.70935 3.25393
1441163955.600426194 1.76221 3.23405
1441163955.610180120 1.76608 3.24143
1441163955.620453674 1.83641 3.2983
1441163955.630411155 1.81254 3.23615
1441163955.640271243 1.8369 3.43818
1441163955.650558997 1.7491 3.35146
1441163955.660438791 1.728 3.27859
1441163955.670262408 1.76441 3.26333
1441163955.680247394 1.81106 3.29219
1441163955.690486160 1.85423 3.35916
1441163955.700353325 1.86833 3.46566
1441163955.710119605 1.84299 3.42001
1441163955.720267141 1.90091 3.43517
1441163955.730399106 1.81929 3.22214
1441163955.740244776 1.78765 3.22292
1441163955.750212040 1.80652 3.36652
1441163955.760457573 1.79118 3.41675
1441163955.770215173 1.82437 3.44386
1441163955.780169027 1.77246 3.24246
1441163955.790085534 1.87966 3.42956
1441163955.800246978 1.84642 3.35293
1441163955.810168852 1.85033 3.36125
1441163955.820177809 1.78776 3.30196
1441163955.830094771 1.80938 3.36774
1441163955.840026085 1.79469 3.26326
1441163955.850159367 1.80473 3.13382
1441163955.860296645 1.79124 3.09588
1441163955.870301346 1.88277 3.29066
1441163955.880236537 1.84553 3.24727
1441163955.889943861 1.82386 3.33725
1441163955.900257557 1.79183 3.34074
1441163955.910261751 1.78752 3.39437
1441163955.920021376 1.75547 3.33102
1441163955.930153615 1.72442 3.31734
1441163955.940272413 1.74518 3.4275
1441163955.950101367 1.85575 3.49032
1441163955.960344500 1.79128 3.31295
1441163955.970194092 1.81834 3.29258
1441163955.980171096 1.77686 3.26636
1441163955.989890329 1.78334 3.40617
1441163956.000129486 1.81701 3.3045
1441163956.010090602 1.80128 3.28229
1441163956.019914441 1.75746 3.23857
1441163956.030243799 1.80099 3.24667
1441163956.040213658 1.82334 3.22654
1441163956.049955678 1.90582 3.31585
1441163956.060257483 1.87994 3.29174
1441163956.070318524 1.87299 3.27073
1441163956.080234004 1.83696 3.28647
1441163956.090455240 1.91442 3.39687
1441163956.100346295 1.93732 3.41896
1441163956.110153259 1.8858 3.35661
1441163956.120027388 1.93071 3.38892
1441163956.130310181 1.91196 3.32902
1441163956.140163093 1.88824 3.27981
1441163956.150038335 1.83727 3.25115
1441163956.160376070 1.74068 3.22663
1441163956.170223563 1.7308 3.32715
1441163956.180212920 1.71968 3.39405
1441163956.190495542 1.68897 3.29586
1441163956.200358266 1.77841 3.2717
1441163956.210216448 1.82723 3.30331
1441163956.220097173 1.8069 3.43556
1441163956.230259288 1.64714 3.26575
1441163956.240058099 1.7055 3.36085
1441163956.249880833 1.68567 3.2566
1441163956.260310203 1.85483 3.43092
1441163956.270251261 1.80094 3.26526
1441163956.280242877 1.87559 3.27222
1441163956.290433287 1.87111 3.25582
1441163956.300318438 1.8234 3.34622
1441163956.310252140 1.83018 3.40114
1441163956.320422444 1.76446 3.31032
1441163956.330497893 1.77926 3.29049
1441163956.340338451 1.81091 3.32079
1441163956.350035095 1.77842 3.26676
1441163956.360481592 1.75195 3.34081
1441163956.370292189 1.74812 3.25427
1441163956.379891647 1.80719 3.29002
1441163956.390237305 1.7692 3.23078
1441163956.400403107 1.80569 3.22692
1441163956.410156237 1.85525 3.36125
1441163956.420163214 1.76615 3.13523
1441163956.430335492 1.87585 3.39628
1441163956.440312064 1.79114 3.22008
1441163956.449935967 1.80831 3.44434
1441163956.460177528 1.69497 3.22183
1441163956.470241452 1.74206 3.26556
1441163956.480139627 1.67731 3.10801
1441163956.490531988 1.70477 3.18708
1441163956.500384489 1.70984 3.21333
1441163956.510156156 1.74638 3.18364
1441163956.520501099 1.71269 3.11645
1441163956.530435137 1.72752 3.29933
1441163956.540101351 1.67391 3.2471
1441163956.550020474 1.69882 3.30908
1441163956.560448784 1.70397 3.24813
1441163956.570364876 1.80588 3.32976
1441163956.580263949 1.86914 3.30055
1441163956.590568181 1.85924 3.3087
1441163956.600401221 1.77527 3.23181
1441163956.610174663 1.80075 3.25636
1441163956.619994677 1.8275 3.39243
1441163956.630343203 1.72815 3.15543
1441163956.640146043 1.84147 3.28134
1441163956.650157094 1.7879 3.23092
1441163956.660398623 1.78276 3.28706
1441163956.670347194 1.69317 3.06279
1441163956.680278014 1.68651 3.0419
1441163956.690186751 1.75673 3.20026
1441163956.700098003 1.8503 3.40569
1441163956.710259162 1.77592 3.2813
1441163956.719905850 1.82349 3.32059
1441163956.730338336 1.81064 3.25207
1441163956.740231084 1.87905 3.32189
1441163956.749836075 1.73942 3.02467
1441163956.760327833 1.76599 3.1406
1441163956.770333862 1.74883 3.09839
1441163956.780183912 1.80806 3.21683
1441163956.790657105 1.70728 2.99015
1441163956.800355478 1.77434 3.1506
1441163956.810187887 1.79697 3.33939
1441163956.820166338 1.72899 3.24443
1441163956.830460607 1.69001 3.23759
1441163956.840231523 1.61305 3.10509
1441163956.850079402 1.68145 3.17545
1441163956.860166820 1.67263 3.17259
1441163956.870024596 1.72126 3.20771
1441163956.879884191 1.72962 3.25647
59
1441163955.122935482 571.7 31.7 23.6 1 0 0 0
1441163955.127566452 760.1 188 23.6 1 0 0 0
1441163955.159831898 760.1 188 23.6 1 0 0 0
1441163955.193424946 760.1 188 23.6 1 0 0 0
1441163955.223135784 760.1 188 23.6 1 0 0 0
1441163955.250748103 760.1 188 23.6 1 0 0 0
1441163955.283015428 760.1 188 23.6 1 0 0 0.001
1441163955.309991232 760.1 188 23.6 1 0 0 0.001
1441163955.343373037 760.1 188 23.6 1 0 0 0.002
1441163955.370347492 760.1 188 23.6 1 0 0 0.003
1441163955.403541057 760.1 188 23.6 1 0 0 0.003
1441163955.430504151 760.1 188 23.6 1 0 0 0.004
1441163955.463405632 760.1 188 23.6 1 0 0 0.005
1441163955.489938967 760.1 188 23.6 1 0 0 0.005
1441163955.523135450 760.1 188 23.6 1 0 0 0.006
1441163955.552734255 760.1 188 23.6 1 0 0 0.007
1441163955.583409301 760.1 188 23.6 1 0 0 0.007
1441163955.613496638 760.1 188 23.6 1 0 0 0.008
1441163955.643358736 760.1 188 23.6 1 0 0 0.009
1441163955.673341833 760.1 188 23.6 1 0 0 0.009
1441163955.706395756 760.1 188 23.6 1 0 0 0.01
1441163955.733090780 760.1 188 23.6 1 0 0 0.011
1441163955.766346173 760.1 188 23.6 1 0 0 0.011
1441163955.796261229 760.1 188 23.6 1 0 0 0.012
1441163955.826021187 760.1 188 23.6 1 0 0 0.013
1441163955.856308836 760.1 188 23.6 1 0 0 0.013
1441163955.886241912 760.1 188 23.6 1 0 0 0.014
1441163955.916001428 760.1 187.9 23.6 1 0 0 0.015
1441163955.946449354 760.1 188 23.6 1 0 0 0.015
1441163955.976471808 760.1 188 23.6 1 0 0 0.016
1441163956.006379339 760.1 188 23.6 1 0 0 0.017
1441163956.036964759 760.1 188 23.6 1 0 0 0.017
1441163956.069740493 760.2 188 23.6 1 0 0 0.018
1441163956.096544912 760.2 188 23.6 1 0 0 0.019
1441163956.126535605 760.1 188 23.6 1 0 0 0.019
1441163956.156430775 760.2 188 23.6 1 0 0 0.02
1441163956.186525690 760.2 188 23.6 1 0 0 0.02
1441163956.216496860 760.2 188 23.6 1 0 0 0.021
1441163956.246523658 760.2 188 23.6 1 0 0 0.022
1441163956.276240234 760.2 188 23.6 1 0 0 0.022
1441163956.306082421 760.2 188 23.6 1 0 0 0.023
1441163956.336072735 760.2 188 23.6 1 0 0 0.024
1441163956.366494840 760.2 188 23.6 1 0 0 0.024
1441163956.396275506 760.2 188 23.6 1 0 0 0.025
1441163956.429642772 760.2 188 23.6 1 0 0 0.026
1441163956.458832911 760.2 188 23.6 1 0 0 0.026
1441163956.489885444 760.2 188 23.6 1 0 0 0.027
1441163956.519813745 760.2 188 23.6 1 0 0 0.028
1441163956.549277909 760.2 188 23.6 1 0 0 0.028
1441163956.579528439 760.2 188 23.6 1 0 0 0.029
1441163956.609475768 760.2 188 23.6 1 0 0 0.03
1441163956.639574061 760.2 188 23.6 1 0 0 0.03
1441163956.669741535 760.2 188 23.6 1 0 0 0.031
1441163956.699077314 760.2 187.9 23.6 1 0 0 0.032
1441163956.729818776 760.2 188 23.6 0.999 0 0 0.032
1441163956.759205317 760.2 188 23.6 0.999 0 0 0.033
1441163956.792681227 760.2 188 23.6 0.999 0 0 0.034
1441163956.819818949 760.2 188 23.6 0.999 0 0 0.034
1441163956.851994377 760.2 188 23.6 0.999 0 0 0.035
