10
TwoPointRotation
75.182 0 0
239.936 15.3024 0
-0 1 -0
-10 1
TwoPointRotation
52.113 97.887 0
221.568 92.6871 0
-0.707107 -0.707107 0
10 1
TwoPointRotation
0 76.211 0
-13.1462 -27.7968 0
1 -0 -0
-10 1
TwoPointRotation
67.1637 82.8363 0
-19.5561 29.1912 0
-0.707107 -0.707107 0
-10 1
TwoPointRotation
0 53.2131 0
64.3888 138.1 0
1 -0 -0
10 1
TwoPointRotation
38.945 111.055 0
-61.5038 117.501 0
-0.707107 -0.707107 0
-10 1
TwoPointRotation
57.5556 92.4444 0
32.4959 42.7973 0
-0.707107 -0.707107 0
10 1
TwoPointRotation
48.707 101.293 0
-139.166 141.159 0
-0.707107 -0.707107 0
-10 1
TwoPointRotation
37.8486 112.151 0
6.38168 0.47933 0
-0.707107 -0.707107 0
10 1
TwoPointRotation
0 67.3593 0
14.3596 141.78 0
1 -0 -0
10 1
