10
TwoPointRotation
75.182 0 0
141.084 12.2419 0
-0 1 -0
-10 1
TwoPointRotation
52.113 97.887 0
152.746 128.658 0
-0.707107 -0.707107 0
10 1
TwoPointRotation
59.0399 90.9601 0
57.2441 186.468 0
-0.707107 -0.707107 0
-10 1
TwoPointRotation
0 76.211 0
-10.517 34.6079 0
1 -0 -0
-10 1
TwoPointRotation
67.1637 82.8363 0
4.40282 33.3053 0
-0.707107 -0.707107 0
-10 1
TwoPointRotation
0 53.2131 0
51.511 87.1678 0
1 -0 -0
10 1
TwoPointRotation
38.945 111.055 0
-20.0351 94.8327 0
-0.707107 -0.707107 0
-10 1
TwoPointRotation
57.5556 92.4444 0
32.5903 57.6442 0
-0.707107 -0.707107 0
10 1
TwoPointRotation
48.707 101.293 0
-56.0439 87.6378 0
-0.707107 -0.707107 0
-10 1
TwoPointRotation
46.4035 103.597 0
-57.3901 126.455 0
-0.707107 -0.707107 0
-10 1
