20
TwoPointRotation
75 75 0
127.332 8.94371 0
-0.707107 -0.707107 0
10 0.5
TwoPointRotation
75 75 0
66.4392 15.5644 0
-0.707107 -0.707107 0
10 0.5
TwoPointRotation
75 75 0
-45.893 56.3785 0
-0.707107 -0.707107 0
-10 0.5
TwoPointRotation
75 75 0
19.1859 149.237 0
-0.707107 -0.707107 0
-10 0.5
TwoPointRotation
75 75 0
-49.1222 54.6619 0
-0.707107 -0.707107 0
-10 0.5
TwoPointRotation
75 75 0
162.352 -9.37233 0
-0.707107 -0.707107 0
10 0.5
TwoPointRotation
75 75 0
109.968 8.45739 0
-0.707107 -0.707107 0
10 0.5
