20
554.944 -145.419 10.3665 0.914895 0.00224711 -0.0024265 0.403678
571.983 -157.132 10.1113 0.87947 0.00371249 -0.00271799 0.475932
176
1441244540.277810856 0.085781 -0.105685
1441244540.280017069 0.086749 -0.102822
1441244540.289819042 0.086378 -0.103762
1441244540.300071772 0.084748 -0.10397
1441244540.310170638 0.090909 -0.108414
1441244540.319946174 0.087219 -0.106388
1441244540.330150637 0.084102 -0.096863
1441244540.340367065 0.086389 -0.101537
1441244540.350171574 0.08379 -0.101184
1441244540.360145352 0.093631 -0.116617
1441244540.370396901 0.095356 -0.111987
1441244540.380067036 0.089129 -0.100847
1441244540.390016527 0.078182 -0.096059
1441244540.400312997 0.085635 -0.102285
1441244540.410215577 0.096567 -0.112558
1441244540.420072519 0.092188 -0.100116
1441244540.430357969 0.089604 -0.089755
1441244540.440181971 0.081175 -0.094267
1441244540.450109343 0.083952 -0.101245
1441244540.460419469 0.082993 -0.097346
1441244540.470266711 0.083494 -0.107723
1441244540.480107487 0.084603 -0.10057
1441244540.490024932 0.091584 -0.113272
1441244540.500350207 0.084958 -0.099559
1441244540.509959930 0.082966 -0.100776
1441244540.519825437 0.092924 -0.106223
1441244540.530407337 0.086594 -0.101485
1441244540.540325398 0.085446 -0.104378
1441244540.550097545 0.086735 -0.103865
1441244540.560018744 0.086388 -0.10367
1441244540.570149555 0.085606 -0.103257
1441244540.580223028 0.093837 -0.1076
1441244540.590096646 0.090047 -0.10683
1441244540.600378241 0.080414 -0.092705
1441244540.610132598 0.08094 -0.101946
1441244540.620067352 0.093616 -0.11099
1441244540.630224879 0.081912 -0.113536
1441244540.640436529 0.088433 -0.102586
1441244540.650153620 0.08489 -0.099517
1441244540.659973583 0.143563 -0.057005
1441244540.670327406 1.11888 1.29651
1441244540.680192642 2.25483 2.26225
1441244540.690156413 2.75634 2.10469
1441244540.700282635 2.71357 1.73189
1441244540.710256458 3.02516 1.7281
1441244540.720094415 3.29989 1.75341
1441244540.730430163 3.49679 1.71275
1441244540.740354643 3.50828 1.60398
1441244540.750224818 3.2653 1.52116
1441244540.760457671 3.29021 1.59762
1441244540.770303619 3.27098 1.63435
1441244540.780233928 3.36779 1.55665
1441244540.789807738 3.23904 1.52796
1441244540.800507364 3.31501 1.54001
1441244540.810217027 3.18122 1.5199
1441244540.820124172 3.08658 1.33958
1441244540.830461486 3.24201 1.49531
1441244540.840260054 3.27608 1.45985
1441244540.850174576 3.27707 1.41776
1441244540.860138057 3.24146 1.34221
1441244540.870339691 3.43373 1.42298
1441244540.880188082 3.37034 1.35983
1441244540.890085307 3.41226 1.3062
1441244540.899890607 3.41831 1.34281
1441244540.910265458 3.38065 1.21175
1441244540.920063160 3.45657 1.36587
1441244540.930386291 3.44971 1.33514
1441244540.940068569 3.42741 1.31805
1441244540.950014727 3.48024 1.34918
1441244540.960080864 3.44662 1.30788
1441244540.970334695 3.479 1.2041
1441244540.980239249 3.39251 1.18779
1441244540.990110186 3.41072 1.25226
1441244541.000099948 3.3817 1.205
1441244541.010014453 3.43594 1.15892
1441244541.019828065 3.43412 1.23544
1441244541.030448354 3.5097 1.36321
1441244541.040271435 3.56179 1.38039
1441244541.050180353 3.3853 1.32068
1441244541.059829376 3.44903 1.44367
1441244541.070234586 3.53975 1.4749
1441244541.079977251 3.4952 1.44502
1441244541.090057592 3.51414 1.36251
1441244541.100056098 3.54721 1.44115
1441244541.110239657 3.4956 1.40691
1441244541.119826160 3.47401 1.37429
1441244541.130100625 3.40875 1.36821
1441244541.140477366 3.47097 1.41974
1441244541.150180288 3.52732 1.40707
1441244541.159996381 3.50133 1.27208
1441244541.170075344 3.59118 1.31348
1441244541.179980702 3.68743 1.31728
1441244541.189859979 3.62891 1.19703
1441244541.200125729 3.60089 1.20011
1441244541.209972130 3.67497 1.25815
1441244541.219867613 3.65503 1.25276
1441244541.229763043 3.6145 1.25105
1441244541.240031677 3.62391 1.25352
1441244541.249930486 3.57583 1.25471
1441244541.259787652 3.72731 1.28635
1441244541.270070168 3.69199 1.22649
1441244541.279965686 3.70205 1.26966
1441244541.289819390 3.85685 1.28144
1441244541.300122385 3.8226 1.2393
1441244541.310036120 3.64864 1.19155
1441244541.319855876 3.75996 1.31041
1441244541.329740321 3.74287 1.30582
1441244541.340069539 3.7283 1.42629
1441244541.349904095 3.77223 1.48157
1441244541.359829139 3.71348 1.47814
1441244541.370162734 3.79427 1.53463
1441244541.379975610 3.83038 1.6095
1441244541.389794230 3.88603 1.54449
1441244541.400153355 3.90893 1.51687
1441244541.410002685 3.93076 1.57166
1441244541.419908137 3.9098 1.62589
1441244541.429758543 3.97388 1.55273
1441244541.440041521 3.8559 1.5001
1441244541.449932120 3.86065 1.52154
1441244541.459792215 3.92231 1.55478
1441244541.470088667 3.73769 1.41388
1441244541.479962899 3.81266 1.37171
1441244541.489871484 3.80054 1.46135
1441244541.500170359 3.70531 1.39379
1441244541.510002882 3.92899 1.49118
1441244541.519916943 3.85802 1.43941
1441244541.529769521 3.86919 1.49965
1441244541.540002775 3.89229 1.47938
1441244541.549989506 3.77914 1.35139
1441244541.559791679 3.77295 1.4837
1441244541.570132488 3.87638 1.48437
1441244541.580054751 3.91214 1.41616
1441244541.589834365 3.78121 1.32544
1441244541.600168638 3.78569 1.32925
1441244541.610068435 3.68464 1.31512
1441244541.619922339 3.82313 1.32774
1441244541.629784023 3.7958 1.45303
1441244541.640046544 3.83111 1.48312
1441244541.649936285 3.69381 1.50946
1441244541.659774325 3.76133 1.35352
1441244541.670110185 3.60186 1.29312
1441244541.679978643 3.63911 1.34422
1441244541.689834097 3.78067 1.45374
1441244541.700157959 3.69418 1.49859
1441244541.710054587 3.85293 1.60525
1441244541.719911319 3.87176 1.53765
1441244541.729788301 3.70531 1.31132
1441244541.740107920 3.72669 1.31759
1441244541.749986922 3.78969 1.34762
1441244541.759855419 3.79398 1.30322
1441244541.770099210 3.67801 1.2615
1441244541.779992796 3.77137 1.3784
1441244541.789840558 3.76861 1.23658
1441244541.800164766 3.55539 1.22383
1441244541.810026659 3.73035 1.35322
1441244541.819880490 3.70383 1.33742
1441244541.829746653 3.69354 1.25776
1441244541.840080519 3.68642 1.30724
1441244541.849921213 3.59524 1.24126
1441244541.859793517 3.50898 1.09936
1441244541.870086451 3.48271 1.09027
1441244541.879958425 3.55151 1.22046
1441244541.889900587 3.58287 1.23117
1441244541.899805924 3.36968 1.14007
1441244541.909992530 3.38492 1.20499
1441244541.919873767 3.50963 1.24903
1441244541.929744236 3.51588 1.23594
1441244541.940065819 3.49938 1.3449
1441244541.949973553 3.49394 1.33383
1441244541.959831230 3.40064 1.3442
1441244541.970088209 3.53978 1.42802
1441244541.979956966 3.4866 1.34848
1441244541.989909424 3.5422 1.34163
1441244541.999704702 3.47114 1.33504
1441244542.010076154 3.48475 1.35832
1441244542.019923875 3.50473 1.38412
59
1441244540.277810154 550.1 -39 22.9 0.723 0 0 -0.691
1441244540.294659290 634.2 -44.9 22.9 0.723 0 0 -0.691
1441244540.327783796 634.2 -44.9 22.9 0.723 0 0 -0.691
1441244540.357285494 634.2 -44.9 22.9 0.723 0 0 -0.691
1441244540.387373249 634.2 -44.9 22.9 0.723 0 0 -0.691
1441244540.420795245 634.2 -44.9 22.9 0.723 0 0 -0.69
1441244540.447426709 634.2 -44.9 22.9 0.724 0 0 -0.69
1441244540.480514599 634.2 -44.9 22.9 0.724 0 0 -0.689
1441244540.510324316 634.2 -44.9 22.9 0.725 0 0 -0.689
1441244540.543479917 634.2 -44.9 22.9 0.725 0 0 -0.688
1441244540.569728635 634.2 -44.9 22.9 0.726 0 0 -0.688
1441244540.600896243 634.2 -44.9 22.9 0.726 0 0 -0.687
1441244540.630531535 634.2 -44.9 22.9 0.727 0 0 -0.687
1441244540.660734652 634.2 -45 22.9 0.727 0 0 -0.687
1441244540.690845125 634.2 -44.9 22.9 0.728 0 0 -0.686
1441244540.723323532 634.2 -44.9 22.9 0.728 0 0 -0.686
1441244540.750241877 634.2 -45 22.9 0.729 0 0 -0.685
1441244540.783197974 634.2 -45 22.9 0.729 0 0 -0.685
1441244540.813161552 634.2 -45 22.9 0.729 0 0 -0.684
1441244540.843422030 634.2 -45 22.9 0.73 0 0 -0.684
1441244540.876893438 634.2 -45 22.9 0.73 0 0 -0.683
1441244540.909647059 634.2 -45 22.9 0.731 0 0 -0.683
1441244540.936487232 634.2 -45 22.9 0.731 0 0 -0.682
1441244540.969276836 634.2 -45 22.9 0.732 0 0 -0.682
1441244540.996456938 634.2 -45 22.9 0.732 0 0 -0.681
1441244541.029018775 634.2 -45 22.9 0.733 0 0 -0.681
1441244541.056556791 634.2 -45 22.9 0.733 0 0 -0.68
1441244541.090065541 634.2 -45 22.9 0.734 0 0 -0.68
1441244541.116657729 634.2 -45 22.9 0.734 0 0 -0.679
1441244541.149656022 634.2 -45 22.9 0.734 0 0 -0.679
1441244541.178820905 634.2 -45 22.9 0.735 0 0 -0.678
1441244541.209467649 634.2 -45 22.9 0.735 0 0 -0.678
1441244541.238989331 634.2 -45 22.9 0.736 0 0 -0.677
1441244541.269675567 634.2 -45 22.9 0.736 0 0 -0.677
1441244541.299212746 634.2 -45 22.9 0.737 0 0 -0.676
1441244541.328883386 634.2 -45 22.9 0.737 0 0 -0.676
1441244541.359478553 634.2 -45 22.9 0.738 0 0 -0.675
1441244541.389066059 634.2 -45 22.9 0.738 0 0 -0.675
1441244541.419755270 634.2 -45 22.9 0.738 0 0 -0.674
1441244541.449207137 634.2 -45 22.9 0.739 0 0 -0.674
1441244541.478690396 634.2 -45 22.9 0.739 0 0 -0.673
1441244541.509361199 634.2 -45 22.9 0.74 0 0 -0.673
1441244541.536712931 634.2 -45 22.9 0.74 0 0 -0.672
1441244541.568908677 634.2 -45.1 22.9 0.741 0 0 -0.672
1441244541.598803012 634.2 -45.1 22.9 0.741 0 0 -0.671
1441244541.632597172 634.2 -45.1 22.9 0.741 0 0 -0.671
1441244541.659310999 634.2 -45.1 22.9 0.742 0 0 -0.67
1441244541.692001489 634.2 -45.1 22.9 0.742 0 0 -0.67
1441244541.719794125 634.2 -45.1 22.9 0.743 0 0 -0.669
1441244541.752562311 634.2 -45.1 22.9 0.743 0 0 -0.669
1441244541.779114001 634.2 -45.1 22.9 0.744 0 0 -0.669
1441244541.812125575 634.2 -45 22.9 0.744 0 0 -0.668
1441244541.839730990 634.2 -45.1 22.9 0.745 0 0 -0.668
1441244541.872799835 634.2 -45.1 22.9 0.745 0 0 -0.667
1441244541.902442855 634.2 -45.1 22.9 0.745 0 0 -0.667
1441244541.932100542 634.2 -45.1 22.9 0.746 0 0 -0.666
1441244541.962105267 634.2 -45.1 22.9 0.746 0 0 -0.666
1441244541.995126423 634.2 -45.1 22.9 0.747 0 0 -0.665
1441244542.021943685 634.2 -45.1 22.9 0.747 0 0 -0.665
571.984 -157.157 10.155 0.879472 0.00349476 -0.00263519 0.47593
582.7 -160.162 9.97043 0.84184 0.00488771 -0.00230717 0.5397
177
1441244571.752378158 0.082971 -0.099664
1441244571.759787237 0.085839 -0.10112
1441244571.770087728 0.088428 -0.104812
1441244571.779990485 0.093654 -0.112166
1441244571.789823866 0.082877 -0.10289
1441244571.799705165 0.084872 -0.098495
1441244571.810115430 0.083984 -0.103534
1441244571.819898032 0.090274 -0.10916
1441244571.829758178 0.09184 -0.113354
1441244571.840031411 0.083786 -0.10572
1441244571.849924477 0.090072 -0.109117
1441244571.859769885 0.095664 -0.104256
1441244571.870087115 0.076366 -0.096064
1441244571.879991490 0.080982 -0.100896
1441244571.889829953 0.083979 -0.097815
1441244571.899721930 0.085531 -0.103214
1441244571.909993760 0.094118 -0.097744
1441244571.919890250 0.088285 -0.105841
1441244571.929818937 0.088574 -0.098133
1441244571.940079405 0.087275 -0.105231
1441244571.949919204 0.09089 -0.110637
1441244571.959823545 0.09032 -0.103573
1441244571.970125251 0.084688 -0.106076
1441244571.979974754 0.091139 -0.098492
1441244571.989849231 0.089224 -0.110782
1441244571.999758160 0.088374 -0.102451
1441244572.010019870 0.084202 -0.101326
1441244572.019904864 0.093799 -0.11001
1441244572.029773277 0.090194 -0.106821
1441244572.040058756 0.082644 -0.103914
1441244572.049929375 0.084606 -0.100476
1441244572.059837425 0.093641 -0.110968
1441244572.070101529 0.080201 -0.094657
1441244572.079993273 0.087384 -0.107632
1441244572.089867055 0.091496 -0.098595
1441244572.099725776 0.083571 -0.111081
1441244572.110041485 0.09009 -0.11014
1441244572.119910519 0.089146 -0.106311
1441244572.129775047 0.086381 -0.107023
1441244572.140047735 0.086764 -0.094947
1441244572.149954751 0.08299 -0.102996
1441244572.159825148 0.091108 -0.102873
1441244572.169687370 0.084938 -0.100601
1441244572.179984326 0.08392 -0.101266
1441244572.189852624 0.087229 -0.107571
1441244572.199727726 0.086432 -0.103733
1441244572.210040299 0.082139 -0.099187
1441244572.219903747 0.087578 -0.101003
1441244572.229775404 0.088472 -0.104876
1441244572.240096160 0.087332 -0.107498
1441244572.249944481 0.08665 -0.099392
1441244572.259816916 0.083863 -0.102245
1441244572.269681609 0.085446 -0.107624
1441244572.279967745 0.087452 -0.101004
1441244572.289850362 0.092074 -0.109084
1441244572.299717616 0.089414 -0.100921
1441244572.310016045 0.08469 -0.100589
1441244572.319889945 0.083797 -0.106741
1441244572.329758230 0.091085 -0.107432
1441244572.340109843 0.085557 -0.104306
1441244572.349954995 0.085871 -0.103408
1441244572.359841496 0.087477 -0.100982
1441244572.369695450 0.091989 -0.093499
1441244572.379971931 0.346219 0.355742
1441244572.389868634 0.805415 1.16898
1441244572.399766392 1.33354 2.10612
1441244572.410017751 1.47274 2.64806
1441244572.419911662 1.42782 2.74849
1441244572.429770550 1.24843 2.61811
1441244572.440066655 1.13752 2.54545
1441244572.449961051 1.09708 2.54702
1441244572.459801897 1.08442 2.48739
1441244572.469710050 1.0938 2.46903
1441244572.479998507 1.05813 2.47453
1441244572.489866765 1.05429 2.53526
1441244572.499735788 1.13239 2.60463
1441244572.510031993 1.13635 2.58604
1441244572.519909586 1.13017 2.52579
1441244572.529761640 1.06906 2.47081
1441244572.540080595 1.09002 2.4345
1441244572.549918537 1.05403 2.40999
1441244572.559838002 1.13823 2.4715
1441244572.569680485 1.14746 2.52008
1441244572.579999291 1.07466 2.40966
1441244572.589883119 1.01869 2.46732
1441244572.599762571 1.18709 2.54342
1441244572.610025212 1.11132 2.45751
1441244572.619909540 1.02471 2.40468
1441244572.629815586 0.903756 2.34961
1441244572.640053860 0.890426 2.28737
1441244572.649961265 0.932637 2.3366
1441244572.659851350 0.890684 2.38952
1441244572.669704762 0.919208 2.44213
1441244572.680001530 0.948159 2.39398
1441244572.689894820 0.979874 2.38243
1441244572.699728238 0.978752 2.38815
1441244572.710033356 0.931255 2.36666
1441244572.719951512 1.10484 2.40925
1441244572.729774971 1.08 2.4287
1441244572.740088158 0.979413 2.36099
1441244572.749949046 1.16087 2.39629
1441244572.759850958 1.02874 2.29862
1441244572.769704563 0.931339 2.35034
1441244572.780006277 1.10729 2.51768
1441244572.789898464 0.957522 2.34105
1441244572.799767146 1.00682 2.35617
1441244572.810048861 0.902291 2.38292
1441244572.819968225 1.00324 2.42165
1441244572.829793906 0.982891 2.46361
1441244572.839720058 0.935932 2.32711
1441244572.849981203 0.875395 2.26028
1441244572.859865222 0.918075 2.48918
1441244572.869743698 0.857806 2.41544
1441244572.880008484 0.846457 2.443
1441244572.889901334 0.835856 2.48488
1441244572.899741834 0.783315 2.44146
1441244572.910074160 0.881897 2.40005
1441244572.919906310 0.906403 2.33423
1441244572.929782585 1.05002 2.38158
1441244572.939688923 1.09968 2.39891
1441244572.949981634 1.18106 2.33658
1441244572.959819570 1.10494 2.41033
1441244572.969724117 1.07352 2.30966
1441244572.980029489 0.971473 2.20432
1441244572.989863581 1.0071 2.3405
1441244572.999744448 1.05301 2.32805
1441244573.010056778 0.93808 2.32
1441244573.019894757 0.928621 2.31758
1441244573.029769562 1.00548 2.2882
1441244573.040119415 0.91169 2.29306
1441244573.049937068 0.932316 2.25382
1441244573.059825712 1.00813 2.31274
1441244573.069745585 0.937888 2.27015
1441244573.079992934 1.03149 2.37562
1441244573.089864127 0.957847 2.33618
1441244573.099747175 0.916889 2.40403
1441244573.110035290 0.952515 2.5262
1441244573.119929309 0.879954 2.45171
1441244573.129794467 0.859928 2.44663
1441244573.140102799 0.891283 2.39943
1441244573.150002855 1.00109 2.44698
1441244573.159836699 1.04523 2.37565
1441244573.169808980 1.1242 2.39504
1441244573.179988303 1.0913 2.45489
1441244573.189919101 1.10247 2.4676
1441244573.199780580 1.06306 2.42297
1441244573.210046939 1.18644 2.51528
1441244573.219924579 1.15471 2.47388
1441244573.229801497 1.04105 2.36608
1441244573.240118108 1.01619 2.31042
1441244573.249967827 1.0422 2.39098
1441244573.259831592 1.01454 2.4281
1441244573.269730468 1.01347 2.4264
1441244573.280033449 0.965293 2.48407
1441244573.289868372 0.994496 2.50847
1441244573.299768977 0.902126 2.5001
1441244573.310074155 0.99245 2.56266
1441244573.319934044 1.18235 2.68769
1441244573.329821606 1.24741 2.63413
1441244573.340105324 1.11949 2.47979
1441244573.349958493 1.02228 2.21698
1441244573.359856363 1.08082 2.39652
1441244573.369770302 1.18908 2.41803
1441244573.380005953 1.23123 2.42862
1441244573.389874443 1.13733 2.31822
1441244573.399799731 1.16221 2.35631
1441244573.410046341 1.13657 2.42948
1441244573.419917742 1.03534 2.39848
1441244573.429795819 0.982051 2.46712
1441244573.439668717 1.0728 2.43487
1441244573.450011929 1.12068 2.365
1441244573.459856166 1.12337 2.35415
1441244573.469728207 1.18668 2.38526
1441244573.479995698 1.13012 2.32071
1441244573.489886726 1.19297 2.2713
1441244573.499769339 1.0452 2.30707
1441244573.510084941 0.995665 2.33912
60
1441244571.752388531 550.1 -52.9 22.7 0.776 0 0 -0.63
1441244571.759208055 595.1 -92.6 22.7 0.776 0 0 -0.63
1441244571.788909765 595.1 -92.6 22.7 0.776 0 0 -0.63
1441244571.819581690 595.1 -92.6 22.7 0.776 0 0 -0.63
1441244571.849209353 595.1 -92.6 22.7 0.776 0 0 -0.63
1441244571.878976405 595.1 -92.6 22.7 0.776 0 0 -0.63
1441244571.911881159 595.1 -92.6 22.6 0.777 0 0 -0.63
1441244571.939430380 595.1 -92.5 22.6 0.777 0 0 -0.629
1441244571.972359699 595.1 -92.6 22.6 0.778 0 0 -0.629
1441244572.002446328 595.1 -92.6 22.6 0.778 0 0 -0.628
1441244572.032151527 595.1 -92.6 22.6 0.778 0 0 -0.628
1441244572.059727061 595.1 -92.6 22.7 0.779 0 0 -0.627
1441244572.092512736 595.1 -92.6 22.7 0.779 0 0 -0.627
1441244572.122270104 595.1 -92.6 22.7 0.78 0 0 -0.626
1441244572.152129964 595.1 -92.6 22.7 0.78 0 0 -0.626
1441244572.179554152 595.1 -92.6 22.7 0.78 0 0 -0.625
1441244572.215549099 595.1 -92.6 22.7 0.781 0 0 -0.625
1441244572.242009955 595.1 -92.6 22.7 0.781 0 0 -0.624
1441244572.274850985 595.1 -92.6 22.7 0.782 0 0 -0.624
1441244572.302109885 595.1 -92.6 22.7 0.782 0 0 -0.623
1441244572.335631872 595.1 -92.6 22.7 0.782 0 0 -0.623
1441244572.362061932 595.1 -92.6 22.7 0.783 0 0 -0.622
1441244572.394972135 595.1 -92.6 22.7 0.783 0 0 -0.622
1441244572.422759355 595.2 -92.6 22.7 0.784 0 0 -0.621
1441244572.455624188 595.1 -92.6 22.7 0.784 0 0 -0.621
1441244572.485360735 595.1 -92.6 22.7 0.785 0 0 -0.62
1441244572.514944763 595.1 -92.6 22.7 0.785 0 0 -0.62
1441244572.544790991 595.1 -92.7 22.7 0.785 0 0 -0.619
1441244572.578612446 595.2 -92.7 22.7 0.786 0 0 -0.619
1441244572.605105410 595.2 -92.7 22.7 0.786 0 0 -0.618
1441244572.634954283 595.2 -92.7 22.7 0.787 0 0 -0.618
1441244572.665654295 595.2 -92.7 22.7 0.787 0 0 -0.617
1441244572.698515995 595.1 -92.7 22.7 0.787 0 0 -0.617
1441244572.725106001 595.1 -92.7 22.7 0.788 0 0 -0.616
1441244572.758021811 595.1 -92.7 22.7 0.788 0 0 -0.615
1441244572.785520935 595.2 -92.7 22.7 0.789 0 0 -0.615
1441244572.818454354 595.2 -92.7 22.7 0.789 0 0 -0.614
1441244572.848197865 595.2 -92.7 22.7 0.789 0 0 -0.614
1441244572.877753522 595.2 -92.7 22.7 0.79 0 0 -0.613
1441244572.908426120 595.2 -92.7 22.7 0.79 0 0 -0.613
1441244572.938135160 595.2 -92.7 22.7 0.791 0 0 -0.612
1441244572.968693807 595.2 -92.7 22.7 0.791 0 0 -0.612
1441244572.998398779 595.2 -92.7 22.7 0.791 0 0 -0.611
1441244573.028178936 595.2 -92.7 22.7 0.792 0 0 -0.611
1441244573.057993863 595.2 -92.7 22.7 0.792 0 0 -0.61
1441244573.087938480 595.2 -92.7 22.7 0.793 0 0 -0.61
1441244573.120879950 595.2 -92.7 22.7 0.793 0 0 -0.609
1441244573.148544151 595.2 -92.7 22.7 0.793 0 0 -0.609
1441244573.181493905 595.2 -92.7 22.7 0.794 0 0 -0.608
1441244573.208194064 595.2 -92.7 22.7 0.794 0 0 -0.608
1441244573.241193553 595.2 -92.7 22.7 0.795 0 0 -0.607
1441244573.271082680 595.2 -92.7 22.7 0.795 0 0 -0.607
1441244573.301755850 595.2 -92.7 22.7 0.795 0 0 -0.606
1441244573.331388025 595.2 -92.7 22.7 0.796 0 0 -0.606
1441244573.361784965 595.2 -92.8 22.7 0.796 0 0 -0.605
1441244573.388301128 595.2 -92.8 22.7 0.797 0 0 -0.605
1441244573.421125404 595.2 -92.8 22.7 0.797 0 0 -0.604
1441244573.451732619 595.2 -92.8 22.7 0.797 0 0 -0.603
1441244573.484426426 595.2 -92.8 22.7 0.798 0 0 -0.603
1441244573.510908737 595.2 -92.8 22.7 0.798 0 0 -0.602
582.699 -160.16 9.9605 0.841835 0.00490705 -0.00233067 0.539707
577.585 -172.989 9.99389 0.888043 0.00455815 -0.00269381 0.459731
178
1441244602.214596119 0.094052 -0.105486
1441244602.219989795 0.088561 -0.107122
1441244602.229913154 0.086793 -0.0993
1441244602.239760109 0.088691 -0.104895
1441244602.250032907 0.084715 -0.103922
1441244602.259941321 0.083979 -0.102337
1441244602.269776555 0.092034 -0.106725
1441244602.280096102 0.092003 -0.107859
1441244602.289976520 0.085704 -0.105573
1441244602.299880906 0.110268 -0.114337
1441244602.310123035 0.086931 -0.100497
1441244602.319987451 0.093649 -0.114393
1441244602.329882416 0.103439 -0.100513
1441244602.339726757 0.093939 -0.110936
1441244602.350053715 0.090372 -0.106953
1441244602.359924284 0.096748 -0.103795
1441244602.369775839 0.087815 -0.096748
1441244602.380103042 0.086392 -0.112567
1441244602.389992364 0.094954 -0.107118
1441244602.399814839 0.091011 -0.101671
1441244602.410143134 0.085799 -0.106707
1441244602.419970493 0.083028 -0.09734
1441244602.429869820 0.088484 -0.103655
1441244602.439759929 0.091158 -0.106184
1441244602.450033371 0.093523 -0.112084
1441244602.459915599 0.085068 -0.09965
1441244602.469811289 0.085376 -0.101834
1441244602.479759455 0.086868 -0.102929
1441244602.489955656 0.083801 -0.102205
1441244602.499837616 0.080951 -0.102967
1441244602.510115588 0.090467 -0.102531
1441244602.519987182 0.089369 -0.10299
1441244602.529879535 0.091758 -0.097564
1441244602.539738840 0.818592 0.280026
1441244602.550023842 2.05452 0.917604
1441244602.559927615 2.87231 1.34969
1441244602.569768444 2.98387 1.2858
1441244602.580077282 2.79405 1.08662
1441244602.589970430 2.72821 1.02718
1441244602.599840185 2.84139 1.1227
1441244602.610126840 2.76054 1.11826
1441244602.620008496 2.68184 0.946591
1441244602.629869443 2.71481 0.998659
1441244602.639729599 2.82433 1.00917
1441244602.650063276 2.81191 0.934623
1441244602.659918906 2.71406 0.866469
1441244602.669756803 2.64117 0.930001
1441244602.680080760 2.66714 0.84279
1441244602.689946349 2.68249 0.902231
1441244602.699811125 2.70951 0.869512
1441244602.710134612 2.79912 0.871896
1441244602.720000662 2.72256 0.851861
1441244602.729853487 2.7116 0.798357
1441244602.739754703 2.70099 0.808403
1441244602.750026446 2.68632 0.781491
1441244602.759903897 2.70996 0.771549
1441244602.769829562 2.70006 0.741201
1441244602.780078665 2.7874 0.768072
1441244602.789927710 2.69082 0.753902
1441244602.799843686 2.55822 0.744115
1441244602.810130117 2.66683 0.748589
1441244602.819995095 2.67511 0.848721
1441244602.829842290 2.64534 0.870857
1441244602.839744974 2.70095 0.919883
1441244602.850016498 2.71892 0.899446
1441244602.859902287 2.80241 0.854158
1441244602.869786679 2.74337 0.890063
1441244602.880078157 2.70277 0.930283
1441244602.889975535 2.71674 0.819083
1441244602.899831203 2.68505 0.735436
1441244602.910146564 2.63187 0.697367
1441244602.920023012 2.60797 0.758119
1441244602.929873863 2.67616 0.731533
1441244602.939728423 2.50726 0.818267
1441244602.950045967 2.62633 0.776484
1441244602.959918469 2.64508 0.902116
1441244602.969785354 2.59284 0.85115
1441244602.980098713 2.5833 0.891338
1441244602.989951439 2.678 0.855726
1441244602.999815471 2.66283 0.783664
1441244603.009733746 2.65191 0.837848
1441244603.019974392 2.79562 0.861152
1441244603.029867292 2.73745 0.859598
1441244603.039794493 2.68819 0.721626
1441244603.050023538 2.69262 0.685697
1441244603.059908711 2.71697 0.673312
1441244603.069781468 2.68898 0.650748
1441244603.080081144 2.69346 0.730789
1441244603.089954493 2.67705 0.678844
1441244603.099847314 2.6284 0.665537
1441244603.110126351 2.63281 0.690219
1441244603.119975680 2.62055 0.721696
1441244603.129890514 2.55346 0.704441
1441244603.139732019 2.5004 0.701728
1441244603.150041713 2.59819 0.661923
1441244603.159909119 2.67663 0.8215
1441244603.169765882 2.60944 0.779921
1441244603.180055583 2.55059 0.836841
1441244603.189987753 2.48686 0.880109
1441244603.199827123 2.46668 0.848811
1441244603.210136220 2.54219 0.854011
1441244603.220039012 2.48673 0.856742
1441244603.229863858 2.51566 0.81487
1441244603.239749457 2.4226 0.85664
1441244603.250063095 2.56587 0.807411
1441244603.259920420 2.6416 0.965321
1441244603.269755416 2.59309 0.837807
1441244603.280090751 2.51921 0.930247
1441244603.289925748 2.57319 0.882285
1441244603.299816974 2.64954 0.961741
1441244603.310104020 2.77921 1.05746
1441244603.319992816 2.84791 1.11949
1441244603.329855245 2.86428 1.16656
1441244603.339735875 2.94974 1.2614
1441244603.350039051 2.95781 1.23813
1441244603.359889971 3.09253 1.32637
1441244603.369766145 3.20975 1.42056
1441244603.380070249 3.18917 1.37453
1441244603.389924158 3.26461 1.43179
1441244603.399835519 3.26731 1.39572
1441244603.410120638 3.15003 1.33332
1441244603.419998549 3.22297 1.39189
1441244603.429823766 3.3019 1.35633
1441244603.439751847 3.33699 1.38268
1441244603.450029932 3.2995 1.34511
1441244603.459908025 3.30158 1.32148
1441244603.469768806 3.38019 1.37037
1441244603.480102185 3.32276 1.35153
1441244603.489940500 3.28381 1.3065
1441244603.499801004 3.32292 1.34521
1441244603.510109241 3.24499 1.25837
1441244603.520011262 3.29043 1.3208
1441244603.529856004 3.25787 1.29892
1441244603.539708395 3.22374 1.30856
1441244603.550044876 3.24564 1.3473
1441244603.559895320 3.25257 1.39251
1441244603.569771153 3.26546 1.40168
1441244603.580077410 3.2236 1.42802
1441244603.589939295 3.21248 1.46969
1441244603.599794949 3.07344 1.3801
1441244603.610090566 3.14526 1.37912
1441244603.619963456 3.20159 1.40053
1441244603.629854013 3.14131 1.29334
1441244603.639712403 3.2734 1.44768
1441244603.650013002 3.31869 1.40541
1441244603.659893690 3.28747 1.42608
1441244603.669754420 3.3399 1.45891
1441244603.680056917 3.34657 1.49485
1441244603.689932968 3.3368 1.45051
1441244603.699797374 3.34462 1.49534
1441244603.710122313 3.45249 1.48809
1441244603.719967163 3.42956 1.43052
1441244603.729810223 3.37995 1.39224
1441244603.740137128 3.37513 1.45063
1441244603.750007148 3.31831 1.44522
1441244603.759904971 3.30341 1.42955
1441244603.769736671 3.42216 1.43845
1441244603.780077351 3.41102 1.41637
1441244603.789928889 3.32919 1.3959
1441244603.799785451 3.32005 1.38165
1441244603.810097747 3.24035 1.3396
1441244603.819963816 3.29415 1.40172
1441244603.829840262 3.29979 1.43677
1441244603.839725078 3.25542 1.42712
1441244603.849991827 3.28066 1.44752
1441244603.859895747 3.30225 1.4489
1441244603.869763313 3.3514 1.4927
1441244603.880057422 3.34113 1.46626
1441244603.889924968 3.3964 1.5213
1441244603.899749138 3.36907 1.47659
1441244603.910090033 3.28245 1.40329
1441244603.919958755 3.33436 1.45114
1441244603.929832483 3.24947 1.42018
1441244603.939728037 3.21326 1.45535
1441244603.949997999 3.31741 1.46492
1441244603.959902424 3.27713 1.38924
1441244603.969720685 3.29733 1.4727
1441244603.980056525 3.1878 1.36441
59
1441244602.214600845 545.7 -60.2 22.5 0.821 0 0 -0.571
1441244602.238870457 512.1 -177.8 22.5 0.821 0 0 -0.571
1441244602.272820378 512.1 -177.8 22.5 0.821 0 0 -0.571
1441244602.299451154 512.1 -177.8 22.5 0.821 0 0 -0.571
1441244602.329097599 512.2 -177.8 22.5 0.821 0 0 -0.571
1441244602.358724566 512.2 -177.8 22.5 0.821 0 0 -0.571
1441244602.389571069 512.2 -177.8 22.6 0.82 0 0 -0.572
1441244602.419198318 512.2 -177.8 22.5 0.82 0 0 -0.573
1441244602.452095803 512.2 -177.8 22.5 0.819 0 0 -0.573
1441244602.479647257 512.2 -177.8 22.5 0.819 0 0 -0.574
1441244602.512411415 512.2 -177.8 22.5 0.819 0 0 -0.574
1441244602.538936896 512.2 -177.8 22.5 0.818 0 0 -0.575
1441244602.571759770 512.2 -177.8 22.5 0.818 0 0 -0.575
1441244602.599264877 512.2 -177.8 22.5 0.818 0 0 -0.576
1441244602.632068373 512.1 -177.8 22.5 0.817 0 0 -0.576
1441244602.659592189 512.1 -177.8 22.5 0.817 0 0 -0.577
1441244602.692552025 512.1 -177.9 22.5 0.816 0 0 -0.578
1441244602.722244712 512.1 -177.9 22.5 0.816 0 0 -0.578
1441244602.751922897 512.1 -177.9 22.5 0.816 0 0 -0.579
1441244602.782662882 512.1 -177.9 22.5 0.815 0 0 -0.579
1441244602.815395776 512.2 -177.9 22.5 0.815 0 0 -0.58
1441244602.845026565 512.1 -177.9 22.5 0.814 0 0 -0.58
1441244602.875615849 512.1 -177.9 22.5 0.814 0 0 -0.581
1441244602.905342187 512.2 -177.9 22.5 0.814 0 0 -0.581
1441244602.938076967 512.2 -177.9 22.5 0.813 0 0 -0.582
1441244602.965571974 512.2 -177.9 22.5 0.813 0 0 -0.582
1441244602.998569450 512.2 -177.9 22.5 0.813 0 0 -0.583
1441244603.025100665 512.2 -177.9 22.5 0.812 0 0 -0.583
1441244603.055756805 512.2 -177.9 22.5 0.812 0 0 -0.584
1441244603.085282209 512.2 -177.9 22.5 0.811 0 0 -0.585
1441244603.118508416 512.2 -177.9 22.5 0.811 0 0 -0.585
1441244603.145236394 512.2 -177.9 22.5 0.811 0 0 -0.586
1441244603.178104105 512.2 -177.9 22.5 0.81 0 0 -0.586
1441244603.205567569 512.2 -177.9 22.5 0.81 0 0 -0.587
1441244603.235078802 512.2 -177.9 22.5 0.809 0 0 -0.587
1441244603.265624007 512.2 -177.9 22.5 0.809 0 0 -0.588
1441244603.298322572 512.2 -177.9 22.5 0.809 0 0 -0.588
1441244603.324724528 512.2 -177.9 22.5 0.808 0 0 -0.589
1441244603.358402385 512.2 -177.9 22.5 0.808 0 0 -0.589
1441244603.387854550 512.2 -177.9 22.5 0.808 0 0 -0.59
1441244603.418560339 512.2 -178 22.5 0.807 0 0 -0.59
1441244603.445097322 512.2 -178 22.5 0.807 0 0 -0.591
1441244603.477966475 512.2 -178 22.5 0.806 0 0 -0.591
1441244603.508588273 512.2 -178 22.5 0.806 0 0 -0.592
1441244603.538347393 512.2 -178 22.5 0.806 0 0 -0.593
1441244603.567857972 512.2 -178 22.5 0.805 0 0 -0.593
1441244603.598578339 512.2 -178 22.5 0.805 0 0 -0.594
1441244603.628238471 512.2 -178 22.5 0.804 0 0 -0.594
1441244603.657869260 512.2 -178 22.5 0.804 0 0 -0.595
1441244603.688516381 512.2 -178 22.5 0.804 0 0 -0.595
1441244603.721236221 512.2 -178 22.5 0.803 0 0 -0.596
1441244603.748675217 512.2 -178 22.5 0.803 0 0 -0.596
1441244603.781544743 512.2 -178 22.5 0.802 0 0 -0.597
1441244603.808035130 512.2 -178 22.5 0.802 0 0 -0.597
1441244603.840885008 512.2 -178 22.5 0.802 0 0 -0.598
1441244603.868274332 512.2 -178 22.5 0.801 0 0 -0.598
1441244603.901031153 512.2 -178 22.5 0.801 0 0 -0.599
1441244603.931789510 512.2 -178 22.5 0.8 0 0 -0.599
1441244603.961445410 512.2 -178 22.5 0.8 0 0 -0.6
577.576 -172.999 10.003 0.888074 0.00449922 -0.00266811 0.45967
564.858 -190.306 10.5066 0.922915 0.00154285 -0.00212208 0.384996
176
1441244633.798799784 0.088565 -0.104895
1441244633.800075981 0.087443 -0.108703
1441244633.810000255 0.083235 -0.099746
1441244633.819854294 0.083051 -0.100727
1441244633.829759501 0.084084 -0.100132
1441244633.840053881 0.088329 -0.105905
1441244633.849908513 0.086672 -0.102711
1441244633.859788520 0.086804 -0.103907
1441244633.870070647 0.08662 -0.104887
1441244633.879935695 0.091977 -0.112404
1441244633.889854721 0.096762 -0.112599
1441244633.900117115 0.083413 -0.093047
1441244633.909970667 0.080129 -0.110343
1441244633.919860008 0.100463 -0.105799
1441244633.929768180 0.088872 -0.102623
1441244633.940035951 0.08313 -0.100676
1441244633.949927420 0.086071 -0.102337
1441244633.959784930 0.090599 -0.100481
1441244633.970116264 0.093082 -0.095078
1441244633.979981049 0.083052 -0.10184
1441244633.989844499 0.086784 -0.102816
1441244634.000133348 0.088355 -0.106997
1441244634.010010245 0.085934 -0.099007
1441244634.019882202 0.089132 -0.107354
1441244634.029749818 0.086865 -0.101638
1441244634.040048034 0.083619 -0.106608
1441244634.049927429 0.08834 -0.106926
1441244634.059802054 0.088402 -0.10141
1441244634.070113301 0.086486 -0.10934
1441244634.079952937 0.090471 -0.103551
1441244634.089842626 0.084977 -0.102891
1441244634.100141609 0.213981 0.058743
1441244634.110012909 1.12839 1.18496
1441244634.119871992 2.20232 2.43603
1441244634.129775249 2.5965 3.06664
1441244634.140043776 2.44652 3.37147
1441244634.149924600 2.35109 3.71521
1441244634.159795533 2.09953 4.10784
1441244634.170099580 1.91936 3.94603
1441244634.179953157 1.94218 3.90683
1441244634.189839498 1.93119 3.74096
1441244634.200127315 1.91531 3.57629
1441244634.210038954 1.97307 3.58022
1441244634.219863852 2.017 3.75248
1441244634.229768390 1.97996 3.80874
1441244634.240074721 1.94113 3.73913
1441244634.249920288 1.95693 3.8476
1441244634.259791692 1.98584 3.7102
1441244634.270122826 2.05502 3.7528
1441244634.279966173 2.1188 3.90675
1441244634.289831838 2.10275 3.86014
1441244634.300120053 2.09782 3.90356
1441244634.309993242 2.07405 3.756
1441244634.319872074 2.10894 3.82651
1441244634.329755547 2.05637 3.82679
1441244634.340052504 1.91334 3.68176
1441244634.349913703 1.96189 3.6834
1441244634.359774144 2.04798 3.92977
1441244634.370086295 1.93991 3.93883
1441244634.379953040 1.91058 3.78723
1441244634.389811923 1.98432 4.05381
1441244634.400124270 1.92882 3.8469
1441244634.409985921 1.94781 3.75326
1441244634.419858915 1.97098 3.84977
1441244634.429703880 1.90533 3.69706
1441244634.440011996 1.95611 3.8248
1441244634.449908497 1.99665 3.78543
1441244634.459780215 1.96378 3.68003
1441244634.470092270 1.99196 3.7367
1441244634.479961317 2.0217 3.90116
1441244634.489817921 2.0249 3.78238
1441244634.500120619 2.05703 3.81939
1441244634.509990970 2.03739 3.84433
1441244634.519860663 1.93961 3.57114
1441244634.530175535 1.9616 3.59679
1441244634.540031627 2.02737 3.6558
1441244634.549914316 2.00697 3.56028
1441244634.559744037 2.01124 3.80248
1441244634.570084413 2.02723 3.71414
1441244634.579957104 2.09436 3.74348
1441244634.589811678 2.06211 3.84279
1441244634.600162405 1.97286 3.56205
1441244634.609984362 1.99992 3.75577
1441244634.619856491 2.0105 3.68282
1441244634.630151059 1.90412 3.50967
1441244634.639983574 1.95998 3.61098
1441244634.649838888 1.94853 3.59158
1441244634.659784213 1.9258 3.40155
1441244634.670082449 2.02475 3.63868
1441244634.679952502 2.04107 3.81594
1441244634.689822598 2.01337 3.76168
1441244634.700124924 2.09256 3.68343
1441244634.709969876 2.14359 3.74277
1441244634.719857873 2.08194 3.66663
1441244634.730164535 2.0122 3.74569
1441244634.739997100 2.09828 3.68396
1441244634.749907651 2.0873 3.75884
1441244634.759785815 2.02961 3.69352
1441244634.770079384 2.05178 3.65544
1441244634.779952605 2.11328 3.79946
1441244634.789868962 2.06186 3.78616
1441244634.800075513 2.02168 3.78678
1441244634.809994998 2.05109 3.77053
1441244634.819871459 2.03928 3.78817
1441244634.830163683 2.0059 3.66386
1441244634.840045718 1.98972 3.6186
1441244634.849916584 1.98345 3.70081
1441244634.859778701 2.0182 3.7582
1441244634.870079880 1.99894 3.90227
1441244634.879913177 1.96998 3.8047
1441244634.889833822 1.99792 3.83978
1441244634.900131962 1.98345 3.82385
1441244634.910006988 2.00317 3.85954
1441244634.919821319 1.99677 3.86686
1441244634.929735100 1.9928 3.89482
1441244634.940051167 2.01929 3.80608
1441244634.949928076 2.08358 4.02084
1441244634.959781900 1.94519 3.69388
1441244634.970100324 1.92371 3.62943
1441244634.979962777 1.97479 3.90547
1441244634.989877674 1.873 3.71173
1441244635.000145730 1.85324 3.77946
1441244635.009990272 1.92351 3.88624
1441244635.019825865 1.88833 3.86479
1441244635.029727937 1.84674 3.94042
1441244635.040035821 1.87345 4.00376
1441244635.049957093 1.83807 4.11268
1441244635.059796059 1.81949 4.20315
1441244635.070088241 1.84921 4.19652
1441244635.079979787 1.74429 4.12522
1441244635.089846720 1.75376 4.12097
1441244635.100133538 1.63893 3.98406
1441244635.109980755 1.65087 3.85812
1441244635.119868561 1.70722 3.97547
1441244635.129719758 1.74991 4.01811
1441244635.140014094 1.82881 3.94104
1441244635.149937238 1.93976 3.99213
1441244635.159787055 1.93872 3.89004
1441244635.170067124 1.92301 3.78282
1441244635.179977829 1.94339 3.73488
1441244635.189847891 1.90317 3.50382
1441244635.200110832 1.94094 3.5883
1441244635.210017679 2.03347 3.69041
1441244635.219889278 1.97393 3.54771
1441244635.229694892 1.99515 3.6614
1441244635.240054839 2.02076 3.72352
1441244635.249934235 1.99268 3.63327
1441244635.259779450 2.0166 3.5909
1441244635.270122760 2.05436 3.655
1441244635.279980266 1.94442 3.66775
1441244635.289881974 1.87712 3.51923
1441244635.300114596 1.89416 3.65946
1441244635.310024126 1.85287 3.56655
1441244635.319896704 1.90297 3.53045
1441244635.329768633 1.94807 3.64615
1441244635.340083551 1.81843 3.40557
1441244635.349941917 1.81625 3.41064
1441244635.359815691 1.88103 3.57101
1441244635.370113796 1.82151 3.56684
1441244635.379991128 1.83471 3.55611
1441244635.389862387 1.91055 3.72808
1441244635.400152904 1.81042 3.46283
1441244635.410062792 1.74574 3.30299
1441244635.419900094 1.80016 3.44853
1441244635.429780901 1.8058 3.50592
1441244635.440085972 1.78791 3.38986
1441244635.449956830 1.82522 3.47148
1441244635.459853072 1.79864 3.35884
1441244635.470121046 1.74761 3.36608
1441244635.479950697 1.79221 3.29376
1441244635.489872915 1.80571 3.30709
1441244635.500173802 1.82976 3.29068
1441244635.510010967 1.77812 3.37685
1441244635.519915946 1.75434 3.16572
1441244635.529785059 1.79784 3.16223
1441244635.540080074 1.75085 3.20237
59
1441244633.798803408 559.6 -68 22.5 0.765 0 0 -0.645
1441244633.817476153 466.8 -70.7 22.5 0.765 0 0 -0.645
1441244633.849987695 466.8 -70.7 22.5 0.765 0 0 -0.645
1441244633.880631965 466.8 -70.7 22.5 0.765 0 0 -0.645
1441244633.910350893 466.8 -70.7 22.5 0.765 0 0 -0.645
1441244633.936961327 466.8 -70.7 22.5 0.764 0 0 -0.645
1441244633.969719687 466.8 -70.7 22.5 0.764 0 0 -0.645
1441244633.997363300 466.8 -70.7 22.5 0.764 0 0 -0.646
1441244634.030304111 466.8 -70.7 22.5 0.763 0 0 -0.646
1441244634.060371795 466.8 -70.7 22.5 0.763 0 0 -0.647
1441244634.090336116 466.8 -70.7 22.5 0.762 0 0 -0.647
1441244634.120336482 466.8 -70.7 22.5 0.762 0 0 -0.648
1441244634.153363627 466.8 -70.7 22.5 0.761 0 0 -0.648
1441244634.180123335 466.8 -70.7 22.5 0.761 0 0 -0.649
1441244634.213404873 466.8 -70.7 22.5 0.761 0 0 -0.649
1441244634.240187833 466.8 -70.7 22.5 0.76 0 0 -0.65
1441244634.273281943 466.8 -70.7 22.5 0.76 0 0 -0.65
1441244634.299942534 466.8 -70.8 22.5 0.759 0 0 -0.651
1441244634.333140840 466.8 -70.8 22.5 0.759 0 0 -0.651
1441244634.359972574 466.8 -70.8 22.5 0.758 0 0 -0.652
1441244634.393067418 466.8 -70.8 22.5 0.758 0 0 -0.652
1441244634.420696631 466.8 -70.8 22.5 0.758 0 0 -0.653
1441244634.453734420 466.8 -70.8 22.5 0.757 0 0 -0.653
1441244634.483719775 466.8 -70.8 22.5 0.757 0 0 -0.654
1441244634.513676023 466.8 -70.8 22.5 0.756 0 0 -0.654
1441244634.543551814 466.8 -70.8 22.5 0.756 0 0 -0.655
1441244634.573482600 466.8 -70.8 22.5 0.755 0 0 -0.655
1441244634.606540795 466.8 -70.8 22.5 0.755 0 0 -0.656
1441244634.639620505 466.8 -70.8 22.5 0.754 0 0 -0.656
1441244634.669259095 466.8 -70.8 22.5 0.754 0 0 -0.657
1441244634.699127378 466.8 -70.8 22.5 0.754 0 0 -0.657
1441244634.728926469 466.8 -70.8 22.5 0.753 0 0 -0.658
1441244634.759787704 466.8 -70.8 22.5 0.753 0 0 -0.658
1441244634.789872760 466.8 -70.8 22.5 0.752 0 0 -0.659
1441244634.819770611 466.8 -70.8 22.5 0.752 0 0 -0.659
1441244634.848789039 466.8 -70.8 22.5 0.751 0 0 -0.66
1441244634.879707869 466.8 -70.8 22.5 0.751 0 0 -0.66
1441244634.909498515 466.8 -70.8 22.5 0.751 0 0 -0.661
1441244634.939504223 466.8 -70.8 22.5 0.75 0 0 -0.661
1441244634.969521000 466.8 -70.8 22.5 0.75 0 0 -0.662
1441244634.999581016 466.8 -70.9 22.5 0.749 0 0 -0.662
1441244635.029502703 466.8 -70.9 22.5 0.749 0 0 -0.663
1441244635.059429451 466.8 -70.9 22.5 0.748 0 0 -0.663
1441244635.089318495 466.8 -70.9 22.5 0.748 0 0 -0.664
1441244635.119126901 466.8 -70.9 22.5 0.748 0 0 -0.664
1441244635.148927764 466.8 -70.9 22.5 0.747 0 0 -0.665
1441244635.182093730 466.8 -70.9 22.5 0.747 0 0 -0.665
1441244635.208854345 466.8 -70.9 22.5 0.746 0 0 -0.666
1441244635.239685120 466.8 -70.9 22.5 0.746 0 0 -0.666
1441244635.269355985 466.8 -70.9 22.5 0.745 0 0 -0.667
1441244635.302617458 466.8 -70.9 22.5 0.745 0 0 -0.667
1441244635.329376443 466.8 -70.9 22.5 0.744 0 0 -0.668
1441244635.362498118 466.8 -70.9 22.5 0.744 0 0 -0.668
1441244635.388928007 466.8 -70.9 22.5 0.744 0 0 -0.669
1441244635.422751520 466.8 -70.9 22.5 0.743 0 0 -0.669
1441244635.449273546 466.8 -70.9 22.5 0.743 0 0 -0.67
1441244635.482108535 466.8 -70.9 22.5 0.742 0 0 -0.67
1441244635.509583544 466.8 -70.9 22.5 0.742 0 0 -0.671
1441244635.542423027 466.8 -70.9 22.5 0.741 0 0 -0.671
547.684 -62.0679 10.5625 0.913232 0.0013415 -0.00260717 0.407429
536.907 -72.9925 10.5616 0.946667 0.000952215 -0.00219678 0.322205
175
1441244666.633672845 0.085739 -0.102212
1441244666.639720377 0.085027 -0.099601
1441244666.650083152 0.085753 -0.10777
1441244666.659940457 0.086759 -0.099483
1441244666.669817765 0.085814 -0.105501
1441244666.680116387 0.087659 -0.105489
1441244666.689991474 0.089398 -0.105373
1441244666.699820920 0.084902 -0.103962
1441244666.709772148 0.083943 -0.100062
1441244666.720044547 0.0898 -0.096466
1441244666.729912498 0.07855 -0.097182
1441244666.739809245 0.093724 -0.116568
1441244666.750069553 0.096792 -0.111465
1441244666.759953348 0.089466 -0.105414
1441244666.769855629 0.094518 -0.104742
1441244666.780123113 0.093567 -0.097666
1441244666.790031238 0.090472 -0.095782
1441244666.799853647 0.090496 -0.100283
1441244666.809727776 0.095363 -0.114298
1441244666.820042533 0.0857 -0.103277
1441244666.829906943 0.084936 -0.109674
1441244666.839771414 0.086618 -0.10729
1441244666.850116909 0.083634 -0.106679
1441244666.859955842 0.085037 -0.099508
1441244666.869831558 0.08759 -0.099892
1441244666.879723654 0.084797 -0.102921
1441244666.890004680 0.082384 -0.101493
1441244666.899862526 0.089472 -0.107548
1441244666.909703483 0.088264 -0.103637
1441244666.920065581 0.440777 0.076048
1441244666.929914587 1.71515 0.726533
1441244666.939807524 2.83153 1.30043
1441244666.950105269 2.90504 1.18538
1441244666.959967503 2.76216 1.01461
1441244666.969861509 2.68383 1.02058
1441244666.979699768 2.60849 0.998491
1441244666.989985371 2.46236 0.883989
1441244666.999875674 2.59426 0.996055
1441244667.009727415 2.42726 0.894858
1441244667.020041370 2.46448 1.00643
1441244667.029935236 2.53814 1.02496
1441244667.039769614 2.51547 1.02276
1441244667.050138337 2.46316 1.03336
1441244667.059998008 2.51551 1.02914
1441244667.069847733 2.49724 0.988092
1441244667.079720259 2.6584 1.09642
1441244667.090040517 2.57122 1.01235
1441244667.099863635 2.42319 0.902968
1441244667.109779912 2.48623 0.953111
1441244667.120078273 2.43978 0.938947
1441244667.129944087 2.45818 0.893828
1441244667.139810933 2.56142 0.946397
1441244667.150134038 2.48744 0.836668
1441244667.159982600 2.69158 1.08174
1441244667.169851008 2.62266 1.01875
1441244667.179751223 2.41167 0.913562
1441244667.190028255 2.61384 1.03082
1441244667.199866545 2.33512 0.813401
1441244667.209787956 2.42666 0.934145
1441244667.220062549 2.54239 0.938959
1441244667.229916535 2.43748 0.838178
1441244667.239849250 2.46117 0.894508
1441244667.250109632 2.42484 0.840016
1441244667.259986851 2.40964 0.818671
1441244667.269855486 2.33659 0.744987
1441244667.279707192 2.50759 0.872526
1441244667.290051078 2.60148 0.938275
1441244667.299919248 2.58799 0.930771
1441244667.309785964 2.44236 0.822355
1441244667.320061610 2.52751 0.929957
1441244667.329932105 2.51384 0.933351
1441244667.339801869 2.46853 0.926631
1441244667.350135237 2.56607 0.965245
1441244667.359986976 2.52125 0.955834
1441244667.369852451 2.50042 1.0209
1441244667.379755151 2.46563 1.07275
1441244667.390030811 2.31096 1.02506
1441244667.399898110 2.34179 1.03932
1441244667.409752271 2.35542 0.984752
1441244667.420112688 2.40507 1.0279
1441244667.429939984 2.59309 1.10808
1441244667.439856037 2.45565 1.03247
1441244667.450107137 2.35177 0.976036
1441244667.459997306 2.39554 0.999506
1441244667.469839163 2.39466 0.963498
1441244667.479734030 2.4619 1.04354
1441244667.490012655 2.40002 0.997239
1441244667.499873522 2.46537 1.0387
1441244667.509777575 2.30348 0.9048
1441244667.520106748 2.34623 0.966287
1441244667.529953686 2.37425 0.982589
1441244667.539840726 2.4953 1.07577
1441244667.550146805 2.3715 0.952461
1441244667.559998004 2.39606 0.980376
1441244667.569894646 2.37357 0.934077
1441244667.579745554 2.41402 0.947732
1441244667.590061303 2.40793 0.953115
1441244667.599939173 2.40623 0.982596
1441244667.609781853 2.40085 0.890351
1441244667.620082980 2.46257 0.919609
1441244667.629953633 2.40944 0.910058
1441244667.639827280 2.48342 0.996477
1441244667.649709275 2.45135 0.934104
1441244667.660035289 2.42367 0.976748
1441244667.669848031 2.32583 0.898363
1441244667.679747924 2.32927 0.923123
1441244667.690067060 2.51924 1.07611
1441244667.699902757 2.3062 0.940369
1441244667.709813564 2.44159 1.03519
1441244667.720070700 2.43591 1.01949
1441244667.729959424 2.2519 0.923789
1441244667.739837074 2.39132 0.985211
1441244667.749755389 2.36975 1.02527
1441244667.760010528 2.31854 1.00581
1441244667.769865177 2.50997 1.10615
1441244667.779724607 2.38515 1.01394
1441244667.790031952 2.37761 1.05139
1441244667.799921474 2.43756 1.06139
1441244667.809781908 2.30331 0.958743
1441244667.820079386 2.39316 1.03327
1441244667.829991755 2.40738 1.01783
1441244667.839852528 2.33772 0.954418
1441244667.849709384 2.43817 1.04637
1441244667.860028162 2.39176 0.979989
1441244667.869877630 2.3633 0.97403
1441244667.879780365 2.36247 0.903805
1441244667.890074830 2.4853 1.04013
1441244667.899927369 2.50463 1.01848
1441244667.909774559 2.41089 0.944982
1441244667.920152372 2.36501 0.95182
1441244667.929978741 2.48818 1.0062
1441244667.939864298 2.47405 0.981744
1441244667.949712587 2.33391 0.895867
1441244667.960004788 2.24046 0.888846
1441244667.969870587 2.42245 0.966018
1441244667.979750709 2.36472 0.931025
1441244667.990047658 2.4447 0.956305
1441244667.999967093 2.48207 1.023
1441244668.009821043 2.40169 0.892745
1441244668.020097681 2.46371 0.969685
1441244668.030009149 2.30382 0.85319
1441244668.039824179 2.36901 0.9218
1441244668.049704094 2.41294 0.929492
1441244668.060054055 2.37129 0.863308
1441244668.069893499 2.52088 1.02607
1441244668.079761617 2.40016 0.994519
1441244668.090093741 2.4098 1.01023
1441244668.099922440 2.34442 0.963344
1441244668.109803281 2.19306 0.843331
1441244668.120096544 2.41941 0.991012
1441244668.130005560 2.46789 0.988506
1441244668.139878525 2.50426 0.991242
1441244668.149695487 2.65846 1.10508
1441244668.160041353 2.69097 1.07151
1441244668.169872513 2.7315 1.11112
1441244668.179744040 2.93068 1.18203
1441244668.190051912 3.09416 1.3079
1441244668.199958970 2.9815 1.26882
1441244668.209850428 3.09453 1.42823
1441244668.220124223 3.13145 1.40945
1441244668.229951975 3.03402 1.34109
1441244668.239842987 3.0335 1.40972
1441244668.249727959 3.0086 1.43314
1441244668.260033978 2.99375 1.39103
1441244668.269897297 2.97759 1.362
1441244668.279778785 2.91212 1.32413
1441244668.290077545 2.86664 1.32295
1441244668.299960971 2.84242 1.32979
1441244668.309816066 2.9063 1.33907
1441244668.320148374 2.91081 1.34433
1441244668.330014788 2.96736 1.36904
1441244668.339879180 3.06497 1.45908
1441244668.349751877 2.98483 1.3418
1441244668.360099860 2.97171 1.34727
1441244668.369910789 2.92465 1.29795
58
1441244666.633672349 541.9 44.3 23.1 0.726 0 0 -0.688
1441244666.658260986 474.1 -61.6 23.1 0.726 0 0 -0.688
1441244666.690908621 474.1 -61.6 23.1 0.726 0 0 -0.688
1441244666.718360834 474.1 -61.6 23.1 0.726 0 0 -0.688
1441244666.747999722 474.1 -61.6 23.1 0.726 0 0 -0.688
1441244666.778517701 474.2 -61.6 23.1 0.726 0 0 -0.688
1441244666.808009674 474.2 -61.6 23.1 0.725 0 0 -0.689
1441244666.838771843 474.2 -61.6 23.1 0.725 0 0 -0.689
1441244666.868438180 474.2 -61.6 23.1 0.724 0 0 -0.69
1441244666.898016509 474.1 -61.6 23.1 0.724 0 0 -0.69
1441244666.928672388 474.1 -61.6 23.1 0.723 0 0 -0.691
1441244666.958308708 474.1 -61.6 23.1 0.723 0 0 -0.691
1441244666.991062801 474.1 -61.6 23.1 0.722 0 0 -0.691
1441244667.018531755 474.1 -61.6 23.1 0.722 0 0 -0.692
1441244667.051257738 474.1 -61.6 23.1 0.722 0 0 -0.692
1441244667.078628955 474.1 -61.6 23.1 0.721 0 0 -0.693
1441244667.111549675 474.1 -61.7 23.1 0.721 0 0 -0.693
1441244667.138321888 474.1 -61.7 23.1 0.72 0 0 -0.694
1441244667.171121411 474.1 -61.7 23.1 0.72 0 0 -0.694
1441244667.198612306 474.1 -61.7 23.1 0.719 0 0 -0.695
1441244667.231158696 474.1 -61.7 23.1 0.719 0 0 -0.695
1441244667.258566706 474.1 -61.7 23.1 0.718 0 0 -0.696
1441244667.291030430 474.1 -61.7 23.1 0.718 0 0 -0.696
1441244667.318459637 474.1 -61.7 23.1 0.717 0 0 -0.697
1441244667.351085772 474.1 -61.7 23.1 0.717 0 0 -0.697
1441244667.378534360 474.1 -61.7 23.1 0.717 0 0 -0.698
1441244667.408276380 474.1 -61.7 23.1 0.716 0 0 -0.698
1441244667.437903543 474.1 -61.7 23.1 0.716 0 0 -0.699
1441244667.468628836 474.1 -61.7 23.1 0.715 0 0 -0.699
1441244667.498271301 474.1 -61.7 23.1 0.715 0 0 -0.699
1441244667.531091338 474.1 -61.7 23.1 0.714 0 0 -0.7
1441244667.558572523 474.1 -61.7 23.1 0.714 0 0 -0.7
1441244667.591287427 474.1 -61.7 23.1 0.713 0 0 -0.701
1441244667.618822533 474.1 -61.7 23.1 0.713 0 0 -0.701
1441244667.648401769 474.1 -61.7 23.1 0.712 0 0 -0.702
1441244667.678092797 474.1 -61.7 23.1 0.712 0 0 -0.702
1441244667.710868125 474.1 -61.7 23.1 0.711 0 0 -0.703
1441244667.738476922 474.1 -61.7 23.1 0.711 0 0 -0.703
1441244667.771296584 474.1 -61.7 23.1 0.711 0 0 -0.704
1441244667.798766805 474.1 -61.7 23.1 0.71 0 0 -0.704
1441244667.831742446 474.1 -61.7 23.1 0.71 0 0 -0.705
1441244667.858542038 474.1 -61.7 23.1 0.709 0 0 -0.705
1441244667.891490674 474.1 -61.7 23.1 0.709 0 0 -0.706
1441244667.921329378 474.1 -61.7 23.1 0.708 0 0 -0.706
1441244667.951130879 474.1 -61.8 23.1 0.708 0 0 -0.706
1441244667.980927631 474.2 -61.8 23.1 0.707 0 0 -0.707
1441244668.011658569 474.2 -61.8 23.1 0.707 0 0 -0.707
1441244668.041356743 474.2 -61.8 23.1 0.706 0 0 -0.708
1441244668.074065060 474.1 -61.8 23.1 0.706 0 0 -0.708
1441244668.101762443 474.2 -61.8 23.1 0.705 0 0 -0.709
1441244668.134259396 474.2 -61.8 23.1 0.705 0 0 -0.709
1441244668.161409634 474.1 -61.8 23.1 0.704 0 0 -0.71
1441244668.194016496 474.1 -61.8 23.1 0.704 0 0 -0.71
1441244668.224661529 474.1 -61.8 23.1 0.704 0 0 -0.711
1441244668.257674913 474.1 -61.8 23.1 0.703 0 0 -0.711
1441244668.287434415 474.1 -61.8 23.1 0.703 0 0 -0.712
1441244668.320238472 474.1 -61.8 23.1 0.702 0 0 -0.712
1441244668.346806509 474.1 -61.8 23.1 0.702 0 0 -0.713
536.907 -72.9942 10.5653 0.946664 0.000934581 -0.00216644 0.322214
553.328 -94.3471 10.5662 0.917384 0.00106476 -0.00168605 0.397999
174
1441244700.880561657 0.085485 -0.109914
1441244700.889986287 0.086471 -0.100359
1441244700.900087100 0.083567 -0.110061
1441244700.909983779 0.08297 -0.108397
1441244700.919844934 0.085572 -0.109933
1441244700.929823674 0.086614 -0.09933
1441244700.940091378 0.084729 -0.106125
1441244700.950155581 0.084873 -0.095086
1441244700.960008235 0.089081 -0.120722
1441244700.970330457 0.086556 -0.102619
1441244700.980108104 0.077598 -0.095593
1441244700.989996230 0.079327 -0.098816
1441244701.000528735 0.091001 -0.101764
1441244701.010213562 0.090859 -0.107153
1441244701.020147868 0.093749 -0.104389
1441244701.030141668 0.091511 -0.098666
1441244701.040186451 0.082076 -0.098032
1441244701.049992637 0.084329 -0.109382
1441244701.060023138 0.08566 -0.10551
1441244701.070337915 0.084351 -0.107064
1441244701.080166383 0.081741 -0.103558
1441244701.090083481 0.087328 -0.106479
1441244701.100437464 0.084631 -0.097208
1441244701.109939055 0.087558 -0.103159
1441244701.120089208 0.088173 -0.1114
1441244701.130413400 0.085484 -0.112047
1441244701.140251081 0.082821 -0.107293
1441244701.150159036 0.085703 -0.104459
1441244701.160009617 0.193627 -0.017469
1441244701.170216569 1.25606 1.10883
1441244701.179909674 2.40545 2.06739
1441244701.189841906 2.46092 2.51609
1441244701.200108727 2.53339 3.1226
1441244701.209988252 2.82559 3.5051
1441244701.219831662 2.8321 2.96504
1441244701.229677919 2.97785 2.71344
1441244701.239994778 3.33371 2.53613
1441244701.249924385 3.26816 2.17982
1441244701.259732621 3.35512 2.14064
1441244701.270033628 3.64437 2.13828
1441244701.279939244 3.6283 1.9484
1441244701.289792086 3.69758 1.82171
1441244701.300093766 3.78551 1.66777
1441244701.309984182 3.76038 1.6502
1441244701.319819498 3.8964 1.53496
1441244701.329708073 3.93912 1.54192
1441244701.340091031 3.66443 1.4127
1441244701.349891646 3.76001 1.4246
1441244701.359686351 3.86594 1.46266
1441244701.370054336 3.70596 1.37377
1441244701.379910618 3.82075 1.42527
1441244701.389786988 3.86439 1.3666
1441244701.400121522 3.8269 1.38532
1441244701.409996851 3.79142 1.42756
1441244701.419857629 3.79096 1.41135
1441244701.429741766 3.79586 1.42716
1441244701.440019204 3.91785 1.52697
1441244701.449904246 3.76808 1.39714
1441244701.459796011 3.85462 1.36344
1441244701.470093941 3.76706 1.30064
1441244701.479947035 3.85844 1.29848
1441244701.489841194 3.9684 1.32143
1441244701.500102547 3.90618 1.23421
1441244701.509971944 3.92386 1.1578
1441244701.519886736 3.93259 1.19672
1441244701.529724944 3.91438 1.19842
1441244701.540037378 3.82256 1.21453
1441244701.549898787 3.96965 1.2161
1441244701.559815413 3.88019 1.18125
1441244701.570095467 3.76787 1.1319
1441244701.580003959 3.91936 1.18009
1441244701.589858064 4.00729 1.2145
1441244701.600123443 3.89349 1.15622
1441244701.610033674 3.95196 1.21858
1441244701.619881234 3.83418 1.23511
1441244701.630171935 3.94207 1.27063
1441244701.640076623 3.94877 1.22808
1441244701.649913590 3.89189 1.25464
1441244701.659800889 3.89207 1.22629
1441244701.670123723 3.88078 1.17035
1441244701.679960146 3.83261 1.19607
1441244701.689827434 3.89187 1.22163
1441244701.700138333 3.93129 1.21596
1441244701.709993050 3.92972 1.2392
1441244701.719927927 3.92686 1.24156
1441244701.729791568 3.95785 1.16509
1441244701.740007376 3.9203 1.11876
1441244701.749939731 4.13698 1.30167
1441244701.759775526 4.00515 1.14122
1441244701.770131696 4.05704 1.19707
1441244701.779963866 4.19125 1.21028
1441244701.789880615 4.0656 1.08982
1441244701.800145813 3.94818 1.17547
1441244701.809974584 4.2412 1.40062
1441244701.819868473 4.13245 1.17267
1441244701.829672641 3.84718 1.14875
1441244701.840059616 4.03159 1.38877
1441244701.849938127 4.00588 1.19334
1441244701.859794975 3.95685 1.18931
1441244701.870069653 4.07432 1.27177
1441244701.879996649 3.98352 1.3137
1441244701.889794628 3.95689 1.14098
1441244701.900120243 4.13055 1.32716
1441244701.909997901 3.99077 1.10171
1441244701.919844952 4.04924 1.1382
1441244701.929734888 4.1638 1.31776
1441244701.940097355 4.18138 1.10349
1441244701.949905589 4.06888 1.05987
1441244701.959786076 4.21315 1.29285
1441244701.970126106 3.9896 1.11457
1441244701.979928549 3.93795 1.11178
1441244701.989794607 3.97811 1.19523
1441244702.000100840 4.05791 1.20933
1441244702.009982841 4.11979 1.20415
1441244702.019887868 4.14188 1.16789
1441244702.029779996 4.08633 1.11393
1441244702.040021604 4.22283 1.16976
1441244702.049897176 4.1252 1.20693
1441244702.059791754 4.22508 1.29164
1441244702.070076123 4.24962 1.32144
1441244702.079938506 4.3133 1.43021
1441244702.089832829 4.16566 1.26744
1441244702.100099217 4.29241 1.36008
1441244702.109966010 4.20411 1.26602
1441244702.119904794 4.15475 1.17329
1441244702.129703823 4.17569 1.29059
1441244702.140046618 4.06337 1.17991
1441244702.149883605 4.21467 1.27315
1441244702.159779569 4.0301 1.07155
1441244702.170096079 4.0028 1.06794
1441244702.180007098 4.01666 1.0209
1441244702.189831733 4.07964 1.13759
1441244702.199672690 3.98014 1.13375
1441244702.210025782 4.06154 1.07816
1441244702.219859732 4.02309 0.997059
1441244702.229746169 3.98389 1.00107
1441244702.240057900 4.06023 1.04188
1441244702.249881081 4.05526 0.972039
1441244702.259790332 4.02367 0.993518
1441244702.270104061 4.24428 1.05375
1441244702.279992438 4.17522 1.08703
1441244702.289870453 4.09426 1.01861
1441244702.299711937 4.0813 1.10357
1441244702.310045077 4.0469 0.994162
1441244702.319859428 4.02521 0.962111
1441244702.329830148 3.93568 1.07729
1441244702.340046566 3.94904 1.01941
1441244702.349908878 3.91666 0.92859
1441244702.359779226 3.83671 1.014
1441244702.370107814 3.96633 1.00629
1441244702.380001181 3.90102 0.935171
1441244702.389897445 3.95461 0.919008
1441244702.400157891 4.01159 0.944698
1441244702.410059455 4.05182 0.908322
1441244702.419937636 3.94283 0.914297
1441244702.429801905 4.09225 0.920672
1441244702.440080727 4.10764 0.901263
1441244702.449960313 4.12209 0.861673
1441244702.459818633 4.11024 0.850786
1441244702.470069715 3.91314 0.781418
1441244702.480030588 4.02141 0.765257
1441244702.489814108 3.87465 0.781719
1441244702.500126073 3.81579 0.817124
1441244702.510055640 3.90051 0.858219
1441244702.519918583 3.66612 1.15431
1441244702.529788319 3.174 1.26701
1441244702.540085818 3.36174 1.45689
1441244702.549965936 3.51624 1.7162
1441244702.559828667 3.52271 1.5367
1441244702.570125676 3.59746 1.57764
1441244702.580020261 3.61844 1.41268
1441244702.589877865 3.67789 1.30321
1441244702.600142496 3.64382 1.41595
1441244702.610051582 3.57456 1.36314
59
1441244700.880581904 550.6 32.7 23.1 0.66 0 0 -0.751
1441244700.894552685 671.3 19.1 23.1 0.66 0 0 -0.751
1441244700.927196266 671.3 19.1 23.1 0.66 0 0 -0.751
1441244700.958177244 671.3 19.2 23.1 0.66 0 0 -0.751
1441244700.987399440 671.3 19.2 23.1 0.66 0 0 -0.751
1441244701.020647773 671.3 19.2 23 0.66 0 0 -0.751
1441244701.046964041 671.3 19.2 23 0.661 0 0 -0.75
1441244701.080417930 671.3 19.2 23.1 0.661 0 0 -0.75
1441244701.109938415 671.3 19.2 23.1 0.662 0 0 -0.75
1441244701.140927329 671.3 19.2 23.1 0.662 0 0 -0.749
1441244701.167905259 671.3 19.1 23.1 0.663 0 0 -0.749
1441244701.200521566 671.3 19.1 23.1 0.663 0 0 -0.748
1441244701.227057295 671.3 19.1 23.1 0.664 0 0 -0.748
1441244701.260636363 671.3 19.1 23.1 0.664 0 0 -0.747
1441244701.286940428 671.3 19.1 23.1 0.665 0 0 -0.747
1441244701.320658044 671.3 19.1 23.1 0.665 0 0 -0.747
1441244701.350192075 671.3 19.1 23.1 0.666 0 0 -0.746
1441244701.380707195 671.3 19.1 23.1 0.666 0 0 -0.746
1441244701.410212722 671.3 19.1 23.1 0.667 0 0 -0.745
1441244701.443058015 671.3 19.1 23.1 0.667 0 0 -0.745
1441244701.470566760 671.3 19.1 23.1 0.668 0 0 -0.744
1441244701.503431980 671.3 19.1 23.1 0.668 0 0 -0.744
1441244701.529929830 671.3 19.1 23.1 0.669 0 0 -0.743
1441244701.560651979 671.3 19.1 23.1 0.669 0 0 -0.743
1441244701.590566832 671.3 19.1 23.1 0.67 0 0 -0.743
1441244701.620231583 671.4 19.1 23.1 0.67 0 0 -0.742
1441244701.650130315 671.3 19.1 23.1 0.671 0 0 -0.742
1441244701.679966226 671.3 19 23.1 0.671 0 0 -0.741
1441244701.710457661 671.3 19 23.1 0.672 0 0 -0.741
1441244701.740129343 671.3 19 23.1 0.672 0 0 -0.74
1441244701.770132198 671.3 19 23.1 0.673 0 0 -0.74
1441244701.802991878 671.3 19 23.1 0.673 0 0 -0.74
1441244701.830668301 671.3 19 23.1 0.674 0 0 -0.739
1441244701.863719609 671.3 19 23.1 0.674 0 0 -0.739
1441244701.890249516 671.3 19 23.1 0.675 0 0 -0.738
1441244701.923203668 671.3 19 23.1 0.675 0 0 -0.738
1441244701.950792621 671.3 19 23.1 0.676 0 0 -0.737
1441244701.983587790 671.3 19 23.1 0.676 0 0 -0.737
1441244702.010061575 671.3 19 23.1 0.677 0 0 -0.736
1441244702.040767347 671.3 19 23.1 0.677 0 0 -0.736
1441244702.070439039 671.3 19 23.1 0.678 0 0 -0.736
1441244702.100353171 671.3 19 23.1 0.678 0 0 -0.735
1441244702.130172809 671.3 19 23.1 0.678 0 0 -0.735
1441244702.163171262 671.3 19 23.1 0.679 0 0 -0.734
1441244702.190569538 671.3 19 23.1 0.679 0 0 -0.734
1441244702.223158717 671.3 19 23.1 0.68 0 0 -0.733
1441244702.250497501 671.3 19 23.1 0.68 0 0 -0.733
1441244702.283262133 671.3 19 23.1 0.681 0 0 -0.732
1441244702.313006469 671.3 19 23.1 0.681 0 0 -0.732
1441244702.346668735 671.3 19 23.1 0.682 0 0 -0.731
1441244702.373352688 671.3 19 23.1 0.682 0 0 -0.731
1441244702.406460240 671.3 19 23.1 0.683 0 0 -0.731
1441244702.433000193 671.3 18.9 23.1 0.683 0 0 -0.73
1441244702.466689890 671.3 18.9 23.1 0.684 0 0 -0.73
1441244702.493056645 671.3 18.9 23.1 0.684 0 0 -0.729
1441244702.523780516 671.3 18.9 23.1 0.685 0 0 -0.729
1441244702.553530942 671.3 18.9 23.1 0.685 0 0 -0.728
1441244702.583085065 671.3 18.9 23.1 0.686 0 0 -0.728
1441244702.615777729 671.3 18.9 23.1 0.686 0 0 -0.727
553.333 -94.3541 10.5765 0.917379 0.000995876 -0.00167626 0.398011
568.364 -104.759 10.7688 0.881837 4.30167e-05 -0.00131824 0.471552
185
1441244733.984228805 0.079321 -0.099928
1441244733.990066616 0.088589 -0.10145
1441244733.999967461 0.084817 -0.104011
1441244734.010342036 0.083071 -0.098571
1441244734.020198574 0.086511 -0.106072
1441244734.030012664 0.087363 -0.103118
1441244734.040596626 0.084884 -0.10063
1441244734.050205298 0.084942 -0.092819
1441244734.060013664 0.087449 -0.1099
1441244734.070389161 0.09106 -0.108391
1441244734.080326061 0.086454 -0.103805
1441244734.090216606 0.082006 -0.097922
1441244734.100628367 0.083972 -0.09909
1441244734.110290967 0.090403 -0.100263
1441244734.120238886 0.09326 -0.101811
1441244734.130169936 0.089368 -0.104266
1441244734.140354407 0.088574 -0.102656
1441244734.149977251 0.084636 -0.112775
1441244734.159890106 0.085114 -0.094064
1441244734.170447316 0.082873 -0.10187
1441244734.180191378 0.087395 -0.108653
1441244734.190117748 0.090393 -0.100356
1441244734.200134634 0.080253 -0.102559
1441244734.210025993 0.087653 -0.101046
1441244734.220051898 0.085682 -0.103192
1441244734.230163912 0.082019 -0.095765
1441244734.240324107 0.08561 -0.1088
1441244734.250226269 0.08571 -0.104461
1441244734.260177736 0.088428 -0.104812
1441244734.270331461 0.087807 -0.097683
1441244734.280217553 0.087354 -0.10321
1441244734.290155799 0.085704 -0.105573
1441244734.300008754 0.090834 -0.116316
1441244734.310371973 0.084032 -0.102308
1441244734.320182895 0.082086 -0.102462
1441244734.330096486 0.092088 -0.102485
1441244734.340288338 0.089356 -0.106423
1441244734.350213545 0.09023 -0.10585
1441244734.360025824 0.083802 -0.105628
1441244734.370229470 0.087517 -0.107632
1441244734.380442276 0.082915 -0.104066
1441244734.390170409 0.087481 -0.101077
1441244734.400326788 0.63704 0.652768
1441244734.410355664 1.47071 1.65165
1441244734.420078563 2.33429 2.56063
1441244734.430430306 2.44794 2.48381
1441244734.440345153 2.50649 2.2502
1441244734.450105464 2.55835 2.13084
1441244734.460069185 2.56836 1.97755
1441244734.470379757 2.69111 1.85913
1441244734.480212074 2.88395 1.75428
1441244734.490267978 3.12086 1.7054
1441244734.500429877 3.11773 1.70772
1441244734.510228410 3.26064 1.7277
1441244734.520138049 3.33697 1.66853
1441244734.530457700 3.2046 1.45464
1441244734.540269968 3.39963 1.4839
1441244734.550099466 3.37374 1.3453
1441244734.560048857 3.50894 1.45222
1441244734.570313157 3.5484 1.64211
1441244734.580264063 3.61609 1.79235
1441244734.589818986 3.5911 1.9508
1441244734.600401705 3.39912 1.9656
1441244734.610233731 3.34519 2.02783
1441244734.620095140 3.30345 2.08369
1441244734.630456300 3.33826 2.04466
1441244734.640289870 3.40131 2.08461
1441244734.650322154 3.33625 2.02886
1441244734.660155864 3.26345 2.08807
1441244734.670287672 3.309 2.15764
1441244734.680310876 3.43483 2.19356
1441244734.690181401 3.36411 2.17959
1441244734.700362729 3.39406 2.25005
1441244734.710449025 3.42185 2.20417
1441244734.720156481 3.41819 2.105
1441244734.730418687 3.23106 1.96834
1441244734.740331510 3.40219 2.19121
1441244734.750168312 3.30735 2.10616
1441244734.760044395 3.34638 2.11848
1441244734.770467688 3.47266 2.13882
1441244734.780229742 3.31687 2.06785
1441244734.790054723 3.22105 2.09892
1441244734.800270345 3.25588 2.38269
1441244734.810368983 3.20915 2.28006
1441244734.820050251 3.19931 2.29086
1441244734.830397867 3.19733 2.30141
1441244734.840269526 3.21597 2.22327
1441244734.850136193 3.21834 2.32881
1441244734.860014354 3.22624 2.3335
1441244734.870368139 3.18806 2.30597
1441244734.880147085 3.24274 2.30348
1441244734.890093125 3.15502 2.2702
1441244734.900276313 3.23294 2.425
1441244734.910290009 3.39282 2.41561
1441244734.920043133 3.41674 2.41039
1441244734.930390656 3.33021 2.34082
1441244734.940255879 3.37185 2.16787
1441244734.950083345 3.25846 2.14414
1441244734.959987473 3.278 2.18398
1441244734.970299594 3.42189 2.1501
1441244734.979940838 3.40512 2.04958
1441244734.990109091 3.33263 2.06321
1441244735.000357180 3.52727 2.14392
1441244735.010168102 3.51027 2.04423
1441244735.020203021 3.41058 2.10245
1441244735.030372815 3.55665 2.2168
1441244735.040060265 3.44208 2.13057
1441244735.049897408 3.46027 2.06459
1441244735.060175288 3.4841 2.13435
1441244735.070026131 3.45404 2.33334
1441244735.079912694 3.39193 2.2753
1441244735.089830837 3.35254 2.40067
1441244735.100430374 3.27887 2.25493
1441244735.110412772 3.32735 2.17524
1441244735.120081476 3.34908 2.28044
1441244735.130292318 3.46772 2.26813
1441244735.140238658 3.43809 2.16398
1441244735.150142303 3.31337 1.97186
1441244735.160512671 3.35257 1.93136
1441244735.170433225 3.39364 1.9411
1441244735.180136004 3.43336 2.03837
1441244735.190042357 3.41909 2.01207
1441244735.200176819 3.41264 2.02161
1441244735.210331007 3.41274 1.96464
1441244735.220120770 3.33407 1.91955
1441244735.230341039 3.42268 2.01684
1441244735.240265800 3.3408 1.82943
1441244735.250098718 3.31515 1.83029
1441244735.260244887 3.35146 2.07078
1441244735.270119410 3.22629 1.98822
1441244735.280239061 3.22484 2.19028
1441244735.290033050 3.3357 2.31562
1441244735.300314174 3.14738 2.26
1441244735.310192661 3.17144 2.19731
1441244735.319835250 3.18085 2.19965
1441244735.330376269 3.24605 2.28036
1441244735.340248956 3.45393 2.46906
1441244735.350079544 3.37295 2.34919
1441244735.360092738 3.28755 2.2161
1441244735.370313432 3.35298 2.23772
1441244735.379871332 3.23727 2.19528
1441244735.389835843 3.34572 2.1961
1441244735.400073377 3.2519 2.2366
1441244735.409942152 3.17506 2.09282
1441244735.419836512 3.26784 2.28605
1441244735.430311430 3.27144 2.24971
1441244735.440171526 3.23641 2.17447
1441244735.450145801 3.1444 2.12553
1441244735.460373576 3.25766 2.12516
1441244735.470267771 3.14694 2.16786
1441244735.480150821 3.08582 2.08458
1441244735.490419675 3.11887 2.25207
1441244735.500251769 3.03228 2.20323
1441244735.510210652 2.94738 2.25831
1441244735.520516017 3.11688 2.36253
1441244735.530042953 2.94147 2.25764
1441244735.539974054 3.03487 2.39269
1441244735.550061680 3.07448 2.37683
1441244735.560554835 2.94411 2.26729
1441244735.570290624 3.05655 2.43097
1441244735.580121422 3.06381 2.35159
1441244735.589785889 3.13285 2.25907
1441244735.600063385 2.91552 2.2017
1441244735.609925822 3.05379 2.37331
1441244735.619960327 2.99465 2.38477
1441244735.630352047 3.15193 2.12631
1441244735.640216173 3.21457 2.18634
1441244735.650028938 3.21744 2.18711
1441244735.660370529 3.34084 2.23908
1441244735.670397429 3.28025 2.07603
1441244735.680050512 3.17773 2.07913
1441244735.690096683 3.16963 2.17762
1441244735.700242144 3.20789 2.20145
1441244735.710148908 3.11724 2.15531
1441244735.720423116 3.13262 2.16083
1441244735.730292569 3.21249 2.27263
1441244735.740148345 3.09394 2.32013
1441244735.749985404 3.05156 2.37429
1441244735.760410060 3.01891 2.36165
1441244735.770143754 2.9091 2.31948
1441244735.779925687 2.92324 2.56365
1441244735.790364187 2.94111 2.68405
1441244735.800283358 2.88951 2.60239
1441244735.809872604 2.79316 2.53889
1441244735.820068863 2.9372 2.54739
62
1441244733.984241624 549.8 12.2 23.1 0.719 0 0 -0.695
1441244733.984581786 622.3 -7.7 23.1 0.719 0 0 -0.695
1441244734.020957052 622.3 -7.7 23.1 0.719 0 0 -0.695
1441244734.053813492 622.3 -7.7 23.1 0.719 0 0 -0.695
1441244734.086299599 622.2 -7.7 23.1 0.719 0 0 -0.695
1441244734.113545147 622.3 -7.7 23.1 0.719 0 0 -0.695
1441244734.146052245 622.2 -7.6 23.1 0.72 0 0 -0.694
1441244734.176649138 622.3 -7.7 23.1 0.72 0 0 -0.694
1441244734.206685088 622.3 -7.7 23.1 0.721 0 0 -0.693
1441244734.236765815 622.3 -7.7 23.1 0.721 0 0 -0.693
1441244734.269308106 622.3 -7.7 23.1 0.721 0 0 -0.693
1441244734.299379059 622.3 -7.7 23.1 0.722 0 0 -0.692
1441244734.332896407 622.3 -7.7 23.1 0.722 0 0 -0.691
1441244734.360025799 622.3 -7.7 23.1 0.723 0 0 -0.691
1441244734.392955014 622.3 -7.7 23.1 0.723 0 0 -0.691
1441244734.420061113 622.3 -7.7 23.1 0.724 0 0 -0.69
1441244734.450010264 622.3 -7.7 23.1 0.724 0 0 -0.69
1441244734.479074641 622.3 -7.7 23.1 0.725 0 0 -0.689
1441244734.510052077 622.3 -7.7 23.1 0.725 0 0 -0.689
1441244734.539159863 622.3 -7.7 23.1 0.726 0 0 -0.688
1441244734.569941102 622.3 -7.7 23.1 0.726 0 0 -0.688
1441244734.602628852 622.3 -7.7 23.1 0.726 0 0 -0.687
1441244734.632379614 622.3 -7.8 23.1 0.727 0 0 -0.687
1441244734.662409783 622.3 -7.8 23.1 0.727 0 0 -0.686
1441244734.692736761 622.3 -7.8 23.1 0.728 0 0 -0.686
1441244734.722463302 622.3 -7.8 23.1 0.728 0 0 -0.685
1441244734.752194595 622.3 -7.8 23.1 0.729 0 0 -0.685
1441244734.783111758 622.3 -7.8 23.1 0.729 0 0 -0.684
1441244734.812815793 622.3 -7.8 23.1 0.73 0 0 -0.684
1441244734.842443832 622.3 -7.8 23.1 0.73 0 0 -0.683
1441244734.872327296 622.3 -7.8 23.1 0.731 0 0 -0.683
1441244734.899912242 622.3 -7.8 23.1 0.731 0 0 -0.682
1441244734.933022123 622.3 -7.8 23.1 0.731 0 0 -0.682
1441244734.959725958 622.3 -7.8 23.1 0.732 0 0 -0.682
1441244734.992686427 622.3 -7.8 23.1 0.732 0 0 -0.681
1441244735.022445835 622.3 -7.8 23.1 0.733 0 0 -0.681
1441244735.055678171 622.3 -7.8 23.1 0.733 0 0 -0.68
1441244735.082469428 622.3 -7.8 23.1 0.734 0 0 -0.68
1441244735.115364144 622.3 -7.8 23.1 0.734 0 0 -0.679
1441244735.142951111 622.3 -7.8 23.1 0.735 0 0 -0.679
1441244735.175380578 622.3 -7.8 23.1 0.735 0 0 -0.678
1441244735.202356517 622.3 -7.8 23.1 0.735 0 0 -0.678
1441244735.235747874 622.3 -7.8 23.1 0.736 0 0 -0.677
1441244735.262833441 622.3 -7.8 23.1 0.736 0 0 -0.677
1441244735.295747656 622.3 -7.9 23.1 0.737 0 0 -0.676
1441244735.322652784 622.3 -7.9 23.1 0.737 0 0 -0.676
1441244735.355620577 622.3 -7.9 23.1 0.738 0 0 -0.675
1441244735.385100466 622.3 -7.9 23.1 0.738 0 0 -0.675
1441244735.414932653 622.3 -7.9 23.1 0.739 0 0 -0.674
1441244735.445775747 622.3 -7.9 23.1 0.739 0 0 -0.674
1441244735.475804738 622.3 -7.9 23.1 0.739 0 0 -0.673
1441244735.505682198 622.3 -7.9 23.1 0.74 0 0 -0.673
1441244735.535177591 622.3 -7.9 23.1 0.74 0 0 -0.672
1441244735.562665502 622.3 -7.9 23.1 0.741 0 0 -0.672
1441244735.595383950 622.3 -7.9 23.1 0.741 0 0 -0.671
1441244735.623015030 622.3 -7.9 23.1 0.742 0 0 -0.671
1441244735.655294583 622.3 -7.9 23.1 0.742 0 0 -0.67
1441244735.685475810 622.3 -7.9 23.1 0.743 0 0 -0.67
1441244735.716059547 622.3 -7.9 23.1 0.743 0 0 -0.669
1441244735.745697610 622.3 -7.9 23.1 0.743 0 0 -0.669
1441244735.778840489 622.3 -7.9 23.1 0.744 0 0 -0.668
1441244735.805011804 622.3 -7.9 23.1 0.744 0 0 -0.668
