20
568.391 -104.774 10.786 0.881777 -0.000212727 -0.00124448 0.471664
608.591 -119.975 10.6811 0.790792 0.00100413 -0.00117964 0.612083
380
1441245126.747953669 0.092039 -0.108859
1441245126.756981681 0.083079 -0.100719
1441245126.766782161 0.089451 -0.103034
1441245126.776735360 0.091667 -0.108685
1441245126.786944039 0.090312 -0.10906
1441245126.796920073 0.093157 -0.110524
1441245126.806714201 0.091124 -0.111692
1441245126.816637476 0.086636 -0.103681
1441245126.826939077 0.089326 -0.109704
1441245126.836759051 0.083162 -0.097409
1441245126.846630218 0.081199 -0.102979
1441245126.856933635 0.096406 -0.112334
1441245126.866798584 0.089263 -0.102994
1441245126.876664654 0.080895 -0.104123
1441245126.886955298 0.086616 -0.102591
1441245126.896868471 0.087585 -0.099728
1441245126.906694011 0.092816 -0.109216
1441245126.916573427 0.092558 -0.099107
1441245126.926891076 0.093348 -0.098421
1441245126.936769416 0.088678 -0.09806
1441245126.946622719 0.084992 -0.101685
1441245126.956521166 0.093088 -0.106122
1441245126.966796738 0.083818 -0.104423
1441245126.976708975 0.085334 -0.106351
1441245126.986979634 0.084006 -0.101216
1441245126.996863503 0.082848 -0.103862
1441245127.006786570 0.086766 -0.098208
1441245127.016593106 0.086784 -0.106062
1441245127.026959964 0.090219 -0.106799
1441245127.036832346 0.086619 -0.103773
1441245127.046655240 0.094772 -0.111522
1441245127.056961328 0.086622 -0.101478
1441245127.066868159 0.081208 -0.104162
1441245127.076679053 0.090961 -0.104961
1441245127.086586165 0.091267 -0.101752
1441245127.096926723 0.085725 -0.106501
1441245127.106762764 0.096707 -0.106992
1441245127.116621314 0.773578 0.730429
1441245127.126914971 1.94324 2.06301
1441245127.136763594 2.61583 2.45196
1441245127.146634415 2.84876 2.1097
1441245127.156541019 2.86068 1.97811
1441245127.166834846 3.32878 1.94185
1441245127.176728176 3.45151 1.98277
1441245127.186654054 3.43417 1.78993
1441245127.196901075 3.33532 1.74016
1441245127.206804354 3.36445 1.67109
1441245127.216615634 3.36005 1.58513
1441245127.226902687 3.52891 1.58948
1441245127.236864444 3.5904 1.57867
1441245127.246705550 3.70508 1.58781
1441245127.256951491 3.75793 1.60766
1441245127.266851654 3.53745 1.51623
1441245127.276804862 3.52658 1.43938
1441245127.286644623 3.55709 1.33804
1441245127.296937194 3.50008 1.23677
1441245127.306749627 3.4946 1.32245
1441245127.316676710 3.61961 1.47014
1441245127.326941263 3.46531 1.37708
1441245127.336836535 3.51375 1.57945
1441245127.346694362 3.63092 1.62131
1441245127.356570947 3.58506 1.55164
1441245127.366924983 3.57559 1.48605
1441245127.376732766 3.63248 1.5632
1441245127.386630393 3.59877 1.49313
1441245127.396898020 3.61955 1.41966
1441245127.406778110 3.52859 1.37335
1441245127.416723032 3.3993 1.39132
1441245127.426544205 3.57992 1.50298
1441245127.436876597 3.66052 1.55796
1441245127.446740136 3.66531 1.45781
1441245127.456578844 3.68476 1.47828
1441245127.466925945 3.6506 1.44578
1441245127.476811514 3.68006 1.42562
1441245127.486623090 3.75713 1.35413
1441245127.496941453 3.76991 1.28792
1441245127.506877416 3.63406 1.25187
1441245127.516757810 3.73921 1.3451
1441245127.526604292 3.7237 1.31542
1441245127.536861120 3.5655 1.2339
1441245127.546729704 3.756 1.32122
1441245127.556614532 3.67366 1.2824
1441245127.566968419 3.59244 1.2387
1441245127.576828619 3.71016 1.28713
1441245127.586666538 3.57007 1.28694
1441245127.596976127 3.58255 1.21055
1441245127.606803866 3.49221 1.1561
1441245127.616736843 3.55425 1.18145
1441245127.627015588 3.68909 1.23484
1441245127.636908242 3.78573 1.28105
1441245127.646752377 3.81656 1.30083
1441245127.656599051 3.80823 1.18101
1441245127.666916280 3.73976 1.28832
1441245127.676822883 3.73797 1.35215
1441245127.686659084 3.74811 1.24024
1441245127.696988295 3.62726 1.15754
1441245127.706815003 3.74706 1.13001
1441245127.716760222 3.61567 1.06925
1441245127.726577142 3.56236 1.17944
1441245127.736951207 3.70155 1.24997
1441245127.746753002 3.6055 1.22519
1441245127.756690824 3.66552 1.25319
1441245127.766982486 3.67924 1.33006
1441245127.776793633 3.65693 1.24979
1441245127.786669528 3.61888 1.29121
1441245127.797001496 3.62231 1.24634
1441245127.806846427 3.64267 1.13151
1441245127.816803742 3.6063 1.09286
1441245127.826631078 3.65944 1.17607
1441245127.836880261 3.58773 1.18333
1441245127.846764425 3.62825 1.17403
1441245127.856626675 3.76524 1.19943
1441245127.866933462 3.64299 1.05485
1441245127.876753035 3.65694 1.09945
1441245127.886705565 3.64683 1.17796
1441245127.896547842 3.69874 1.13546
1441245127.906858805 3.61646 1.09454
1441245127.916711149 3.70939 1.12518
1441245127.926640324 3.66879 1.14436
1441245127.936955182 3.59955 1.0563
1441245127.946746844 3.68939 1.18384
1441245127.956683134 3.66996 1.08634
1441245127.966939491 3.61768 1.01244
1441245127.976856236 3.52796 1.07939
1441245127.986671756 3.73269 1.12627
1441245127.996636491 3.90319 1.22099
1441245128.006866301 3.66133 1.05204
1441245128.016783715 3.83044 1.17047
1441245128.026614355 3.76669 1.16692
1441245128.036954676 3.56646 1.06534
1441245128.046847083 3.6081 1.23962
1441245128.056696634 3.54227 1.17185
1441245128.066991403 3.52037 1.21826
1441245128.076840455 3.55454 1.24948
1441245128.086740017 3.51269 1.24496
1441245128.096631031 3.62041 1.30204
1441245128.106845869 3.61144 1.25705
1441245128.116702518 3.58061 1.24235
1441245128.126620664 3.63324 1.27119
1441245128.136980063 3.61328 1.21758
1441245128.146785295 3.57438 1.23967
1441245128.156726112 3.61022 1.18738
1441245128.167018171 3.75338 1.09478
1441245128.176839810 3.68405 1.09607
1441245128.186725802 3.79099 1.17679
1441245128.196611286 3.79714 1.05935
1441245128.206875496 3.73093 1.01588
1441245128.216790815 3.74821 1.06499
1441245128.226681762 3.75162 0.994843
1441245128.236923546 3.73601 0.979762
1441245128.246811889 3.68521 1.03187
1441245128.256675918 3.7986 1.1278
1441245128.267002938 3.75105 1.04228
1441245128.276857935 3.70242 0.941586
1441245128.286711863 3.67825 0.895885
1441245128.296588834 3.70305 0.988247
1441245128.306880516 3.82167 1.02906
1441245128.316762504 3.80961 1.03616
1441245128.326723575 3.76033 1.00816
1441245128.336924861 3.72885 1.02889
1441245128.346800657 3.67932 1.01684
1441245128.356658951 3.60099 1.03767
1441245128.366632470 3.65286 1.05659
1441245128.376899202 3.69724 1.13844
1441245128.386771319 3.742 1.19129
1441245128.396665667 3.62831 1.23038
1441245128.406946400 3.55637 1.26528
1441245128.416826653 3.5622 1.31895
1441245128.426675448 3.47477 1.26681
1441245128.437002177 3.4636 1.34218
1441245128.446791922 3.60416 1.48598
1441245128.456693818 3.56604 1.49818
1441245128.466968796 3.546 1.49741
1441245128.476852528 3.6087 1.52292
1441245128.486735428 3.61977 1.56318
1441245128.496569896 3.60816 1.49806
1441245128.506891086 3.63023 1.50523
1441245128.516819288 3.55082 1.30416
1441245128.526691098 3.41228 1.28011
1441245128.536972762 3.60374 1.48054
1441245128.546824970 3.66892 1.42792
1441245128.556665932 3.79316 1.43602
1441245128.567007856 3.64485 1.40382
1441245128.576880150 3.6529 1.31929
1441245128.586689589 3.56387 1.23707
1441245128.596592405 3.51148 1.15989
1441245128.606889329 3.57913 1.23648
1441245128.616812480 3.52305 1.11173
1441245128.626619277 3.61452 1.08423
1441245128.636955167 3.51273 1.13529
1441245128.646827218 3.66142 1.23612
1441245128.656638273 3.64043 1.18184
1441245128.666968693 3.58507 1.09647
1441245128.676823014 3.64962 1.10303
1441245128.686691930 3.59025 1.07522
1441245128.696615894 3.62794 1.00974
1441245128.706889562 3.61102 1.02934
1441245128.716780098 3.45804 0.95471
1441245128.726663489 3.44701 0.97606
1441245128.736923040 3.59283 0.988954
1441245128.746814963 3.45059 1.04965
1441245128.756655907 3.46856 1.00932
1441245128.766560647 3.58369 1.15031
1441245128.776841454 3.46678 1.13917
1441245128.786699714 3.54277 1.22534
1441245128.796601384 3.41329 1.2355
1441245128.806884126 3.4335 1.21321
1441245128.816787140 3.42823 1.21532
1441245128.826670438 3.46421 1.20208
1441245128.836958408 3.48185 1.25118
1441245128.846781508 3.73605 1.27256
1441245128.856695048 3.64478 1.15646
1441245128.866944052 3.54151 1.0756
1441245128.876825932 3.54787 1.05393
1441245128.886788096 3.60441 1.14799
1441245128.896619882 3.62989 1.06288
1441245128.906920542 3.55503 1.06824
1441245128.916840371 3.54534 1.1119
1441245128.926617703 3.62511 1.14648
1441245128.936962943 3.51806 1.00403
1441245128.946839528 3.54106 0.983666
1441245128.956677988 3.55279 0.999896
1441245128.966560446 3.5311 0.980984
1441245128.976909525 3.63418 1.00941
1441245128.986711190 3.56578 0.919369
1441245128.996609826 3.66563 0.945877
1441245129.006935087 3.6475 0.953755
1441245129.016784950 3.73613 0.944084
1441245129.026661921 3.66671 0.998131
1441245129.036980076 3.56617 0.975216
1441245129.046808165 3.75514 1.02812
1441245129.056680573 3.54054 0.987471
1441245129.066671173 3.43566 0.935244
1441245129.076857110 3.53464 1.1227
1441245129.086764110 3.5254 1.0355
1441245129.096655476 3.49679 0.999088
1441245129.106897957 3.62085 1.07866
1441245129.116770289 3.63177 1.12117
1441245129.126710908 3.60818 1.10528
1441245129.136958956 3.53293 1.13694
1441245129.146803034 3.51394 1.15619
1441245129.156777007 3.48754 1.20141
1441245129.166563836 3.55682 1.20785
1441245129.176870601 3.72674 1.17113
1441245129.186794879 3.57345 1.0942
1441245129.196600978 3.66167 1.20391
1441245129.206921258 3.60838 1.14959
1441245129.216852252 3.40741 1.05325
1441245129.226673724 3.50354 1.13378
1441245129.236509086 3.55896 1.22103
1441245129.246890855 3.52635 1.19098
1441245129.256719862 3.54263 1.13174
1441245129.266587293 3.6163 1.19356
1441245129.276916090 3.6517 1.21914
1441245129.286804915 3.62074 1.19416
1441245129.296703829 3.6113 1.20927
1441245129.306936298 3.60079 1.09523
1441245129.316854438 3.50208 1.09983
1441245129.326701108 3.40348 1.07817
1441245129.336577948 3.49205 1.15919
1441245129.346877969 3.55774 1.1574
1441245129.356707492 3.63413 1.20751
1441245129.366664466 3.58944 1.17542
1441245129.376893078 3.52507 1.1024
1441245129.386785803 3.55083 1.16078
1441245129.396645488 3.5146 1.08391
1441245129.406938320 3.33688 0.945452
1441245129.416809867 3.37833 1.01498
1441245129.426682061 3.41995 1.02183
1441245129.436636144 3.445 0.960187
1441245129.446878961 3.62177 1.05194
1441245129.456775736 3.5264 0.960834
1441245129.466638109 3.6202 1.02733
1441245129.476877509 3.61122 1.05546
1441245129.486825589 3.55117 0.98461
1441245129.496703886 3.56717 0.976105
1441245129.506998708 3.62765 0.989141
1441245129.516880910 3.60247 0.947833
1441245129.526740798 3.69201 1.04046
1441245129.536632985 3.66778 1.08373
1441245129.546923027 3.66588 1.07976
1441245129.556784804 3.54399 0.982802
1441245129.566600929 3.53071 0.950704
1441245129.576902218 3.61892 1.01806
1441245129.586827592 3.59139 1.02395
1441245129.596699599 3.53512 0.977228
1441245129.606951439 3.64524 1.15389
1441245129.616814835 3.68655 1.0802
1441245129.626741717 3.63862 1.06707
1441245129.636575246 3.77594 1.12838
1441245129.646863242 3.76341 1.1928
1441245129.656791832 3.88369 1.12466
1441245129.666619154 3.81165 1.03202
1441245129.676869664 3.74341 0.930053
1441245129.686749882 3.66816 1.00075
1441245129.696668941 3.7201 1.07782
1441245129.706949956 3.64389 1.07764
1441245129.716827000 3.53681 1.08325
1441245129.726759459 3.76025 1.24868
1441245129.736670647 3.71842 1.25117
1441245129.746899038 3.65218 1.11352
1441245129.756759736 3.70938 1.13029
1441245129.766591667 3.75132 1.1444
1441245129.776943478 3.67496 1.08181
1441245129.786886937 3.61 1.07701
1441245129.796672442 3.60362 0.985376
1441245129.806665865 3.6214 0.949333
1441245129.816820782 3.69596 1.10514
1441245129.826680813 3.73156 1.03661
1441245129.836992456 3.55695 0.951646
1441245129.846872872 3.62137 0.961471
1441245129.856862808 3.62968 1.07175
1441245129.866731238 3.63955 1.00986
1441245129.876929874 3.6569 1.07553
1441245129.886774352 3.66035 1.08552
1441245129.896629581 3.64521 1.12462
1441245129.907008395 3.6447 1.15799
1441245129.916772972 3.64706 1.09581
1441245129.926674356 3.56431 1.05669
1441245129.936637525 3.70231 1.15641
1441245129.946970665 3.64219 1.1882
1441245129.956734719 3.48903 1.14978
1441245129.966658034 3.4073 1.20717
1441245129.976920601 3.58382 1.14621
1441245129.986918869 3.49302 1.06127
1441245129.996704003 3.54654 1.02433
1441245130.006665682 3.54733 0.990531
1441245130.016820336 3.44208 1.05624
1441245130.026700450 3.57144 1.17927
1441245130.036651860 3.63345 1.13927
1441245130.046914754 3.40337 1.05242
1441245130.056822231 3.66227 1.11545
1441245130.066669177 3.5561 1.07768
1441245130.076904386 3.59892 0.950525
1441245130.086820167 3.70103 1.17488
1441245130.096692345 3.5847 1.07737
1441245130.106645653 3.44223 0.969835
1441245130.116867005 3.42149 1.1035
1441245130.126790840 3.45171 1.14301
1441245130.136653928 3.43568 1.03678
1441245130.146931975 3.34284 1.04488
1441245130.156881928 3.5788 1.12859
1441245130.166671391 3.67178 1.13818
1441245130.176949560 3.62758 1.02275
1441245130.186781163 3.50389 1.05471
1441245130.196759464 3.49177 0.987789
1441245130.207042875 3.41094 0.985469
1441245130.216880254 3.3524 0.979201
1441245130.226742842 3.35622 0.991998
1441245130.236670397 3.43298 1.02529
1441245130.246918032 3.58164 1.05474
1441245130.256882734 3.62814 1.06745
1441245130.266669412 3.41973 0.953139
1441245130.276595538 3.54458 1.00037
1441245130.286967629 3.46766 1.03485
1441245130.296822466 3.33094 1.02198
1441245130.307000360 3.50003 1.13682
1441245130.316864405 3.42689 1.14105
1441245130.326834990 3.49358 1.13349
1441245130.336635305 3.55206 1.13707
1441245130.346920356 3.49676 1.05214
1441245130.356860524 3.52579 1.10154
1441245130.366619321 3.41292 1.12716
1441245130.376960791 3.37888 1.09753
1441245130.386929162 3.39107 1.08382
1441245130.396701173 3.43274 1.0409
1441245130.407074453 3.46658 0.999109
1441245130.416931896 3.55369 1.03948
1441245130.426757384 3.65179 1.05726
1441245130.436581450 3.58826 1.04985
1441245130.447030207 3.56827 1.0951
1441245130.456766445 3.6161 1.17532
1441245130.466613764 3.55583 1.0358
1441245130.476979708 3.53021 1.09599
1441245130.486846140 3.57683 1.15031
1441245130.496785778 3.44294 1.10122
1441245130.507127865 3.47996 1.04267
1441245130.516879044 3.50812 1.17643
1441245130.526835537 3.48456 1.21142
1441245130.536683732 3.50096 1.20434
127
1441245126.747955350 547.5 -0.3 23.3 0.773 0 0 -0.634
1441245126.754293906 631.5 6.5 23.3 0.773 0 0 -0.634
1441245126.785038675 631.5 6.5 23.3 0.773 0 0 -0.634
1441245126.814977092 631.5 6.5 23.3 0.773 0 0 -0.634
1441245126.844878590 631.5 6.5 23.3 0.773 0 0 -0.634
1441245126.874455606 631.5 6.5 23.3 0.773 0 0 -0.634
1441245126.907388501 631.5 6.6 23.3 0.774 0 0 -0.634
1441245126.934872731 631.5 6.6 23.3 0.774 0 0 -0.633
1441245126.967530381 631.5 6.6 23.3 0.774 0 0 -0.633
1441245126.994986946 631.5 6.6 23.3 0.775 0 0 -0.632
1441245127.027855539 631.5 6.6 23.3 0.775 0 0 -0.632
1441245127.054213256 631.5 6.5 23.3 0.776 0 0 -0.631
1441245127.087836727 631.5 6.5 23.3 0.776 0 0 -0.631
1441245127.117598047 631.5 6.5 23.3 0.776 0 0 -0.63
1441245127.147278297 631.5 6.5 23.3 0.777 0 0 -0.63
1441245127.178051833 631.5 6.5 23.3 0.777 0 0 -0.629
1441245127.207738850 631.5 6.5 23.3 0.778 0 0 -0.629
1441245127.237516375 631.5 6.5 23.3 0.778 0 0 -0.628
1441245127.270376805 631.5 6.5 23.3 0.778 0 0 -0.628
1441245127.297789150 631.5 6.5 23.3 0.779 0 0 -0.627
1441245127.330683784 631.5 6.5 23.3 0.779 0 0 -0.627
1441245127.357107050 631.5 6.5 23.3 0.78 0 0 -0.626
1441245127.387883080 631.5 6.5 23.3 0.78 0 0 -0.626
1441245127.417393926 631.5 6.5 23.3 0.781 0 0 -0.625
1441245127.450154029 631.5 6.5 23.3 0.781 0 0 -0.625
1441245127.477803095 631.5 6.5 23.3 0.781 0 0 -0.624
1441245127.507326806 631.5 6.5 23.3 0.782 0 0 -0.624
1441245127.537054581 631.5 6.5 23.3 0.782 0 0 -0.623
1441245127.567686107 631.5 6.5 23.3 0.783 0 0 -0.623
1441245127.597321186 631.5 6.5 23.3 0.783 0 0 -0.622
1441245127.627930653 631.5 6.5 23.3 0.783 0 0 -0.622
1441245127.657760903 631.5 6.5 23.3 0.784 0 0 -0.621
1441245127.690511675 631.5 6.5 23.3 0.784 0 0 -0.62
1441245127.717980362 631.5 6.5 23.3 0.785 0 0 -0.62
1441245127.750853130 631.5 6.5 23.3 0.785 0 0 -0.619
1441245127.780509150 631.5 6.5 23.3 0.786 0 0 -0.619
1441245127.810187024 631.5 6.5 23.3 0.786 0 0 -0.618
1441245127.837761566 631.5 6.5 23.3 0.786 0 0 -0.618
1441245127.870424995 631.5 6.5 23.3 0.787 0 0 -0.617
1441245127.897930415 631.5 6.5 23.3 0.787 0 0 -0.617
1441245127.930675978 631.5 6.5 23.3 0.787 0 0 -0.616
1441245127.960324330 631.5 6.5 23.3 0.788 0 0 -0.616
1441245127.993013330 631.5 6.5 23.3 0.788 0 0 -0.615
1441245128.020559271 631.5 6.5 23.3 0.789 0 0 -0.615
1441245128.053467184 631.5 6.4 23.3 0.789 0 0 -0.614
1441245128.083179201 631.5 6.4 23.3 0.79 0 0 -0.614
1441245128.115997124 631.5 6.4 23.3 0.79 0 0 -0.613
1441245128.143516195 631.5 6.4 23.3 0.79 0 0 -0.613
1441245128.176471658 631.5 6.4 23.3 0.791 0 0 -0.612
1441245128.204052177 631.5 6.4 23.3 0.791 0 0 -0.612
1441245128.236923534 631.5 6.4 23.3 0.792 0 0 -0.611
1441245128.266799030 631.5 6.4 23.3 0.792 0 0 -0.611
1441245128.296612141 631.5 6.4 23.3 0.792 0 0 -0.61
1441245128.323392856 631.5 6.5 23.3 0.793 0 0 -0.609
1441245128.356335910 631.5 6.5 23.3 0.793 0 0 -0.609
1441245128.383872304 631.5 6.5 23.3 0.794 0 0 -0.608
1441245128.416709280 631.5 6.4 23.3 0.794 0 0 -0.608
1441245128.446573696 631.5 6.4 23.3 0.794 0 0 -0.607
1441245128.479459331 631.5 6.4 23.3 0.795 0 0 -0.607
1441245128.506026339 631.5 6.4 23.3 0.795 0 0 -0.606
1441245128.536972929 631.5 6.4 23.3 0.796 0 0 -0.606
1441245128.566739763 631.5 6.4 23.3 0.796 0 0 -0.605
1441245128.596323672 631.5 6.4 23.3 0.796 0 0 -0.605
1441245128.627020512 631.5 6.4 23.3 0.797 0 0 -0.604
1441245128.656896991 631.5 6.4 23.3 0.797 0 0 -0.604
1441245128.686532115 631.5 6.4 23.3 0.798 0 0 -0.603
1441245128.719363133 631.5 6.4 23.3 0.798 0 0 -0.603
1441245128.743814446 631.5 6.4 23.3 0.798 0 0 -0.602
1441245128.776666815 631.5 6.4 23.3 0.799 0 0 -0.602
1441245128.806371537 631.5 6.4 23.3 0.799 0 0 -0.601
1441245128.839193463 631.5 6.4 23.3 0.8 0 0 -0.601
1441245128.866924931 631.5 6.4 23.3 0.8 0 0 -0.6
1441245128.902464169 631.5 6.4 23.3 0.8 0 0 -0.6
1441245128.928957811 631.5 6.4 23.3 0.801 0 0 -0.599
1441245128.959825662 631.5 6.4 23.3 0.801 0 0 -0.598
1441245128.989518785 631.5 6.4 23.3 0.802 0 0 -0.598
1441245129.022293323 631.5 6.4 23.3 0.802 0 0 -0.597
1441245129.049757942 631.5 6.4 23.3 0.802 0 0 -0.597
1441245129.082366780 631.5 6.4 23.3 0.803 0 0 -0.596
1441245129.109830668 631.5 6.4 23.3 0.803 0 0 -0.596
1441245129.142715981 631.5 6.4 23.3 0.804 0 0 -0.595
1441245129.170080267 631.5 6.4 23.3 0.804 0 0 -0.595
1441245129.203031192 631.5 6.4 23.3 0.804 0 0 -0.594
1441245129.232683517 631.5 6.4 23.3 0.805 0 0 -0.594
1441245129.262377756 631.5 6.4 23.3 0.805 0 0 -0.593
1441245129.292945970 631.5 6.4 23.3 0.806 0 0 -0.593
1441245129.325800493 631.5 6.4 23.3 0.806 0 0 -0.592
1441245129.352344645 631.5 6.4 23.3 0.806 0 0 -0.592
1441245129.385218063 631.5 6.4 23.3 0.807 0 0 -0.591
1441245129.412630623 631.5 6.4 23.3 0.807 0 0 -0.591
1441245129.445559732 631.5 6.4 23.3 0.807 0 0 -0.59
1441245129.472977164 631.5 6.4 23.3 0.808 0 0 -0.589
1441245129.505695591 631.5 6.4 23.3 0.808 0 0 -0.589
1441245129.532244573 631.5 6.4 23.3 0.809 0 0 -0.588
1441245129.565933486 631.5 6.4 23.3 0.809 0 0 -0.588
1441245129.595496860 631.5 6.4 23.3 0.809 0 0 -0.587
1441245129.625932462 631.5 6.4 23.3 0.81 0 0 -0.587
1441245129.655427893 631.5 6.4 23.3 0.81 0 0 -0.586
1441245129.688346124 631.5 6.4 23.3 0.811 0 0 -0.586
1441245129.715883919 631.5 6.4 23.3 0.811 0 0 -0.585
1441245129.748181605 631.5 6.4 23.3 0.811 0 0 -0.585
1441245129.776042364 631.6 6.4 23.3 0.812 0 0 -0.584
1441245129.808320054 631.6 6.4 23.3 0.812 0 0 -0.584
1441245129.835877711 631.6 6.4 23.3 0.812 0 0 -0.583
1441245129.868889268 631.6 6.4 23.3 0.813 0 0 -0.583
1441245129.895345457 631.5 6.4 23.3 0.813 0 0 -0.582
1441245129.928117101 631.5 6.4 23.3 0.814 0 0 -0.581
1441245129.956002010 631.5 6.4 23.3 0.814 0 0 -0.581
1441245129.988119618 631.5 6.4 23.3 0.814 0 0 -0.58
1441245130.015879927 631.5 6.4 23.3 0.815 0 0 -0.58
1441245130.049083554 631.5 6.3 23.3 0.815 0 0 -0.579
1441245130.075955814 631.5 6.3 23.3 0.816 0 0 -0.579
1441245130.108022085 631.6 6.3 23.3 0.816 0 0 -0.578
1441245130.135843046 631.6 6.3 23.3 0.816 0 0 -0.578
1441245130.168945482 631.6 6.3 23.3 0.817 0 0 -0.577
1441245130.198902462 631.6 6.3 23.3 0.817 0 0 -0.577
1441245130.232016015 631.6 6.3 23.3 0.817 0 0 -0.576
1441245130.258830140 631.5 6.3 23.3 0.818 0 0 -0.575
1441245130.291106406 631.5 6.3 23.3 0.818 0 0 -0.575
1441245130.321064887 631.5 6.3 23.3 0.819 0 0 -0.574
1441245130.354551370 631.5 6.3 23.3 0.819 0 0 -0.574
1441245130.381182425 631.5 6.3 23.3 0.819 0 0 -0.573
1441245130.414345896 631.5 6.3 23.3 0.82 0 0 -0.573
1441245130.444302897 631.5 6.3 23.3 0.82 0 0 -0.572
1441245130.477254540 631.5 6.3 23.3 0.821 0 0 -0.572
1441245130.507230069 631.5 6.3 23.3 0.821 0 0 -0.571
1441245130.537306737 631.6 6.3 23.3 0.821 0 0 -0.571
608.597 -119.979 10.6889 0.790776 0.000963265 -0.00117734 0.612104
632.002 -116.572 11.1681 0.681084 -0.000730112 -0.000555498 0.732205
381
1441245161.243968926 0.087606 -0.104242
1441245161.246703982 0.082087 -0.099053
1441245161.256709281 0.088214 -0.106927
1441245161.266894026 0.088575 -0.104803
1441245161.276797209 0.095764 -0.109833
1441245161.286718922 0.084084 -0.102442
1441245161.297036760 0.091227 -0.106226
1441245161.306847197 0.078278 -0.103862
1441245161.316711731 0.087642 -0.101995
1441245161.326582993 0.085956 -0.103359
1441245161.336904945 0.078364 -0.103812
1441245161.346761153 0.092184 -0.102342
1441245161.356664775 0.082724 -0.101731
1441245161.366955296 0.074614 -0.108415
1441245161.376850623 0.086714 -0.10166
1441245161.386656427 0.082082 -0.09692
1441245161.396608749 0.082979 -0.098389
1441245161.406949641 0.095801 -0.095538
1441245161.416798460 0.091371 -0.09971
1441245161.426570066 0.090344 -0.102438
1441245161.436921160 0.085684 -0.104483
1441245161.446806602 0.087676 -0.105398
1441245161.456671509 0.090225 -0.105686
1441245161.466939459 0.078308 -0.108214
1441245161.476893349 0.090303 -0.106911
1441245161.486645390 0.09142 -0.101907
1441245161.496563934 0.085966 -0.104542
1441245161.506912534 0.088386 -0.103649
1441245161.516809755 0.085833 -0.105587
1441245161.526629524 0.090377 -0.10584
1441245161.536990940 0.088764 -0.10271
1441245161.546844134 0.092083 -0.108922
1441245161.556698804 0.086584 -0.102611
1441245161.566951525 0.08772 -0.10322
1441245161.576852445 0.085585 -0.104299
1441245161.586765913 0.084021 -0.101287
1441245161.596659160 0.093133 -0.103945
1441245161.606932253 0.0866 -0.102682
1441245161.616822563 0.091065 -0.109588
1441245161.626694937 0.088476 -0.102649
1441245161.637006442 0.087456 -0.108625
1441245161.646888516 0.092044 -0.103386
1441245161.656692843 0.088382 -0.102629
1441245161.666564231 0.086642 -0.102569
1441245161.676926685 0.094931 -0.102686
1441245161.686743636 0.088407 -0.105854
1441245161.696658026 0.087617 -0.103293
1441245161.706909367 0.086633 -0.106085
1441245161.716803201 0.084939 -0.101714
1441245161.726697682 0.094708 -0.106008
1441245161.736580251 0.087527 -0.104293
1441245161.746834716 0.086909 -0.101701
1441245161.756742994 0.086496 -0.106001
1441245161.766534289 0.08575 -0.103233
1441245161.776918447 0.090393 -0.105911
1441245161.786745976 0.093214 -0.102875
1441245161.796585146 0.08672 -0.103794
1441245161.806920193 0.084862 -0.103913
1441245161.816838615 0.088602 -0.102648
1441245161.826726645 0.222873 0.120894
1441245161.836979172 0.557025 0.773047
1441245161.846883322 1.00146 1.58662
1441245161.856718061 1.35903 2.31934
1441245161.866530282 1.40811 2.53233
1441245161.876893634 1.1956 2.36033
1441245161.886787491 1.13228 2.42557
1441245161.896607755 1.15833 2.46819
1441245161.906967712 1.13616 2.401
1441245161.916803587 1.07503 2.27618
1441245161.926756031 1.00605 2.18989
1441245161.937004002 1.03266 2.20551
1441245161.946873724 1.05312 2.27562
1441245161.956726838 1.045 2.3295
1441245161.966640830 1.0753 2.3803
1441245161.976862757 1.00945 2.33858
1441245161.986758842 0.985782 2.26356
1441245161.996647354 0.969607 2.29826
1441245162.006965385 1.00062 2.25853
1441245162.016847244 1.04522 2.32318
1441245162.026688598 1.00404 2.29672
1441245162.036951764 0.949697 2.25925
1441245162.046846507 0.97795 2.30246
1441245162.056752234 0.949228 2.25166
1441245162.066604059 0.955566 2.27764
1441245162.076940026 0.948418 2.24496
1441245162.086794047 0.945512 2.25111
1441245162.096634477 0.974445 2.23008
1441245162.106960542 1.06695 2.32361
1441245162.116849729 1.037 2.33029
1441245162.126727505 1.04951 2.35179
1441245162.137034122 0.981023 2.29753
1441245162.146840938 0.999079 2.3263
1441245162.156750897 0.946144 2.28603
1441245162.166608751 0.961817 2.1872
1441245162.176870555 0.972748 2.24484
1441245162.186760637 1.00856 2.23909
1441245162.196650087 1.08602 2.32795
1441245162.206960486 0.933834 2.21372
1441245162.216857215 1.0182 2.20583
1441245162.226674522 0.980788 2.22994
1441245162.237006809 0.881611 2.08748
1441245162.246866517 0.942686 2.08648
1441245162.256747812 0.9653 2.1654
1441245162.266618735 0.942925 2.16233
1441245162.276921787 0.900641 2.16553
1441245162.286777271 0.977697 2.21123
1441245162.296619136 1.00615 2.21136
1441245162.306952549 1.04892 2.22071
1441245162.316851943 1.02618 2.16344
1441245162.326684793 0.95789 2.16151
1441245162.337029746 1.07201 2.25941
1441245162.346865856 1.04326 2.22813
1441245162.356762679 1.03843 2.19809
1441245162.366653452 1.05773 2.26987
1441245162.376946848 1.02715 2.23042
1441245162.386831382 1.03663 2.18676
1441245162.396685120 1.08263 2.24956
1441245162.406947466 0.988525 2.16688
1441245162.416865112 1.00203 2.15565
1441245162.426737342 0.947719 2.07881
1441245162.436658733 1.01011 2.0909
1441245162.446879981 1.13171 2.19238
1441245162.456761946 0.982835 2.08021
1441245162.466611785 0.97472 2.04891
1441245162.476917012 1.01121 2.10019
1441245162.486811785 1.01167 2.11818
1441245162.496618662 1.00248 2.05163
1441245162.506998632 1.05699 2.17277
1441245162.516869001 1.10868 2.26145
1441245162.526735854 1.16321 2.32036
1441245162.536637275 1.10621 2.30417
1441245162.546909408 1.02255 2.17531
1441245162.556794130 0.939286 2.10628
1441245162.566646304 0.991962 2.1356
1441245162.576905295 0.990585 2.16346
1441245162.586829659 1.05555 2.18334
1441245162.596695145 0.964767 2.07205
1441245162.607007004 0.993303 2.02637
1441245162.616878402 1.02318 2.06774
1441245162.626746230 1.03012 2.10593
1441245162.636662344 1.01917 2.12525
1441245162.646881443 0.984718 2.07006
1441245162.656782434 1.02465 2.08765
1441245162.666599156 0.995482 2.10208
1441245162.676898427 1.05542 2.11553
1441245162.686844249 1.03409 2.13099
1441245162.696636044 1.02289 2.10729
1441245162.706971260 1.05342 2.10041
1441245162.716844507 1.02926 2.07789
1441245162.726735512 1.06032 2.13011
1441245162.737017847 1.08062 2.1273
1441245162.746803510 1.12243 2.11726
1441245162.756707837 1.04669 2.03436
1441245162.766595572 1.06065 2.05359
1441245162.776889373 1.17394 2.22042
1441245162.786824804 1.08764 2.14403
1441245162.796684714 1.03646 2.08174
1441245162.806992006 1.03447 2.06101
1441245162.816830827 1.10857 2.15077
1441245162.826728918 1.17677 2.28747
1441245162.836982370 1.00599 2.14019
1441245162.846881786 1.07375 2.12976
1441245162.856742475 1.08045 2.19992
1441245162.866641190 1.0222 2.13236
1441245162.876945929 1.01954 2.12176
1441245162.886789116 1.10628 2.17974
1441245162.896704119 1.03817 2.13244
1441245162.906930932 0.999182 2.13722
1441245162.916854872 1.03703 2.22854
1441245162.926727123 1.07283 2.29017
1441245162.936543731 1.09197 2.22766
1441245162.946854487 1.0449 2.18933
1441245162.956768610 0.965018 2.09993
1441245162.966569320 1.04838 2.17782
1441245162.976923412 1.03407 2.22301
1441245162.986768784 1.0466 2.22328
1441245162.996620968 1.04008 2.26532
1441245163.006940855 1.03899 2.18623
1441245163.016876931 1.12734 2.21359
1441245163.026637809 1.05686 2.20409
1441245163.037005845 0.986542 2.05916
1441245163.046841734 1.09926 2.13458
1441245163.056793956 1.1489 2.22741
1441245163.066566880 1.06411 2.16088
1441245163.076882307 1.11661 2.19708
1441245163.086738624 1.23294 2.33599
1441245163.096688508 1.11251 2.15771
1441245163.106940343 1.08167 2.14435
1441245163.116850043 1.16875 2.19391
1441245163.126731129 0.984605 2.00861
1441245163.136987956 1.02871 2.02673
1441245163.146862195 0.958707 2.01854
1441245163.156731869 1.10693 2.06152
1441245163.166621736 1.06743 2.09949
1441245163.176954188 1.00372 1.95371
1441245163.186780937 1.09182 2.11781
1441245163.196665196 1.11246 2.19088
1441245163.206966339 1.16905 2.19605
1441245163.216835227 1.13147 2.23
1441245163.226721286 1.01031 2.09102
1441245163.237049812 1.06404 2.12403
1441245163.246910819 1.12434 2.18212
1441245163.256776245 1.10171 2.12744
1441245163.266641680 1.11651 2.17866
1441245163.276979562 1.11067 2.18957
1441245163.286798945 1.13788 2.21264
1441245163.296665562 1.12373 2.24366
1441245163.306933382 1.04128 2.22046
1441245163.316882753 1.08999 2.24978
1441245163.326709779 1.05502 2.21643
1441245163.336594955 1.16788 2.25589
1441245163.346912689 1.13132 2.2503
1441245163.356772630 1.13378 2.25013
1441245163.366603886 1.08595 2.17306
1441245163.376920950 1.08096 2.08124
1441245163.386776989 1.15063 2.1601
1441245163.396677837 1.08054 1.99322
1441245163.407002479 1.17519 2.09013
1441245163.416828196 1.08887 2.08401
1441245163.426696297 1.10625 2.13126
1441245163.436620752 1.17083 2.2377
1441245163.446924686 1.1804 2.13618
1441245163.456745104 1.02935 2.10898
1441245163.466585365 1.09132 2.21792
1441245163.476897664 1.06189 2.20208
1441245163.486761975 1.09584 2.22767
1441245163.496697798 1.12631 2.25469
1441245163.507002711 1.02392 2.16198
1441245163.516828266 1.10429 2.18316
1441245163.526658812 1.05385 2.15825
1441245163.536663001 1.05922 2.08835
1441245163.546927043 1.03504 2.09617
1441245163.556747385 1.05705 2.10811
1441245163.566599916 1.05017 2.07812
1441245163.576859849 1.14978 2.17052
1441245163.586805292 1.13531 2.22223
1441245163.596698958 1.12393 2.20383
1441245163.606999276 1.08426 2.24915
1441245163.616869645 1.11825 2.24362
1441245163.626728456 1.05161 2.1972
1441245163.637005404 1.03773 2.19694
1441245163.646909246 1.13525 2.35265
1441245163.656781070 1.14652 2.37887
1441245163.666567955 1.06136 2.26721
1441245163.676905095 1.04434 2.24594
1441245163.686779259 0.966817 2.2163
1441245163.696657107 1.01531 2.22719
1441245163.706946025 0.973424 2.20512
1441245163.716871973 0.947289 2.12734
1441245163.726735905 0.915785 2.15626
1441245163.736640591 0.908048 2.18254
1441245163.746895271 0.822072 2.06384
1441245163.756707338 0.838244 2.0528
1441245163.766546239 0.85931 2.10819
1441245163.776944953 0.899377 2.0887
1441245163.786762898 0.923249 2.20475
1441245163.796737998 0.933602 2.26805
1441245163.806989725 0.945059 2.28782
1441245163.816827223 0.999073 2.36251
1441245163.826651837 0.915978 2.23416
1441245163.837035059 1.00711 2.34604
1441245163.846925099 0.94106 2.2989
1441245163.856747229 0.866889 2.18723
1441245163.866589246 0.920792 2.23468
1441245163.876950554 0.888383 2.27471
1441245163.886798588 0.859198 2.2744
1441245163.896709021 0.930548 2.38779
1441245163.906938648 0.941566 2.41838
1441245163.916868444 0.814338 2.29194
1441245163.926689214 0.916745 2.32951
1441245163.936612834 0.85793 2.34593
1441245163.946836901 0.794391 2.34157
1441245163.956714239 0.820541 2.3344
1441245163.966657105 0.866835 2.30774
1441245163.976912935 0.776349 2.30042
1441245163.986797507 0.792878 2.31647
1441245163.996646511 0.73536 2.29539
1441245164.006965187 0.862411 2.35441
1441245164.016838174 0.794321 2.29844
1441245164.026760751 0.893058 2.28816
1441245164.037007660 0.820721 2.26449
1441245164.046892614 0.810616 2.21741
1441245164.056789101 0.754166 2.20133
1441245164.066623305 0.801583 2.26153
1441245164.076961124 0.684242 2.34656
1441245164.086822849 0.815128 2.27761
1441245164.096649301 0.798695 2.19105
1441245164.106916734 0.793612 2.25854
1441245164.116873877 0.858828 2.28487
1441245164.126730978 0.914899 2.35006
1441245164.137032987 0.85844 2.39658
1441245164.146893480 0.929312 2.40261
1441245164.156726874 0.863735 2.25901
1441245164.166612814 0.856405 2.16262
1441245164.176928741 0.823145 2.28986
1441245164.186799963 0.937873 2.24503
1441245164.196660790 0.914301 2.26476
1441245164.206999411 0.944738 2.35547
1441245164.216842923 0.821252 2.2593
1441245164.226715297 0.817787 2.18277
1441245164.237004362 0.883981 2.24651
1441245164.246857815 0.829061 2.23238
1441245164.256730370 0.889996 2.3308
1441245164.266648497 0.707948 2.31102
1441245164.276917743 0.796468 2.2771
1441245164.286767474 0.695905 2.29106
1441245164.296669908 0.816327 2.2556
1441245164.306969083 0.7705 2.28513
1441245164.316843270 0.855394 2.39504
1441245164.326743423 0.746195 2.33332
1441245164.337028822 0.758807 2.27697
1441245164.346909207 0.901494 2.4318
1441245164.356736704 0.900843 2.40504
1441245164.366614330 0.940618 2.44269
1441245164.376938942 0.952485 2.447
1441245164.386819415 0.865328 2.28928
1441245164.396637145 0.889322 2.27836
1441245164.406980606 0.982144 2.33702
1441245164.416872859 0.97248 2.32076
1441245164.426738339 1.09654 2.46723
1441245164.437027994 1.02367 2.3732
1441245164.446905965 1.1417 2.3368
1441245164.456788752 1.05633 2.30325
1441245164.466649733 1.06711 2.21806
1441245164.476904722 1.10649 2.22946
1441245164.486830052 0.997806 2.17395
1441245164.496663337 1.09622 2.19721
1441245164.506952276 0.995882 2.18826
1441245164.516831516 1.08904 2.22723
1441245164.526709855 0.995556 2.28908
1441245164.537027310 0.974637 2.16767
1441245164.546886556 0.958037 2.21158
1441245164.556769439 0.866938 2.25418
1441245164.566643141 1.01445 2.27969
1441245164.576924494 0.971126 2.23786
1441245164.586816336 0.96219 2.2383
1441245164.596687118 0.815698 2.20727
1441245164.606996209 0.832208 2.11587
1441245164.616845031 0.810501 2.1296
1441245164.626677273 0.85274 2.25711
1441245164.637015444 0.877475 2.35718
1441245164.646882901 0.867067 2.32406
1441245164.656703872 0.82072 2.25862
1441245164.666655748 0.840791 2.27025
1441245164.676914322 0.956232 2.32883
1441245164.686781104 0.891292 2.39826
1441245164.696616489 0.970702 2.45892
1441245164.706889645 0.884345 2.40387
1441245164.716772001 0.975657 2.31808
1441245164.726620321 0.969109 2.35566
1441245164.737014930 1.00739 2.30186
1441245164.746808810 0.963107 2.23233
1441245164.756967147 0.892211 2.17441
1441245164.767253291 0.935714 2.20102
1441245164.777173072 0.973559 2.23709
1441245164.787043631 0.964928 2.26117
1441245164.796819076 1.02509 2.28831
1441245164.807131583 0.981278 2.2773
1441245164.816928418 0.881139 2.14777
1441245164.826770593 0.860149 2.21522
1441245164.837119864 0.822805 2.26723
1441245164.846844355 0.786515 2.26735
1441245164.856874171 0.878979 2.35453
1441245164.866760783 0.69897 2.30534
1441245164.877043266 0.795169 2.41331
1441245164.887022818 0.859092 2.38047
1441245164.896822057 0.740222 2.22407
1441245164.907129668 0.760825 2.25146
1441245164.917042161 0.74456 2.23665
1441245164.926834374 0.741018 2.3517
1441245164.936982151 0.719339 2.36122
1441245164.946896890 0.706847 2.28653
1441245164.956982404 0.656659 2.19055
1441245164.967225135 0.737346 2.38836
1441245164.977208737 0.734732 2.29271
1441245164.987012888 0.836312 2.218
1441245164.996927586 0.81226 2.37113
1441245165.006891622 0.776604 2.18151
1441245165.017133531 0.784265 2.22223
1441245165.026826531 0.834559 2.4932
1441245165.037210829 0.803447 2.45468
126
1441245161.243968858 554.5 -28.1 23.2 0.868 0 0 -0.496
1441245161.266120294 609.8 -51.3 23.2 0.868 0 0 -0.496
1441245161.299949255 609.8 -51.3 23.2 0.868 0 0 -0.496
1441245161.326396043 609.8 -51.3 23.2 0.868 0 0 -0.496
1441245161.359391218 609.8 -51.3 23.2 0.868 0 0 -0.496
1441245161.386826353 609.8 -51.3 23.2 0.868 0 0 -0.496
1441245161.419811666 609.8 -51.2 23.2 0.869 0 0 -0.495
1441245161.446143223 609.8 -51.3 23.2 0.869 0 0 -0.495
1441245161.479885644 609.9 -51.3 23.2 0.869 0 0 -0.494
1441245161.506434470 609.9 -51.3 23.2 0.87 0 0 -0.494
1441245161.539305868 609.9 -51.3 23.2 0.87 0 0 -0.493
1441245161.566718875 609.9 -51.3 23.2 0.87 0 0 -0.493
1441245161.599473653 609.9 -51.3 23.2 0.871 0 0 -0.492
1441245161.627006245 609.9 -51.3 23.2 0.871 0 0 -0.492
1441245161.659678288 609.9 -51.3 23.2 0.871 0 0 -0.491
1441245161.686039059 609.9 -51.3 23.2 0.872 0 0 -0.49
1441245161.719721297 609.9 -51.3 23.2 0.872 0 0 -0.49
1441245161.749439596 609.9 -51.3 23.2 0.872 0 0 -0.489
1441245161.779114777 609.9 -51.3 23.2 0.872 0 0 -0.489
1441245161.809743574 609.9 -51.3 23.2 0.873 0 0 -0.488
1441245161.842457098 609.9 -51.3 23.2 0.873 0 0 -0.487
1441245161.873036206 609.9 -51.3 23.2 0.874 0 0 -0.487
1441245161.902442236 609.9 -51.3 23.2 0.874 0 0 -0.486
1441245161.933051319 609.9 -51.4 23.2 0.874 0 0 -0.486
1441245161.962465666 609.9 -51.4 23.2 0.874 0 0 -0.485
1441245161.989972289 609.9 -51.4 23.2 0.875 0 0 -0.485
1441245162.022756898 609.9 -51.4 23.2 0.875 0 0 -0.484
1441245162.052246102 609.9 -51.3 23.2 0.875 0 0 -0.483
1441245162.083007276 609.9 -51.3 23.2 0.876 0 0 -0.483
1441245162.112728264 609.9 -51.4 23.2 0.876 0 0 -0.482
1441245162.145349691 609.9 -51.3 23.2 0.876 0 0 -0.482
1441245162.176013866 609.9 -51.3 23.2 0.877 0 0 -0.481
1441245162.205750979 609.9 -51.4 23.2 0.877 0 0 -0.481
1441245162.235357938 609.9 -51.4 23.2 0.877 0 0 -0.48
1441245162.268082014 609.9 -51.4 23.2 0.878 0 0 -0.479
1441245162.295395203 609.9 -51.4 23.2 0.878 0 0 -0.479
1441245162.328323548 609.9 -51.4 23.2 0.878 0 0 -0.478
1441245162.355698899 609.9 -51.4 23.2 0.879 0 0 -0.478
1441245162.388348604 609.9 -51.4 23.2 0.879 0 0 -0.477
1441245162.415548757 609.9 -51.4 23.2 0.879 0 0 -0.476
1441245162.448186723 609.9 -51.4 23.2 0.88 0 0 -0.476
1441245162.475478368 609.9 -51.4 23.2 0.88 0 0 -0.475
1441245162.508348855 609.9 -51.4 23.2 0.88 0 0 -0.475
1441245162.535809899 609.9 -51.4 23.2 0.88 0 0 -0.474
1441245162.568611119 609.9 -51.4 23.2 0.881 0 0 -0.474
1441245162.595027175 609.9 -51.4 23.2 0.881 0 0 -0.473
1441245162.628796477 609.9 -51.4 23.2 0.881 0 0 -0.472
1441245162.658381333 609.9 -51.4 23.2 0.882 0 0 -0.472
1441245162.688961521 609.9 -51.4 23.2 0.882 0 0 -0.471
1441245162.718641564 609.9 -51.4 23.2 0.882 0 0 -0.471
1441245162.748070554 609.9 -51.4 23.2 0.883 0 0 -0.47
1441245162.775181512 609.9 -51.4 23.2 0.883 0 0 -0.47
1441245162.808802638 609.9 -51.4 23.2 0.883 0 0 -0.469
1441245162.835214601 609.9 -51.4 23.2 0.884 0 0 -0.468
1441245162.868995710 609.9 -51.4 23.2 0.884 0 0 -0.468
1441245162.895460631 609.9 -51.4 23.2 0.884 0 0 -0.467
1441245162.928120061 609.9 -51.4 23.2 0.884 0 0 -0.467
1441245162.955662753 609.9 -51.4 23.2 0.885 0 0 -0.466
1441245162.988374813 609.9 -51.4 23.2 0.885 0 0 -0.465
1441245163.015539391 609.9 -51.4 23.2 0.885 0 0 -0.465
1441245163.049012641 609.9 -51.4 23.2 0.886 0 0 -0.464
1441245163.075448208 609.9 -51.4 23.2 0.886 0 0 -0.464
1441245163.108068864 609.9 -51.4 23.2 0.886 0 0 -0.463
1441245163.138763384 609.9 -51.4 23.2 0.887 0 0 -0.463
1441245163.171569755 609.9 -51.4 23.2 0.887 0 0 -0.462
1441245163.199039454 609.9 -51.4 23.2 0.887 0 0 -0.461
1441245163.228506230 609.9 -51.4 23.2 0.888 0 0 -0.461
1441245163.259044909 609.9 -51.4 23.2 0.888 0 0 -0.46
1441245163.288523077 609.9 -51.4 23.2 0.888 0 0 -0.46
1441245163.318199811 609.9 -51.4 23.2 0.888 0 0 -0.459
1441245163.348826924 609.9 -51.4 23.2 0.889 0 0 -0.458
1441245163.378253514 609.9 -51.4 23.2 0.889 0 0 -0.458
1441245163.411744294 609.9 -51.4 23.2 0.889 0 0 -0.457
1441245163.438211829 609.9 -51.4 23.2 0.89 0 0 -0.457
1441245163.471986186 609.9 -51.4 23.2 0.89 0 0 -0.456
1441245163.498326246 610 -51.4 23.2 0.89 0 0 -0.455
1441245163.528930958 610 -51.4 23.2 0.891 0 0 -0.455
1441245163.558471413 610 -51.4 23.2 0.891 0 0 -0.454
1441245163.590958471 610 -51.5 23.2 0.891 0 0 -0.454
1441245163.621626236 610 -51.5 23.2 0.891 0 0 -0.453
1441245163.651169737 610 -51.5 23.2 0.892 0 0 -0.453
1441245163.681821479 610 -51.5 23.2 0.892 0 0 -0.452
1441245163.714510589 609.9 -51.5 23.2 0.892 0 0 -0.451
1441245163.741822438 610 -51.5 23.2 0.893 0 0 -0.451
1441245163.774426096 610 -51.5 23.2 0.893 0 0 -0.45
1441245163.801675134 610 -51.5 23.2 0.893 0 0 -0.45
1441245163.831987501 610 -51.5 23.2 0.894 0 0 -0.449
1441245163.861603639 610 -51.5 23.2 0.894 0 0 -0.449
1441245163.891127031 610 -51.5 23.2 0.894 0 0 -0.448
1441245163.923962724 610 -51.5 23.2 0.894 0 0 -0.447
1441245163.954676777 610 -51.5 23.2 0.895 0 0 -0.447
1441245163.984273275 610 -51.5 23.2 0.895 0 0 -0.446
1441245164.017056395 610 -51.5 23.2 0.895 0 0 -0.446
1441245164.044778053 610 -51.5 23.2 0.896 0 0 -0.445
1441245164.077679921 610 -51.5 23.2 0.896 0 0 -0.444
1441245164.104171403 610 -51.5 23.2 0.896 0 0 -0.444
1441245164.137991651 610 -51.5 23.2 0.896 0 0 -0.443
1441245164.164594546 610 -51.5 23.2 0.897 0 0 -0.443
1441245164.197313278 610 -51.5 23.2 0.897 0 0 -0.442
1441245164.225029443 610 -51.5 23.2 0.897 0 0 -0.441
1441245164.257197677 610 -51.5 23.2 0.898 0 0 -0.441
1441245164.287740183 610 -51.5 23.2 0.898 0 0 -0.44
1441245164.317667871 610 -51.5 23.2 0.898 0 0 -0.44
1441245164.347513229 610 -51.5 23.2 0.899 0 0 -0.439
1441245164.377167857 610 -51.5 23.2 0.899 0 0 -0.438
1441245164.407997098 610 -51.5 23.2 0.899 0 0 -0.438
1441245164.437686104 610 -51.5 23.2 0.899 0 0 -0.437
1441245164.467292792 610 -51.5 23.2 0.9 0 0 -0.437
1441245164.500078047 610 -51.5 23.2 0.9 0 0 -0.436
1441245164.527644298 610 -51.5 23.2 0.9 0 0 -0.435
1441245164.560194818 610 -51.5 23.2 0.901 0 0 -0.435
1441245164.587562177 610 -51.5 23.2 0.901 0 0 -0.434
1441245164.620213929 610 -51.5 23.2 0.901 0 0 -0.434
1441245164.647630189 610 -51.5 23.2 0.901 0 0 -0.433
1441245164.680375439 610 -51.5 23.2 0.902 0 0 -0.432
1441245164.707907774 610 -51.5 23.2 0.902 0 0 -0.432
1441245164.740373359 610 -51.5 23.2 0.902 0 0 -0.431
1441245164.767801247 610 -51.5 23.2 0.902 0 0 -0.431
1441245164.798369875 610 -51.5 23.2 0.903 0 0 -0.43
1441245164.827915849 610 -51.5 23.2 0.903 0 0 -0.43
1441245164.858265015 610 -51.5 23.2 0.903 0 0 -0.429
1441245164.887435572 610 -51.5 23.2 0.904 0 0 -0.428
1441245164.918229093 610 -51.5 23.2 0.904 0 0 -0.428
1441245164.947317338 610 -51.5 23.2 0.904 0 0 -0.427
1441245164.980595303 610 -51.5 23.2 0.904 0 0 -0.427
1441245165.008227083 610 -51.5 23.2 0.905 0 0 -0.426
632.002 -116.574 11.1641 0.681075 -0.000730265 -0.000552115 0.732213
631.366 -145.216 11.205 0.801017 -0.00138006 -0.00113635 0.598639
381
1441245193.325321565 0.082152 -0.109267
1441245193.326893466 0.080963 -0.107411
1441245193.336779716 0.081838 -0.104529
1441245193.346662060 0.08739 -0.104209
1441245193.356965908 0.088234 -0.104771
1441245193.366832275 0.08685 -0.102843
1441245193.376693993 0.089329 -0.105331
1441245193.387020262 0.08583 -0.102326
1441245193.396878644 0.085893 -0.103481
1441245193.406727092 0.095931 -0.101079
1441245193.416626180 0.089309 -0.110732
1441245193.426924678 0.095587 -0.112091
1441245193.436806288 0.096651 -0.086738
1441245193.446669594 0.089467 -0.11533
1441245193.456968459 0.085406 -0.090893
1441245193.466821476 0.093187 -0.106306
1441245193.476715885 0.080129 -0.110343
1441245193.487012560 0.09504 -0.100467
1441245193.496883923 0.628307 0.198161
1441245193.506777547 1.34101 0.581806
1441245193.516611485 2.43009 1.13376
1441245193.526922744 2.82992 1.24201
1441245193.536792910 2.85822 1.20793
1441245193.546665365 2.61925 0.960925
1441245193.556963680 2.55093 0.915665
1441245193.566839781 2.55225 0.887994
1441245193.576716365 2.64898 0.923236
1441245193.587012397 2.63715 0.932755
1441245193.596884046 2.55253 0.880831
1441245193.606738624 2.6259 0.933852
1441245193.616588693 2.58257 0.923495
1441245193.626929310 2.63293 0.995631
1441245193.636783840 2.65039 1.03112
1441245193.646670131 2.71739 0.963513
1441245193.656967191 2.48987 0.829005
1441245193.666824141 2.56576 0.883509
1441245193.676735937 2.46698 0.863672
1441245193.686591898 2.51446 0.882555
1441245193.696868932 2.49195 0.901725
1441245193.706757075 2.44207 0.833124
1441245193.716607254 2.41102 0.79168
1441245193.726900529 2.48131 0.866292
1441245193.736802154 2.5435 0.874958
1441245193.746671767 2.53505 0.879373
1441245193.756943458 2.50491 0.752438
1441245193.766843659 2.33977 0.676666
1441245193.776684166 2.50129 0.797913
1441245193.786992905 2.48752 0.850587
1441245193.796885657 2.56051 0.838129
1441245193.806758392 2.54625 0.867022
1441245193.816617153 2.56313 0.803986
1441245193.826926650 2.58281 0.874952
1441245193.836801129 2.50437 0.872431
1441245193.846651740 2.43368 0.698861
1441245193.856964111 2.41467 0.729228
1441245193.866804144 2.33562 0.762772
1441245193.876697123 2.46739 0.935479
1441245193.887016229 2.41545 0.926895
1441245193.896851628 2.35652 0.918327
1441245193.906742646 2.49573 0.994934
1441245193.916594795 2.47955 0.990115
1441245193.926915504 2.37227 0.917755
1441245193.936790185 2.44081 0.98824
1441245193.946664771 2.61441 1.10122
1441245193.956957930 2.59817 1.08312
1441245193.966831674 2.37668 0.962835
1441245193.976706352 2.47851 0.990919
1441245193.987005670 2.4122 0.969944
1441245193.996952145 2.28165 0.864559
1441245194.006770348 2.30303 0.937595
1441245194.016623773 2.52152 1.03569
1441245194.026932789 2.50343 0.990003
1441245194.036814417 2.42172 0.947753
1441245194.046685626 2.31228 0.839955
1441245194.056978471 2.41584 0.92301
1441245194.066882313 2.46601 0.94968
1441245194.076698499 2.39429 0.91075
1441245194.086583676 2.40557 0.924871
1441245194.096899757 2.48838 0.975062
1441245194.106787192 2.44941 0.935403
1441245194.116615432 2.4034 0.856737
1441245194.126943197 2.22924 0.768627
1441245194.136816395 2.23231 0.789907
1441245194.146660171 2.34427 0.904917
1441245194.156986841 2.37184 0.92789
1441245194.166858505 2.34282 0.923753
1441245194.176719790 2.3949 0.957452
1441245194.186598747 2.31461 0.831883
1441245194.196924077 2.44227 0.976122
1441245194.206773650 2.38622 0.901504
1441245194.216602234 2.46971 1.01185
1441245194.226942768 2.64409 1.14652
1441245194.236779308 2.78795 1.12597
1441245194.246685640 2.86665 1.15597
1441245194.256987095 2.86838 1.18358
1441245194.266817000 2.8752 1.23397
1441245194.276718231 2.95675 1.28508
1441245194.286616260 3.07953 1.32062
1441245194.296876250 3.04418 1.26252
1441245194.306768069 3.01514 1.22158
1441245194.316628129 2.94731 1.17444
1441245194.326886368 3.00756 1.26819
1441245194.336812561 3.02543 1.28765
1441245194.346683565 2.92765 1.28483
1441245194.356921555 2.9257 1.30485
1441245194.366787697 2.84606 1.23084
1441245194.376679200 2.79737 1.20774
1441245194.386595210 2.94728 1.25464
1441245194.396876731 2.95137 1.28857
1441245194.406731559 2.92732 1.25811
1441245194.416652165 2.99571 1.27426
1441245194.426938277 3.06698 1.32438
1441245194.436842721 2.9654 1.25078
1441245194.446689876 2.876 1.2812
1441245194.457021651 2.89969 1.29544
1441245194.466864909 2.87705 1.2807
1441245194.476719392 2.90496 1.28459
1441245194.486608773 2.94144 1.28511
1441245194.496910031 2.92085 1.2689
1441245194.506798646 2.76919 1.19759
1441245194.516706571 2.77105 1.24295
1441245194.526949939 2.89947 1.31288
1441245194.536823456 2.87255 1.28875
1441245194.546658770 3.02826 1.35158
1441245194.556994637 2.98597 1.34654
1441245194.566863345 2.94599 1.35266
1441245194.576756845 2.86499 1.29003
1441245194.586607839 2.93676 1.32397
1441245194.596908779 3.00045 1.36035
1441245194.606780458 2.95294 1.36895
1441245194.616651588 2.88407 1.32051
1441245194.626925263 2.95364 1.36899
1441245194.636823341 2.97955 1.33134
1441245194.646693619 2.96057 1.34196
1441245194.657038898 3.00719 1.40962
1441245194.666853405 2.94635 1.32559
1441245194.676688373 2.84393 1.26895
1441245194.686585887 2.97709 1.38513
1441245194.696878644 2.92232 1.35323
1441245194.706749182 2.84925 1.31729
1441245194.716655763 2.95147 1.39694
1441245194.726925973 2.8175 1.27013
1441245194.736853654 2.98795 1.38098
1441245194.746694374 2.90455 1.2857
1441245194.756935838 2.77004 1.29304
1441245194.766854752 2.9121 1.36195
1441245194.776710325 2.87098 1.29562
1441245194.786632293 2.94467 1.35054
1441245194.796900652 2.96185 1.32282
1441245194.806770299 2.83103 1.26632
1441245194.816644905 2.87836 1.30596
1441245194.826925371 2.84048 1.28168
1441245194.836804007 2.91426 1.36494
1441245194.846701982 2.94343 1.37102
1441245194.856979220 2.8595 1.28323
1441245194.866864970 2.91649 1.28246
1441245194.876722100 2.9132 1.26111
1441245194.886604086 2.87373 1.27378
1441245194.896920281 2.90774 1.32502
1441245194.906795128 2.90409 1.3038
1441245194.916642971 2.83046 1.21951
1441245194.926949813 2.82662 1.25721
1441245194.936841996 2.81526 1.24396
1441245194.946708450 2.7392 1.2191
1441245194.956576342 2.77576 1.2781
1441245194.966878882 2.77556 1.26346
1441245194.976759204 2.82372 1.26458
1441245194.986630434 2.7192 1.22556
1441245194.996934467 2.70339 1.20177
1441245195.006807884 2.87618 1.30961
1441245195.016657487 2.7108 1.21541
1441245195.026978427 2.71043 1.22165
1441245195.036855218 2.75228 1.19723
1441245195.046724123 2.70714 1.15338
1441245195.056589615 2.71607 1.1851
1441245195.066841088 2.80147 1.22985
1441245195.076770000 2.91693 1.30718
1441245195.086640491 2.88592 1.25205
1441245195.096915749 2.76069 1.17696
1441245195.106828810 2.85213 1.24602
1441245195.116688022 2.92331 1.2593
1441245195.126958642 2.8602 1.24872
1441245195.136860189 2.85343 1.25688
1441245195.146679588 2.88092 1.25963
1441245195.156616492 2.8793 1.22724
1441245195.166901083 2.81991 1.2108
1441245195.176774123 2.83605 1.20017
1441245195.186635705 2.88788 1.21248
1441245195.196951209 2.92265 1.21776
1441245195.206820575 2.84577 1.14994
1441245195.216681932 2.95432 1.227
1441245195.226989630 2.90454 1.16208
1441245195.236851696 2.85929 1.18896
1441245195.246735645 2.79654 1.20626
1441245195.256605738 2.85697 1.28568
1441245195.266905138 2.8643 1.29163
1441245195.276768071 2.86896 1.23891
1441245195.286650486 2.84564 1.27484
1441245195.296950187 2.89926 1.28189
1441245195.306821510 2.93293 1.31407
1441245195.316712470 2.85283 1.27458
1441245195.326991532 2.91602 1.33362
1441245195.336868083 2.93679 1.33743
1441245195.346740632 2.95686 1.28747
1441245195.356611189 2.87256 1.27015
1441245195.366910693 2.89348 1.27758
1441245195.376781148 2.83492 1.24605
1441245195.386655141 2.82407 1.2292
1441245195.396953661 2.77233 1.18554
1441245195.406861827 2.93807 1.26375
1441245195.416699826 2.93678 1.28859
1441245195.426999842 2.94776 1.22661
1441245195.436873259 2.85774 1.21593
1441245195.446745294 2.95438 1.29229
1441245195.456617720 2.83469 1.26322
1441245195.466899372 2.82639 1.25253
1441245195.476792138 2.86239 1.2339
1441245195.486659290 2.8265 1.20295
1441245195.496953080 2.95386 1.2576
1441245195.506830272 2.82585 1.22903
1441245195.516703241 2.78408 1.25548
1441245195.526993466 2.83722 1.24974
1441245195.536877864 2.99894 1.34843
1441245195.546747892 2.90724 1.29183
1441245195.556618434 3.02042 1.43366
1441245195.566891423 2.94176 1.39822
1441245195.576789853 2.84175 1.37415
1441245195.586615692 2.93011 1.40677
1441245195.596957332 3.03958 1.4162
1441245195.606820386 2.88445 1.33938
1441245195.616717136 2.78915 1.28426
1441245195.627008144 2.81928 1.30149
1441245195.636878996 2.81066 1.29404
1441245195.646737195 2.7881 1.27514
1441245195.656622220 2.83982 1.29742
1441245195.666886794 2.89248 1.3416
1441245195.676795014 2.86944 1.35337
1441245195.686666360 2.84189 1.29987
1441245195.696954913 2.80015 1.27103
1441245195.706822065 2.85489 1.26593
1441245195.716699240 2.80798 1.27795
1441245195.726566244 2.93445 1.32218
1441245195.736833013 2.99435 1.33589
1441245195.746758520 3.01109 1.29493
1441245195.756611270 2.86997 1.2474
1441245195.766929825 2.87964 1.274
1441245195.776805317 2.88172 1.26516
1441245195.786656986 2.96338 1.2799
1441245195.796958148 2.86135 1.25055
1441245195.806852224 2.84258 1.29099
1441245195.816703900 2.86692 1.31276
1441245195.826574512 2.94476 1.30871
1441245195.836894752 3.05672 1.37644
1441245195.846748185 2.93865 1.27866
1441245195.856648049 2.88204 1.28822
1441245195.866924379 2.98954 1.33343
1441245195.876809529 3.01006 1.33194
1441245195.886676590 2.91027 1.24842
1441245195.896982300 2.95033 1.29726
1441245195.906828185 2.95485 1.31566
1441245195.916713817 2.79829 1.30844
1441245195.926562364 2.94527 1.37369
1441245195.936889974 2.93331 1.31594
1441245195.946761728 3.01309 1.38361
1441245195.956637133 3.02542 1.40247
1441245195.966978190 2.94102 1.353
1441245195.976778511 2.9104 1.34033
1441245195.986643734 2.86314 1.26056
1441245195.996948909 2.80604 1.21008
1441245196.006833681 2.94967 1.27035
1441245196.016724534 3.0282 1.25334
1441245196.026576019 2.96158 1.25901
1441245196.036877430 2.99739 1.30394
1441245196.046746001 2.90364 1.27702
1441245196.056624353 2.81493 1.23723
1441245196.066907091 2.94141 1.31366
1441245196.076815636 2.89167 1.23738
1441245196.086666602 2.87982 1.28094
1441245196.097006418 2.97409 1.35625
1441245196.106857307 2.8646 1.33664
1441245196.116725953 2.92838 1.37751
1441245196.126593496 2.93252 1.33603
1441245196.136902267 2.82354 1.27489
1441245196.146744881 2.87605 1.24406
1441245196.156640473 2.92433 1.23401
1441245196.166905647 2.91025 1.20672
1441245196.176925448 2.82288 1.1688
1441245196.186695889 2.93277 1.22358
1441245196.197256958 2.99702 1.25966
1441245196.207099137 2.9667 1.27062
1441245196.216728864 2.94675 1.3013
1441245196.227283837 2.87435 1.29732
1441245196.237145276 2.91436 1.33333
1441245196.247142796 2.95956 1.35704
1441245196.256862471 2.90441 1.32429
1441245196.267173201 2.84909 1.2411
1441245196.276996044 2.95923 1.29693
1441245196.287099172 2.88504 1.25242
1441245196.297277799 2.80999 1.202
1441245196.307072860 2.90046 1.2857
1441245196.316986210 2.96051 1.2783
1441245196.326829422 2.89489 1.26931
1441245196.337082251 2.94912 1.35021
1441245196.346982104 2.77298 1.28049
1441245196.356913916 2.79117 1.3207
1441245196.367192544 2.8584 1.33037
1441245196.377064308 2.82578 1.33836
1441245196.386857587 2.86844 1.34045
1441245196.397208059 2.83499 1.28368
1441245196.407162672 2.88749 1.31146
1441245196.417067617 2.94355 1.25875
1441245196.426856881 2.95446 1.35577
1441245196.437167050 2.93125 1.30169
1441245196.446992521 2.81139 1.28403
1441245196.456888160 2.82601 1.30061
1441245196.467129261 2.77096 1.24631
1441245196.477062627 2.88674 1.32254
1441245196.486982246 2.85367 1.1913
1441245196.497253513 2.85686 1.25664
1441245196.507211550 2.93441 1.27812
1441245196.516994062 2.84174 1.23749
1441245196.527413360 2.91114 1.27595
1441245196.537328710 2.88146 1.21707
1441245196.546764436 2.82032 1.18961
1441245196.556956498 2.95781 1.26776
1441245196.567180554 2.83272 1.1902
1441245196.577113369 2.86078 1.23492
1441245196.587023497 2.9455 1.29851
1441245196.596873914 2.8171 1.2041
1441245196.607194544 2.90291 1.26416
1441245196.616934287 2.93132 1.25061
1441245196.627025177 2.85476 1.23465
1441245196.637238429 2.8119 1.20191
1441245196.647111220 2.82981 1.24483
1441245196.656928402 2.85244 1.25132
1441245196.667254981 2.81842 1.18057
1441245196.677132498 2.75927 1.18845
1441245196.686999074 2.67424 1.14139
1441245196.697312277 2.84671 1.25113
1441245196.706930003 2.95247 1.2857
1441245196.716785322 2.84261 1.24445
1441245196.726943341 2.88134 1.26107
1441245196.737356758 2.85535 1.22829
1441245196.747078183 2.88367 1.29082
1441245196.756999780 2.92207 1.29745
1441245196.766990717 2.89274 1.2703
1441245196.777238612 3.0024 1.34832
1441245196.786964117 3.13675 1.36737
1441245196.797213087 2.99025 1.35196
1441245196.807071128 3.01133 1.33854
1441245196.816949788 2.94778 1.26842
1441245196.826615356 2.9229 1.27859
1441245196.836604854 2.91097 1.27408
1441245196.846819171 2.94572 1.25025
1441245196.856741821 3.02966 1.28541
1441245196.867050727 3.01543 1.27014
1441245196.876925384 3.00239 1.27706
1441245196.886902378 2.97553 1.28506
1441245196.896973549 2.91759 1.29722
1441245196.907179789 2.88697 1.31246
1441245196.916954933 2.95461 1.35594
1441245196.927020654 2.96707 1.34731
1441245196.936950266 2.92611 1.31851
1441245196.947090991 2.97629 1.33529
1441245196.956905933 2.96445 1.33606
1441245196.967196794 2.89789 1.325
1441245196.977062775 2.88449 1.32102
1441245196.986906889 2.82023 1.26912
1441245196.997246343 2.89416 1.32301
1441245197.007046485 2.9491 1.36867
1441245197.017013191 2.84545 1.3463
1441245197.026826926 2.8968 1.39471
1441245197.036919790 2.91194 1.37243
1441245197.046860342 2.87457 1.39899
1441245197.056669067 3.01516 1.45363
1441245197.067246463 3.04359 1.39836
1441245197.077211592 3.04029 1.38825
1441245197.086970249 3.05738 1.37596
1441245197.096808424 3.00117 1.35938
1441245197.107260624 2.99667 1.331
1441245197.117053384 2.92777 1.27414
126
1441245193.325321537 551.4 -46.9 23.7 0.937 0 0 -0.349
1441245193.348017505 578.7 -166.1 23.7 0.937 0 0 -0.349
1441245193.378782547 578.7 -166.1 23.7 0.937 0 0 -0.349
1441245193.411635983 578.7 -166.1 23.7 0.937 0 0 -0.349
1441245193.439011234 578.8 -166.1 23.7 0.937 0 0 -0.349
1441245193.471824648 578.8 -166.1 23.7 0.937 0 0 -0.349
1441245193.501498911 578.7 -166.1 23.7 0.937 0 0 -0.35
1441245193.534365159 578.7 -166.1 23.7 0.936 0 0 -0.351
1441245193.561893140 578.7 -166.1 23.7 0.936 0 0 -0.352
1441245193.594721050 578.7 -166.1 23.7 0.936 0 0 -0.352
1441245193.624399159 578.7 -166.1 23.7 0.936 0 0 -0.353
1441245193.654991326 578.7 -166.1 23.7 0.936 0 0 -0.353
1441245193.684662253 578.7 -166.1 23.7 0.935 0 0 -0.354
1441245193.714345639 578.7 -166.1 23.7 0.935 0 0 -0.355
1441245193.745028893 578.7 -166.2 23.7 0.935 0 0 -0.355
1441245193.777807421 578.7 -166.2 23.7 0.935 0 0 -0.356
1441245193.804333406 578.7 -166.2 23.7 0.934 0 0 -0.356
1441245193.838035307 578.7 -166.2 23.7 0.934 0 0 -0.357
1441245193.864501912 578.7 -166.2 23.7 0.934 0 0 -0.358
1441245193.897157845 578.7 -166.2 23.7 0.934 0 0 -0.358
1441245193.927845151 578.7 -166.2 23.7 0.933 0 0 -0.359
1441245193.960715345 578.7 -166.2 23.7 0.933 0 0 -0.36
1441245193.987354729 578.7 -166.2 23.7 0.933 0 0 -0.36
1441245194.020425498 578.7 -166.2 23.7 0.933 0 0 -0.361
1441245194.047219465 578.7 -166.2 23.7 0.932 0 0 -0.361
1441245194.080307088 578.7 -166.2 23.7 0.932 0 0 -0.362
1441245194.107830809 578.7 -166.2 23.7 0.932 0 0 -0.363
1441245194.140714871 578.7 -166.2 23.7 0.932 0 0 -0.363
1441245194.167199509 578.7 -166.2 23.7 0.931 0 0 -0.364
1441245194.198025385 578.7 -166.2 23.7 0.931 0 0 -0.364
1441245194.227790295 578.7 -166.2 23.7 0.931 0 0 -0.365
1441245194.260513628 578.7 -166.2 23.7 0.931 0 0 -0.366
1441245194.288078329 578.7 -166.2 23.7 0.931 0 0 -0.366
1441245194.320952824 578.7 -166.2 23.7 0.93 0 0 -0.367
1441245194.350627159 578.7 -166.2 23.7 0.93 0 0 -0.368
1441245194.380406366 578.7 -166.2 23.7 0.93 0 0 -0.368
1441245194.407969807 578.7 -166.2 23.7 0.93 0 0 -0.369
1441245194.443242579 578.7 -166.2 23.7 0.929 0 0 -0.369
1441245194.470753144 578.7 -166.2 23.7 0.929 0 0 -0.37
1441245194.503525511 578.7 -166.2 23.7 0.929 0 0 -0.371
1441245194.530952571 578.7 -166.2 23.7 0.929 0 0 -0.371
1441245194.563625286 578.7 -166.2 23.7 0.928 0 0 -0.372
1441245194.591026484 578.7 -166.2 23.7 0.928 0 0 -0.372
1441245194.623884436 578.7 -166.2 23.7 0.928 0 0 -0.373
1441245194.650555974 578.7 -166.2 23.7 0.928 0 0 -0.374
1441245194.683492364 578.7 -166.2 23.7 0.927 0 0 -0.374
1441245194.710178415 578.7 -166.2 23.7 0.927 0 0 -0.375
1441245194.743407822 578.8 -166.2 23.7 0.927 0 0 -0.375
1441245194.773201067 578.8 -166.2 23.7 0.927 0 0 -0.376
1441245194.803858737 578.8 -166.2 23.7 0.926 0 0 -0.377
1441245194.833764094 578.8 -166.2 23.7 0.926 0 0 -0.377
1441245194.866969952 578.8 -166.2 23.7 0.926 0 0 -0.378
1441245194.893722867 578.8 -166.2 23.7 0.926 0 0 -0.379
1441245194.923552804 578.8 -166.2 23.7 0.925 0 0 -0.379
1441245194.953212715 578.8 -166.2 23.7 0.925 0 0 -0.38
1441245194.983961854 578.8 -166.2 23.7 0.925 0 0 -0.38
1441245195.013740834 578.8 -166.2 23.7 0.925 0 0 -0.381
1441245195.043440617 578.8 -166.2 23.7 0.924 0 0 -0.381
1441245195.073991665 578.8 -166.2 23.7 0.924 0 0 -0.382
1441245195.103731037 578.8 -166.2 23.7 0.924 0 0 -0.383
1441245195.133384318 578.8 -166.2 23.7 0.924 0 0 -0.383
1441245195.164062669 578.8 -166.2 23.7 0.923 0 0 -0.384
1441245195.193591694 578.8 -166.2 23.7 0.923 0 0 -0.385
1441245195.223570896 578.8 -166.2 23.7 0.923 0 0 -0.385
1441245195.253194876 578.8 -166.2 23.7 0.923 0 0 -0.386
1441245195.283874068 578.8 -166.2 23.7 0.922 0 0 -0.386
1441245195.313552956 578.8 -166.2 23.7 0.922 0 0 -0.387
1441245195.343175040 578.8 -166.2 23.7 0.922 0 0 -0.388
1441245195.373866436 578.8 -166.2 23.7 0.922 0 0 -0.388
1441245195.406690142 578.8 -166.2 23.7 0.921 0 0 -0.389
1441245195.433210489 578.8 -166.2 23.7 0.921 0 0 -0.389
1441245195.466973446 578.8 -166.2 23.7 0.921 0 0 -0.39
1441245195.496667711 578.8 -166.2 23.7 0.921 0 0 -0.391
1441245195.526416167 578.8 -166.2 23.7 0.92 0 0 -0.391
1441245195.553963054 578.8 -166.2 23.7 0.92 0 0 -0.392
1441245195.586652536 578.8 -166.2 23.7 0.92 0 0 -0.392
1441245195.613285748 578.8 -166.2 23.7 0.92 0 0 -0.393
1441245195.646366734 578.8 -166.2 23.7 0.919 0 0 -0.394
1441245195.676406175 578.8 -166.2 23.7 0.919 0 0 -0.394
1441245195.709346320 578.8 -166.2 23.7 0.919 0 0 -0.395
1441245195.736901216 578.8 -166.2 23.7 0.918 0 0 -0.396
1441245195.769696315 578.8 -166.2 23.7 0.918 0 0 -0.396
1441245195.796145630 578.8 -166.2 23.7 0.918 0 0 -0.397
1441245195.829213088 578.8 -166.2 23.7 0.918 0 0 -0.397
1441245195.856557174 578.8 -166.2 23.7 0.917 0 0 -0.398
1441245195.889399397 578.8 -166.2 23.7 0.917 0 0 -0.398
1441245195.916874147 578.8 -166.2 23.7 0.917 0 0 -0.399
1441245195.949771968 578.8 -166.2 23.7 0.917 0 0 -0.4
1441245195.976403086 578.8 -166.2 23.7 0.916 0 0 -0.4
1441245196.009427474 578.8 -166.2 23.7 0.916 0 0 -0.401
1441245196.036214286 578.8 -166.2 23.7 0.916 0 0 -0.401
1441245196.069449936 578.8 -166.2 23.7 0.916 0 0 -0.402
1441245196.096215904 578.8 -166.2 23.7 0.915 0 0 -0.403
1441245196.129374355 578.8 -166.2 23.7 0.915 0 0 -0.403
1441245196.157020689 578.8 -166.2 23.7 0.915 0 0 -0.404
1441245196.192677876 578.8 -166.2 23.7 0.915 0 0 -0.405
1441245196.219725359 578.8 -166.2 23.7 0.914 0 0 -0.405
1441245196.253077580 578.8 -166.2 23.7 0.914 0 0 -0.406
1441245196.283276894 578.8 -166.2 23.7 0.914 0 0 -0.406
1441245196.312639309 578.8 -166.2 23.7 0.913 0 0 -0.407
1441245196.342800149 578.8 -166.2 23.7 0.913 0 0 -0.408
1441245196.372541967 578.8 -166.2 23.7 0.913 0 0 -0.408
1441245196.402689276 578.8 -166.2 23.7 0.913 0 0 -0.409
1441245196.433008144 578.8 -166.2 23.7 0.912 0 0 -0.409
1441245196.463214279 578.8 -166.2 23.7 0.912 0 0 -0.41
1441245196.492312398 578.8 -166.2 23.7 0.912 0 0 -0.411
1441245196.520330893 578.9 -166.2 23.7 0.912 0 0 -0.411
1441245196.552414883 578.9 -166.2 23.7 0.911 0 0 -0.412
1441245196.580224003 578.9 -166.2 23.7 0.911 0 0 -0.412
1441245196.613096443 578.9 -166.2 23.7 0.911 0 0 -0.413
1441245196.639953534 578.9 -166.2 23.7 0.911 0 0 -0.414
1441245196.673085751 578.9 -166.2 23.7 0.91 0 0 -0.414
1441245196.702894006 578.9 -166.2 23.7 0.91 0 0 -0.415
1441245196.736044966 578.9 -166.2 23.7 0.91 0 0 -0.415
1441245196.762598588 578.9 -166.2 23.7 0.909 0 0 -0.416
1441245196.795894810 578.9 -166.3 23.7 0.909 0 0 -0.416
1441245196.821949281 578.9 -166.3 23.7 0.909 0 0 -0.417
1441245196.855520862 578.9 -166.3 23.7 0.909 0 0 -0.418
1441245196.882923955 578.8 -166.3 23.7 0.908 0 0 -0.418
1441245196.913224422 578.9 -166.3 23.7 0.908 0 0 -0.419
1441245196.942645503 578.9 -166.3 23.7 0.908 0 0 -0.42
1441245196.973021721 578.9 -166.3 23.7 0.907 0 0 -0.42
1441245197.002738690 578.9 -166.3 23.7 0.907 0 0 -0.421
1441245197.032255232 578.9 -166.3 23.7 0.907 0 0 -0.421
1441245197.062964488 578.9 -166.3 23.7 0.907 0 0 -0.422
1441245197.095697973 578.9 -166.3 23.7 0.906 0 0 -0.422
