10
TwoPointRotation
75.182 0 0
322.313 15.3024 0
-0 1 -0
-10 1
TwoPointRotation
52.113 97.887 0
265.232 49.0233 0
-0.707107 -0.707107 0
10 1
TwoPointRotation
0 76.211 0
-13.1462 -79.8007 0
1 -0 -0
-10 1
TwoPointRotation
67.1637 82.8363 0
-27.8248 37.4599 0
-0.707107 -0.707107 0
-10 1
TwoPointRotation
0 53.2131 0
64.3888 180.543 0
1 -0 -0
10 1
TwoPointRotation
38.945 111.055 0
-88.2274 144.224 0
-0.707107 -0.707107 0
-10 1
TwoPointRotation
57.5556 92.4444 0
38.6428 36.6505 0
-0.707107 -0.707107 0
10 1
TwoPointRotation
48.707 101.293 0
-196.101 198.093 0
-0.707107 -0.707107 0
-10 1
TwoPointRotation
37.8486 112.151 0
26.433 -19.572 0
-0.707107 -0.707107 0
10 1
TwoPointRotation
0 67.3593 0
14.3596 178.991 0
1 -0 -0
10 1
