15
585.654 -89.0964 10.7263 0.917168 0.00125402 -0.00274102 0.39849
504.226 -47.1544 10.4725 0.973388 0.00178822 -0.00248748 0.229145
380
1441331093.841121121 2.82871 2.32988
1441331093.842481632 2.87889 2.35099
1441331093.852390891 2.86337 2.29576
1441331093.862245011 2.85848 2.34914
1441331093.872497206 2.85883 2.31424
1441331093.882559303 2.85688 2.30099
1441331093.892566323 2.84593 2.34836
1441331093.902216457 2.83279 2.31625
1441331093.912522271 2.87915 2.30611
1441331093.922554750 3.90487 2.68807
1441331093.932372829 3.97413 2.96523
1441331093.942787943 4.81974 3.14055
1441331093.952613389 4.73325 2.968
1441331093.962283845 4.32884 2.51991
1441331093.972244009 4.29362 2.56023
1441331093.982656788 3.97188 2.62873
1441331093.992501214 3.85898 2.69424
1441331094.002379366 3.74309 2.43445
1441331094.012707925 3.72218 2.38315
1441331094.022316571 3.76615 2.39847
1441331094.032268038 3.73945 2.24135
1441331094.042525973 3.73944 2.05104
1441331094.052649648 3.76372 2.13859
1441331094.062596305 3.67005 1.95035
1441331094.072538023 3.64638 1.95336
1441331094.082427473 3.71234 1.99138
1441331094.092234378 3.66959 2.00297
1441331094.102152283 3.6916 1.91463
1441331094.112489672 3.77066 1.99418
1441331094.122314002 3.77583 2.00013
1441331094.132208406 3.68059 1.98657
1441331094.142546269 3.60221 1.89917
1441331094.152389976 3.61977 1.86063
1441331094.162249288 3.68051 1.81088
1441331094.172561247 3.8937 1.83258
1441331094.182428412 3.77161 1.85931
1441331094.192310726 3.54877 1.79276
1441331094.202192990 3.75985 1.84489
1441331094.212480515 3.77042 1.68384
1441331094.222371655 3.95142 1.68379
1441331094.232232371 3.83832 1.53983
1441331094.242512167 4.04402 1.53592
1441331094.252378683 3.96253 1.44994
1441331094.262267820 4.01943 1.43015
1441331094.272148654 3.98898 1.39187
1441331094.282435715 3.89075 1.40341
1441331094.292276793 4.02131 1.45762
1441331094.302221909 4.16585 1.4998
1441331094.312499532 3.87528 1.26013
1441331094.322381624 4.22407 1.50176
1441331094.332263104 4.07788 1.41184
1441331094.342553122 3.66928 1.18755
1441331094.352427054 3.91348 1.2867
1441331094.362288278 4.18241 1.48285
1441331094.372623205 3.9096 1.26086
1441331094.382443982 3.73955 1.17918
1441331094.392311268 3.96751 1.35621
1441331094.402237047 3.91681 1.31409
1441331094.412472649 3.90754 1.24421
1441331094.422373219 4.05997 1.48786
1441331094.432217820 3.84653 1.3854
1441331094.442521694 3.74727 1.28828
1441331094.452451805 3.85321 1.34177
1441331094.462327069 4.0097 1.39374
1441331094.472167644 3.91813 1.30926
1441331094.482490505 4.07406 1.36383
1441331094.492359070 3.86519 1.22661
1441331094.502240135 4.02641 1.25939
1441331094.512548988 3.99975 1.26664
1441331094.522409971 4.00527 1.20038
1441331094.532276232 4.00694 1.31439
1441331094.542158189 4.16354 1.38269
1441331094.552438037 4.1283 1.38131
1441331094.562288937 3.9058 1.17408
1441331094.572176903 3.9898 1.34396
1441331094.582522390 3.90667 1.39851
1441331094.592374842 3.88983 1.37599
1441331094.602261941 3.95636 1.46657
1441331094.612537472 3.98319 1.5974
1441331094.622417573 3.74669 1.3427
1441331094.632252255 3.85506 1.40707
1441331094.642614261 3.95222 1.51654
1441331094.652464486 3.82522 1.38865
1441331094.662350342 3.99906 1.4855
1441331094.672188831 4.08091 1.54885
1441331094.682475393 3.95254 1.40696
1441331094.692409348 3.81784 1.2533
1441331094.702215184 3.94756 1.3919
1441331094.712543950 3.79419 1.34912
1441331094.722413891 3.75176 1.32644
1441331094.732316413 3.9654 1.41575
1441331094.742207590 4.06281 1.40418
1441331094.752512300 3.98185 1.28935
1441331094.762365186 3.91946 1.33157
1441331094.772255950 3.94527 1.36685
1441331094.782490705 3.81787 1.27212
1441331094.792400423 3.93517 1.29911
1441331094.802260200 4.15715 1.30707
1441331094.812534944 4.06101 1.25964
1441331094.822416082 3.66893 1.06868
1441331094.832306824 3.94598 1.26659
1441331094.842178156 3.93071 1.28736
1441331094.852476683 3.87202 1.20971
1441331094.862340134 3.96565 1.24236
1441331094.872215775 4.08424 1.26816
1441331094.882492788 3.80662 1.05915
1441331094.892376111 3.83736 1.06964
1441331094.902276611 3.9951 1.23647
1441331094.912589985 4.01193 1.32037
1441331094.922424339 4.21508 1.4174
1441331094.932334862 4.0815 1.34864
1441331094.942166703 3.87004 1.17587
1441331094.952477411 3.90286 1.22839
1441331094.962359146 4.06356 1.31864
1441331094.972229150 3.93753 1.28409
1441331094.982494378 4.08139 1.36545
1441331094.992412410 4.13209 1.32389
1441331095.002256708 4.00137 1.16183
1441331095.012596901 3.87077 1.0387
1441331095.022480117 4.11649 1.17766
1441331095.032307632 4.15098 1.28702
1441331095.042192815 3.98754 1.13601
1441331095.052507736 4.14904 1.33069
1441331095.062365858 4.29574 1.40572
1441331095.072217393 3.9472 1.18701
1441331095.082523428 3.97912 1.20739
1441331095.092411114 4.16043 1.43495
1441331095.102261774 4.04987 1.38371
1441331095.112580714 3.99088 1.36819
1441331095.122431872 4.09602 1.40442
1441331095.132306272 4.07945 1.40945
1441331095.142199739 3.90464 1.31758
1441331095.152466435 3.90456 1.28545
1441331095.162372974 3.98124 1.29521
1441331095.172236686 4.10119 1.37059
1441331095.182521292 4.15561 1.33578
1441331095.192413782 4.08151 1.30441
1441331095.202305550 4.24565 1.43327
1441331095.212570088 3.94178 1.24136
1441331095.222427015 4.05411 1.30383
1441331095.232344338 3.91589 1.26887
1441331095.242225303 3.92276 1.26434
1441331095.252480241 4.26017 1.47164
1441331095.262366212 4.15395 1.38399
1441331095.272226724 3.86593 1.15817
1441331095.282519568 4.01868 1.29431
1441331095.292420523 3.9759 1.28936
1441331095.302321573 3.86989 1.20063
1441331095.312176762 4.14211 1.26337
1441331095.322482954 4.31825 1.36554
1441331095.332378823 4.1677 1.18653
1441331095.342233406 4.09835 1.17739
1441331095.352516816 4.20585 1.32379
1441331095.362373697 4.12344 1.24789
1441331095.372257037 4.22668 1.33296
1441331095.382537857 4.34645 1.42994
1441331095.392400737 4.13494 1.27803
1441331095.402309104 4.07686 1.3169
1441331095.412175796 3.97424 1.37084
1441331095.422449493 4.00863 1.38825
1441331095.432346633 4.01785 1.41037
1441331095.442221105 4.18131 1.5268
1441331095.452492749 4.16377 1.48123
1441331095.462346653 3.87196 1.22646
1441331095.472282337 4.08715 1.38844
1441331095.482554656 4.0997 1.4642
1441331095.492405780 3.89678 1.29106
1441331095.502312074 4.17279 1.42694
1441331095.512573901 4.39966 1.62425
1441331095.522418623 4.13709 1.38577
1441331095.532334740 4.26654 1.47529
1441331095.542196364 4.19775 1.43056
1441331095.552491536 4.14179 1.41601
1441331095.562377119 4.16709 1.43026
1441331095.572246767 4.27811 1.56705
1441331095.582530979 4.14242 1.42401
1441331095.592419578 4.21066 1.39164
1441331095.602289329 4.2818 1.46666
1441331095.612169462 4.24823 1.45279
1441331095.622469567 4.27953 1.50987
1441331095.632288804 4.20046 1.50291
1441331095.642195757 4.32859 1.56013
1441331095.652541784 4.2077 1.53438
1441331095.662344115 3.90149 1.30314
1441331095.672253945 4.06259 1.49334
1441331095.682559733 4.15273 1.53496
1441331095.692389392 3.95155 1.39342
1441331095.702279893 4.02461 1.42288
1441331095.712163931 4.21187 1.56778
1441331095.722427190 4.01487 1.39374
1441331095.732353345 4.14953 1.34635
1441331095.742221968 4.33695 1.50706
1441331095.752503404 4.22766 1.46414
1441331095.762365163 4.05283 1.41001
1441331095.772263034 4.25176 1.51032
1441331095.782519290 4.16749 1.47639
1441331095.792397330 3.90949 1.267
1441331095.802314023 3.88902 1.27106
1441331095.812573083 4.04524 1.39218
1441331095.822422025 4.05985 1.51208
1441331095.832338700 4.14936 1.5369
1441331095.842174827 4.22044 1.5605
1441331095.852492668 4.09288 1.46122
1441331095.862382330 4.16031 1.43591
1441331095.872246100 4.1962 1.48374
1441331095.882563663 4.17235 1.42991
1441331095.892387366 4.09113 1.40549
1441331095.902293769 4.18459 1.37828
1441331095.912146191 4.27805 1.45266
1441331095.922465712 4.02368 1.25109
1441331095.932350858 4.09619 1.35072
1441331095.942212951 4.12979 1.46819
1441331095.952548206 4.20404 1.57286
1441331095.962360082 3.99878 1.37883
1441331095.972211885 4.29523 1.52951
1441331095.982552746 4.25825 1.44212
1441331095.992432372 4.2161 1.34682
1441331096.002294465 4.20105 1.36291
1441331096.012170086 4.30563 1.43479
1441331096.022438608 4.18333 1.42087
1441331096.032291631 4.07262 1.38261
1441331096.042258816 4.40328 1.53746
1441331096.052491698 4.33237 1.44968
1441331096.062381709 4.03949 1.19481
1441331096.072270142 4.13386 1.25517
1441331096.082521245 4.33919 1.53296
1441331096.092402525 4.09015 1.41284
1441331096.102314402 4.24421 1.4554
1441331096.112166487 4.33086 1.57989
1441331096.122429156 4.02185 1.39066
1441331096.132324655 4.06748 1.45185
1441331096.142189919 4.08759 1.58386
1441331096.152511161 4.27049 1.68803
1441331096.162381650 3.97916 1.53648
1441331096.172245888 4.05959 1.54776
1441331096.182518118 4.09308 1.54767
1441331096.192445376 3.86979 1.29346
1441331096.202289854 3.95365 1.26757
1441331096.212166398 3.98549 1.34708
1441331096.222515953 3.88912 1.30693
1441331096.232342509 3.87975 1.25737
1441331096.242203394 4.1106 1.35115
1441331096.252535611 4.06848 1.27462
1441331096.262385971 3.88197 1.10977
1441331096.272238307 3.87797 1.26259
1441331096.282525054 3.8546 1.34352
1441331096.292428182 3.88698 1.38567
1441331096.302289689 3.81164 1.32106
1441331096.312202375 4.02158 1.40169
1441331096.322473414 3.72352 1.21639
1441331096.332339064 3.8374 1.25898
1441331096.342244323 3.8884 1.31669
1441331096.352512813 4.07197 1.39112
1441331096.362386936 3.72526 1.23669
1441331096.372232329 3.93548 1.30143
1441331096.382561881 3.8809 1.29532
1441331096.392424570 3.83651 1.19034
1441331096.402281137 3.922 1.19576
1441331096.412190947 3.92951 1.21842
1441331096.422447500 3.71604 1.12609
1441331096.432368692 3.78329 1.21803
1441331096.442201273 4.03103 1.38673
1441331096.452502168 3.99315 1.28201
1441331096.462419644 3.82209 1.13265
1441331096.472236169 3.93281 1.19332
1441331096.482572705 3.83321 1.23663
1441331096.492440296 3.92893 1.32365
1441331096.502354450 4.00648 1.3717
1441331096.512198443 3.993 1.3213
1441331096.522546635 4.08309 1.25616
1441331096.532348836 3.88475 1.1456
1441331096.542246912 4.01245 1.24237
1441331096.552498773 4.03023 1.30428
1441331096.562383895 3.75875 1.18983
1441331096.572247009 3.85029 1.24032
1441331096.582603821 3.9818 1.37726
1441331096.592424494 3.91024 1.26062
1441331096.602353484 3.86685 1.25098
1441331096.612232852 3.80279 1.22792
1441331096.622490475 3.88353 1.37609
1441331096.632387398 3.79065 1.35523
1441331096.642306027 3.93868 1.39288
1441331096.652603608 3.99832 1.50712
1441331096.662415986 3.80208 1.26349
1441331096.672288259 3.76135 1.19634
1441331096.682222364 3.89264 1.35697
1441331096.692480129 3.89206 1.38642
1441331096.702385097 3.74411 1.3559
1441331096.712202110 3.88384 1.43586
1441331096.722486420 3.83009 1.37934
1441331096.732433279 3.80926 1.22214
1441331096.742275235 3.76432 1.22302
1441331096.752541241 3.97785 1.28806
1441331096.762463839 4.02036 1.4197
1441331096.772331970 3.66111 1.18255
1441331096.782213832 3.90767 1.34886
1441331096.792473083 3.87849 1.40605
1441331096.802297200 3.75999 1.28297
1441331096.812242092 3.83408 1.31912
1441331096.822493551 3.92025 1.38545
1441331096.832385479 3.85283 1.2815
1441331096.842259290 3.92529 1.34539
1441331096.852556291 4.06911 1.44417
1441331096.862400614 4.02492 1.41334
1441331096.872272078 3.80539 1.23222
1441331096.882579219 3.88687 1.26245
1441331096.892484199 3.70969 1.22291
1441331096.902330183 3.66454 1.18095
1441331096.912208869 3.91482 1.32749
1441331096.922478198 4.05315 1.41404
1441331096.932349800 3.80924 1.20226
1441331096.942293352 3.79758 1.22498
1441331096.952525374 3.74635 1.33638
1441331096.962400551 3.70673 1.3089
1441331096.972279791 3.77117 1.35372
1441331096.982549634 3.91313 1.44499
1441331096.992482971 3.83503 1.34432
1441331097.002323150 3.8975 1.251
1441331097.012191173 3.73074 1.19129
1441331097.022489595 3.72364 1.15492
1441331097.032360342 3.89606 1.32812
1441331097.042235988 3.91243 1.36191
1441331097.052590017 3.76551 1.30805
1441331097.062415638 3.83207 1.27679
1441331097.072268305 3.96959 1.38455
1441331097.082582050 3.6305 1.18209
1441331097.092418298 3.5745 1.20318
1441331097.102313788 3.6441 1.31019
1441331097.112230901 3.74823 1.40083
1441331097.122561316 3.80672 1.42017
1441331097.132355396 3.95895 1.45133
1441331097.142227691 3.78305 1.32898
1441331097.152629074 3.64275 1.23332
1441331097.162445060 3.81236 1.31958
1441331097.172320328 3.75413 1.37246
1441331097.182576856 3.73168 1.37988
1441331097.192463390 3.6573 1.40849
1441331097.202345898 3.97432 1.50862
1441331097.212213975 3.82929 1.37714
1441331097.222491194 3.64017 1.12206
1441331097.232396116 3.70095 1.22442
1441331097.242317261 3.79883 1.24925
1441331097.252552157 3.63661 1.16635
1441331097.262422965 3.63861 1.15731
1441331097.272265818 3.98715 1.31205
1441331097.282152695 3.98826 1.20682
1441331097.292463483 3.72234 1.0801
1441331097.302328295 3.81362 1.15579
1441331097.312208293 3.78802 1.25035
1441331097.322490898 3.80995 1.29753
1441331097.332385913 3.761 1.31875
1441331097.342256940 3.86922 1.29798
1441331097.352596212 3.7691 1.19895
1441331097.362464457 3.76983 1.20856
1441331097.372297789 3.89691 1.36041
1441331097.382644365 3.78868 1.29302
1441331097.392433335 3.7135 1.23475
1441331097.402318548 4.01603 1.43861
1441331097.412200481 4.02733 1.3812
1441331097.422511758 3.83163 1.1964
1441331097.432379585 3.66053 1.12262
1441331097.442269827 3.82832 1.26579
1441331097.452613971 3.92369 1.32719
1441331097.462431375 3.63436 1.16172
1441331097.472337545 3.69619 1.29513
1441331097.482156268 3.67589 1.33328
1441331097.492463634 3.55235 1.22709
1441331097.502341848 3.56729 1.2198
1441331097.512215541 3.65587 1.32594
1441331097.522492812 3.68853 1.41896
1441331097.532360464 3.74813 1.50797
1441331097.542247132 3.6111 1.44905
1441331097.552574211 3.64032 1.49113
1441331097.562437205 3.65119 1.44528
1441331097.572297134 3.55736 1.35568
1441331097.582174170 3.70498 1.47395
1441331097.592461353 3.55148 1.40588
1441331097.602358520 3.63452 1.50551
1441331097.612245682 3.74546 1.46707
1441331097.622500813 3.78707 1.46296
126
1441331093.841142250 637.2 -34.6 23.2 0.367 0 0 0.93
1441331093.848343992 662.6 161.3 23.2 0.367 0 0 0.93
1441331093.875755530 662.6 161.3 23.2 0.367 0 0 0.93
1441331093.905217202 662.6 161.3 23.2 0.367 0 0 0.93
1441331093.935978587 662.6 161.3 23.2 0.367 0 0 0.93
1441331093.968000445 662.6 161.3 23.1 0.367 0 0 0.93
1441331094.001854188 662.5 161.4 23.1 0.367 0 0 0.93
1441331094.028186816 662.5 161.4 23.1 0.368 0 0 0.93
1441331094.061240337 662.5 161.4 23.2 0.369 0 0 0.93
1441331094.091818240 662.5 161.4 23.2 0.369 0 0 0.929
1441331094.121437753 662.5 161.4 23.2 0.37 0 0 0.929
1441331094.151065120 662.5 161.4 23.2 0.371 0 0 0.929
1441331094.184873689 662.5 161.4 23.2 0.371 0 0 0.929
1441331094.211199954 662.5 161.3 23.2 0.372 0 0 0.928
1441331094.241889645 662.6 161.3 23.2 0.372 0 0 0.928
1441331094.271396455 662.6 161.3 23.2 0.373 0 0 0.928
1441331094.304428330 662.6 161.3 23.2 0.374 0 0 0.928
1441331094.330911726 662.6 161.3 23.2 0.374 0 0 0.927
1441331094.361558481 662.6 161.3 23.2 0.375 0 0 0.927
1441331094.391019145 662.6 161.3 23.2 0.375 0 0 0.927
1441331094.421834703 662.6 161.3 23.2 0.376 0 0 0.927
1441331094.451586099 662.6 161.3 23.2 0.377 0 0 0.926
1441331094.481401778 662.6 161.3 23.2 0.377 0 0 0.926
1441331094.510899490 662.6 161.3 23.2 0.378 0 0 0.926
1441331094.541742872 662.6 161.3 23.2 0.378 0 0 0.926
1441331094.571220124 662.6 161.3 23.2 0.379 0 0 0.925
1441331094.604046365 662.5 161.3 23.2 0.38 0 0 0.925
1441331094.631632062 662.5 161.3 23.2 0.38 0 0 0.925
1441331094.664258429 662.5 161.3 23.2 0.381 0 0 0.925
1441331094.694782303 662.5 161.3 23.2 0.382 0 0 0.924
1441331094.727642884 662.6 161.3 23.2 0.382 0 0 0.924
1441331094.757173476 662.6 161.3 23.2 0.383 0 0 0.924
1441331094.787821178 662.6 161.3 23.2 0.383 0 0 0.924
1441331094.814425669 662.6 161.3 23.2 0.384 0 0 0.923
1441331094.847393128 662.6 161.3 23.2 0.385 0 0 0.923
1441331094.874917283 662.5 161.3 23.2 0.385 0 0 0.923
1441331094.907701382 662.5 161.3 23.2 0.386 0 0 0.923
1441331094.937153277 662.5 161.3 23.2 0.387 0 0 0.922
1441331094.967516633 662.5 161.3 23.2 0.387 0 0 0.922
1441331094.996988740 662.5 161.3 23.2 0.388 0 0 0.922
1441331095.027592511 662.5 161.3 23.2 0.388 0 0 0.922
1441331095.057012834 662.5 161.3 23.2 0.389 0 0 0.921
1441331095.090682853 662.5 161.3 23.2 0.39 0 0 0.921
1441331095.120053063 662.5 161.3 23.2 0.39 0 0 0.921
1441331095.150618115 662.5 161.3 23.2 0.391 0 0 0.921
1441331095.180497494 662.5 161.3 23.2 0.391 0 0 0.92
1441331095.210816791 662.5 161.3 23.2 0.392 0 0 0.92
1441331095.240200592 662.5 161.3 23.2 0.393 0 0 0.92
1441331095.270674437 662.5 161.3 23.2 0.393 0 0 0.919
1441331095.300216866 662.5 161.3 23.2 0.394 0 0 0.919
1441331095.330680641 662.5 161.3 23.2 0.394 0 0 0.919
1441331095.360042094 662.5 161.3 23.2 0.395 0 0 0.919
1441331095.393723413 662.5 161.3 23.2 0.396 0 0 0.918
1441331095.420040369 662.5 161.3 23.2 0.396 0 0 0.918
1441331095.453857022 662.5 161.3 23.2 0.397 0 0 0.918
1441331095.480173704 662.5 161.4 23.2 0.397 0 0 0.918
1441331095.513773775 662.5 161.4 23.2 0.398 0 0 0.917
1441331095.543379169 662.5 161.4 23.2 0.399 0 0 0.917
1441331095.575870201 662.5 161.4 23.2 0.399 0 0 0.917
1441331095.603244028 662.5 161.4 23.2 0.4 0 0 0.917
1441331095.639269430 662.5 161.4 23.2 0.401 0 0 0.916
1441331095.666754893 662.5 161.4 23.2 0.401 0 0 0.916
1441331095.696378160 662.5 161.4 23.2 0.402 0 0 0.916
1441331095.726307258 662.5 161.4 23.2 0.402 0 0 0.916
1441331095.756847533 662.5 161.4 23.2 0.403 0 0 0.915
1441331095.786610577 662.5 161.4 23.2 0.403 0 0 0.915
1441331095.816182938 662.5 161.4 23.2 0.404 0 0 0.915
1441331095.846578312 662.5 161.4 23.2 0.405 0 0 0.914
1441331095.876875329 662.5 161.4 23.2 0.405 0 0 0.914
1441331095.906330558 662.5 161.4 23.2 0.406 0 0 0.914
1441331095.936834270 662.5 161.4 23.2 0.406 0 0 0.914
1441331095.966287186 662.5 161.4 23.2 0.407 0 0 0.913
1441331095.996756538 662.5 161.4 23.2 0.408 0 0 0.913
1441331096.026308421 662.5 161.4 23.2 0.408 0 0 0.913
1441331096.056839767 662.5 161.4 23.2 0.409 0 0 0.913
1441331096.086181504 662.5 161.4 23.2 0.41 0 0 0.912
1441331096.119725089 662.5 161.4 23.2 0.41 0 0 0.912
1441331096.146912724 662.5 161.4 23.2 0.411 0 0 0.912
1441331096.176515385 662.5 161.4 23.2 0.411 0 0 0.912
1441331096.206102479 662.5 161.4 23.2 0.412 0 0 0.911
1441331096.236629473 662.5 161.4 23.2 0.412 0 0 0.911
1441331096.266047789 662.5 161.4 23.2 0.413 0 0 0.911
1441331096.299822593 662.5 161.4 23.2 0.414 0 0 0.91
1441331096.326221684 662.5 161.4 23.2 0.414 0 0 0.91
1441331096.359893993 662.5 161.4 23.2 0.415 0 0 0.91
1441331096.389445635 662.5 161.4 23.2 0.416 0 0 0.91
1441331096.419954163 662.5 161.4 23.2 0.416 0 0 0.909
1441331096.449454334 662.5 161.4 23.2 0.417 0 0 0.909
1441331096.482076137 662.5 161.4 23.2 0.417 0 0 0.909
1441331096.509513600 662.5 161.4 23.2 0.418 0 0 0.908
1441331096.542216757 662.4 161.4 23.2 0.418 0 0 0.908
1441331096.569496103 662.4 161.4 23.2 0.419 0 0 0.908
1441331096.602145773 662.5 161.4 23.2 0.42 0 0 0.908
1441331096.629432637 662.5 161.4 23.2 0.42 0 0 0.907
1441331096.658930743 662.5 161.4 23.2 0.421 0 0 0.907
1441331096.689424650 662.5 161.4 23.2 0.421 0 0 0.907
1441331096.719016459 662.5 161.4 23.2 0.422 0 0 0.907
1441331096.749489802 662.5 161.4 23.2 0.423 0 0 0.906
1441331096.778933910 662.5 161.4 23.2 0.423 0 0 0.906
1441331096.809339237 662.5 161.4 23.2 0.424 0 0 0.906
1441331096.839852423 662.4 161.4 23.2 0.424 0 0 0.905
1441331096.866134473 662.4 161.4 23.2 0.425 0 0 0.905
1441331096.899850819 662.4 161.4 23.2 0.426 0 0 0.905
1441331096.929359972 662.4 161.4 23.2 0.426 0 0 0.905
1441331096.959120903 662.4 161.4 23.2 0.427 0 0 0.904
1441331096.989062421 662.4 161.4 23.2 0.427 0 0 0.904
1441331097.022621968 662.4 161.4 23.2 0.428 0 0 0.904
1441331097.049874160 662.4 161.4 23.2 0.429 0 0 0.904
1441331097.082036009 662.4 161.4 23.2 0.429 0 0 0.903
1441331097.109678972 662.4 161.4 23.2 0.43 0 0 0.903
1441331097.142782153 662.4 161.4 23.2 0.43 0 0 0.903
1441331097.172503671 662.4 161.4 23.2 0.431 0 0 0.902
1441331097.202034628 662.5 161.4 23.2 0.432 0 0 0.902
1441331097.229783590 662.4 161.4 23.2 0.432 0 0 0.902
1441331097.262821854 662.4 161.4 23.2 0.433 0 0 0.902
1441331097.292467050 662.4 161.4 23.2 0.433 0 0 0.901
1441331097.322521626 662.4 161.4 23.2 0.434 0 0 0.901
1441331097.352338947 662.4 161.4 23.2 0.435 0 0 0.901
1441331097.382054563 662.4 161.4 23.2 0.435 0 0 0.9
1441331097.412665548 662.4 161.4 23.2 0.436 0 0 0.9
1441331097.442299957 662.4 161.4 23.2 0.436 0 0 0.9
1441331097.469694890 662.4 161.4 23.2 0.437 0 0 0.9
1441331097.502552332 662.4 161.4 23.2 0.437 0 0 0.899
1441331097.532070445 662.4 161.4 23.2 0.438 0 0 0.899
1441331097.562794685 662.4 161.4 23.2 0.439 0 0 0.899
1441331097.589220199 662.4 161.4 23.2 0.439 0 0 0.898
504.224 -47.1616 10.483 0.973387 0.00172895 -0.00244712 0.229148
523.458 -3.37684 10.5731 0.999871 0.0032993 -0.00320736 0.0153951
379
1441331130.268533118 1.02045 1.76502
1441331130.269796598 1.01597 1.77418
1441331130.279713338 1.09961 1.78197
1441331130.289593780 1.05296 1.74572
1441331130.299835252 1.01509 1.6846
1441331130.309704509 1.11092 1.78944
1441331130.319640058 1.05016 1.74095
1441331130.329894203 1.03425 1.75145
1441331130.339819034 1.08714 1.78847
1441331130.349673178 1.07459 1.74855
1441331130.360017408 1.04662 1.75164
1441331130.369865026 1.34119 2.22277
1441331130.379722965 1.59304 3.02133
1441331130.389592201 1.6041 3.62079
1441331130.399885176 1.69043 4.45283
1441331130.409787111 1.48246 4.9379
1441331130.419649834 1.53023 4.33466
1441331130.429960137 1.52916 3.42336
1441331130.439812016 1.58743 2.65216
1441331130.449689446 1.72723 2.34234
1441331130.460021765 1.79982 2.56979
1441331130.469866180 1.99964 2.82098
1441331130.479754716 2.45767 3.08213
1441331130.489626155 2.86783 3.26857
1441331130.499922767 3.09872 3.05415
1441331130.509818727 3.35381 2.81368
1441331130.519641362 3.50916 2.61667
1441331130.529955178 3.55693 2.53673
1441331130.539789073 3.64096 2.53725
1441331130.549768972 3.86758 2.53636
1441331130.560016117 3.69349 2.43329
1441331130.569876052 3.52444 2.52072
1441331130.579768390 3.67957 2.59958
1441331130.589622405 3.57325 2.54631
1441331130.599937601 3.56011 2.54287
1441331130.609861013 3.65381 2.6222
1441331130.619667537 3.70791 2.60049
1441331130.629961612 3.6899 2.7372
1441331130.639860577 3.71351 2.75119
1441331130.649705401 3.79317 2.77702
1441331130.659602262 3.61159 2.65087
1441331130.669896162 3.7266 2.57048
1441331130.679793506 3.60925 2.52586
1441331130.689651662 3.48047 2.4972
1441331130.699936183 3.50282 2.6626
1441331130.709835046 3.69121 2.67643
1441331130.719692116 3.61936 2.64762
1441331130.729969092 3.53402 2.56632
1441331130.739869232 3.59368 2.52013
1441331130.749712427 3.71726 2.52689
1441331130.759634722 3.58493 2.56964
1441331130.769912409 3.66085 2.60972
1441331130.779789177 3.80588 2.64095
1441331130.789664747 3.69555 2.53357
1441331130.799972319 3.93429 2.61793
1441331130.809845406 4.03447 2.50407
1441331130.819633968 3.62759 2.43409
1441331130.830003892 3.5734 2.48551
1441331130.839876883 3.59669 2.42263
1441331130.849695045 3.6113 2.61124
1441331130.859632853 3.79878 2.69921
1441331130.869890958 3.85487 2.64382
1441331130.879761470 3.6412 2.53862
1441331130.889629612 3.72222 2.53147
1441331130.899940708 3.56936 2.50811
1441331130.909805200 3.70111 2.53384
1441331130.919716439 3.58154 2.57143
1441331130.930012084 3.60241 2.49786
1441331130.939888803 3.71251 2.39632
1441331130.949718637 3.69809 2.39332
1441331130.959641958 3.61362 2.32573
1441331130.969926577 3.63018 2.44063
1441331130.979799179 3.55277 2.63485
1441331130.989674617 3.65479 2.75124
1441331130.999993711 3.80335 2.74724
1441331131.009876823 3.79946 2.81101
1441331131.019719631 3.6405 2.67001
1441331131.029583607 3.64172 2.60926
1441331131.039896492 3.62597 2.6816
1441331131.049766475 3.73028 2.63586
1441331131.059609296 3.60116 2.51861
1441331131.069938090 3.79141 2.59649
1441331131.079779500 3.80522 2.5944
1441331131.089680726 3.73377 2.60365
1441331131.099967542 3.60406 2.46649
1441331131.109867600 3.71423 2.58391
1441331131.119724820 3.65653 2.54607
1441331131.129601492 3.79748 2.60543
1441331131.139900865 3.67288 2.52359
1441331131.149772949 3.67915 2.49262
1441331131.159656715 3.73859 2.5282
1441331131.169941833 3.83602 2.5484
1441331131.179816362 3.83718 2.48329
1441331131.189689364 3.80377 2.46039
1441331131.200001493 3.81691 2.46411
1441331131.209888448 3.83468 2.35716
1441331131.219699556 3.80787 2.29229
1441331131.229567870 3.6758 2.319
1441331131.239875450 3.48882 2.34966
1441331131.249723756 3.58604 2.31377
1441331131.259624929 3.84929 2.40042
1441331131.269924300 3.80018 2.47354
1441331131.279836407 3.71331 2.54446
1441331131.289708109 3.86542 2.48926
1441331131.300050701 3.84715 2.55306
1441331131.309855802 3.76385 2.46735
1441331131.319730072 3.76722 2.57546
1441331131.329637578 3.84339 2.53493
1441331131.339922872 3.88838 2.48105
1441331131.349770039 3.77349 2.47642
1441331131.359625539 3.57138 2.42405
1441331131.369971124 3.64959 2.3634
1441331131.379821203 3.77365 2.47871
1441331131.389706802 3.884 2.61744
1441331131.399967917 3.84685 2.59953
1441331131.409839549 3.7435 2.56007
1441331131.419745198 3.63355 2.51062
1441331131.429628781 3.70315 2.4715
1441331131.439918705 3.66762 2.43593
1441331131.449792026 3.73417 2.53828
1441331131.459668229 3.73626 2.52747
1441331131.469966644 3.99474 2.58
1441331131.479829558 3.89598 2.44738
1441331131.489702066 3.84748 2.46267
1441331131.500006424 3.79118 2.52354
1441331131.509891778 3.89082 2.52872
1441331131.519737243 3.82854 2.49262
1441331131.529606783 3.85572 2.49821
1441331131.539915614 3.91285 2.5092
1441331131.549850985 3.95133 2.54048
1441331131.559618386 3.76131 2.46793
1441331131.569958323 3.77461 2.45492
1441331131.579828950 3.9661 2.60068
1441331131.589700486 3.84523 2.44496
1441331131.600000564 3.97309 2.48819
1441331131.609871607 3.88926 2.40625
1441331131.619719406 3.79109 2.3498
1441331131.629621972 3.8741 2.35695
1441331131.639914735 3.65891 2.25161
1441331131.649794733 3.79289 2.42748
1441331131.659654700 3.74054 2.38663
1441331131.669957216 3.77608 2.38876
1441331131.679834935 3.57048 2.2948
1441331131.689698541 3.68389 2.39257
1441331131.699999766 3.67278 2.4621
1441331131.709856731 3.66703 2.43341
1441331131.719761975 3.69367 2.40908
1441331131.729600256 3.66144 2.471
1441331131.739922491 3.6847 2.40546
1441331131.749788269 3.65003 2.35855
1441331131.759660444 3.62319 2.31361
1441331131.769986449 3.68577 2.3294
1441331131.779831185 3.70385 2.30913
1441331131.789741227 3.47346 2.33742
1441331131.800002990 3.57553 2.44773
1441331131.809857235 3.56363 2.33636
1441331131.819738816 3.64823 2.45401
1441331131.829624064 3.62984 2.40523
1441331131.839924755 3.61878 2.39187
1441331131.849796221 3.50854 2.34895
1441331131.859667902 3.58446 2.4104
1441331131.869969900 3.57673 2.4186
1441331131.879840401 3.52666 2.34944
1441331131.889709812 3.64058 2.40728
1441331131.900013560 3.52687 2.23317
1441331131.909842504 3.59273 2.2184
1441331131.919750776 3.57969 2.1219
1441331131.929616990 3.61406 2.26117
1441331131.939923031 3.48034 2.25305
1441331131.949796816 3.62577 2.3247
1441331131.959672109 3.75423 2.44693
1441331131.969971412 3.69071 2.37477
1441331131.979842359 3.62688 2.3113
1441331131.989718938 3.49032 2.29907
1441331132.000017737 3.60434 2.25674
1441331132.009878376 3.63456 2.37829
1441331132.019770272 3.70284 2.46477
1441331132.029635091 3.53771 2.25015
1441331132.039933856 3.57736 2.31263
1441331132.049811572 3.52585 2.15495
1441331132.059674569 3.69825 2.19826
1441331132.069966744 3.53692 2.23852
1441331132.079849903 3.59344 2.30834
1441331132.089722337 3.61497 2.19198
1441331132.100024615 3.60926 2.19591
1441331132.109860945 3.56153 2.22463
1441331132.119764100 3.65884 2.31207
1441331132.129635783 3.63505 2.30247
1441331132.139887616 3.63456 2.21552
1441331132.149807643 3.58581 2.12455
1441331132.159680027 3.67896 2.18054
1441331132.169972932 3.64374 2.27682
1441331132.179832687 3.49736 2.21212
1441331132.189720344 3.42213 2.07109
1441331132.200031949 3.60406 2.24498
1441331132.209892686 3.42408 2.17675
1441331132.219766438 3.45175 2.34869
1441331132.229600983 3.37311 2.23467
1441331132.239938487 3.49382 2.33418
1441331132.249812403 3.41472 2.22682
1441331132.259679235 3.60591 2.36328
1441331132.269981290 3.37737 2.26098
1441331132.279851638 3.53482 2.35884
1441331132.289760681 3.3678 2.2208
1441331132.300005374 3.43545 2.2681
1441331132.309891876 3.39147 2.09191
1441331132.319725939 3.47783 2.24017
1441331132.329611914 3.4204 2.14722
1441331132.339937647 3.55283 2.13999
1441331132.349819914 3.51093 2.11258
1441331132.359685521 3.29521 2.07791
1441331132.369983133 3.42477 2.16122
1441331132.379849877 3.51376 2.28416
1441331132.389724212 3.54045 2.36006
1441331132.399993547 3.46252 2.29989
1441331132.409890942 3.62645 2.33514
1441331132.419750659 3.43203 2.12858
1441331132.429634697 3.59035 2.30371
1441331132.439932268 3.38761 2.19033
1441331132.449789791 3.58749 2.29177
1441331132.459671895 3.63115 2.3453
1441331132.469977746 3.55145 2.22901
1441331132.479802290 3.60973 2.1897
1441331132.489714737 3.48826 2.1047
1441331132.500043877 3.42325 2.10516
1441331132.509932507 3.36062 2.11414
1441331132.519756569 3.41571 2.19586
1441331132.529606069 3.10657 2.10616
1441331132.539909983 3.32856 2.19994
1441331132.549776853 3.32062 2.19297
1441331132.559643780 3.39669 2.23831
1441331132.569923083 3.35863 2.16681
1441331132.579812621 3.33471 2.24929
1441331132.589684478 3.33849 2.15272
1441331132.600015208 3.45307 2.11838
1441331132.609879159 3.38027 2.10877
1441331132.619720398 3.19131 2.08216
1441331132.629587504 3.17555 2.0277
1441331132.639915693 3.34816 2.13429
1441331132.649772704 3.28092 2.16098
1441331132.659711862 3.27994 2.26634
1441331132.669966859 3.25442 2.31168
1441331132.679837589 3.52674 2.32445
1441331132.689706948 3.42448 2.29083
1441331132.699979517 3.30531 2.20837
1441331132.709878951 3.26206 2.23206
1441331132.719743878 3.26877 2.194
1441331132.729627211 3.13215 2.23702
1441331132.739923646 3.24712 2.15827
1441331132.749794316 3.40562 2.25473
1441331132.759667608 3.38679 2.28653
1441331132.769958965 3.39009 2.1502
1441331132.779826001 3.12621 2.01525
1441331132.789708244 3.14938 2.14141
1441331132.800010716 3.17666 2.09589
1441331132.809881263 3.10443 2.1885
1441331132.819725251 3.20743 2.27902
1441331132.829596084 3.51628 2.39037
1441331132.839925938 3.30087 2.24018
1441331132.849774624 3.24874 2.18492
1441331132.859666214 3.18148 2.11195
1441331132.869968007 3.22113 2.182
1441331132.879849036 3.43477 2.30436
1441331132.889710744 3.26741 2.15322
1441331132.900020623 3.31867 2.18012
1441331132.909875309 3.34058 2.1651
1441331132.919761577 3.28207 2.16598
1441331132.929589510 3.25377 2.27467
1441331132.939949034 3.35921 2.3204
1441331132.949796355 3.27479 2.36567
1441331132.959729879 3.34899 2.33099
1441331132.969967566 3.19977 2.15081
1441331132.979846447 3.28397 2.18075
1441331132.989719072 3.24813 2.19945
1441331132.999967689 3.25138 2.17908
1441331133.009891741 3.43095 2.24706
1441331133.019765070 3.31038 2.23352
1441331133.029598508 3.24083 2.12322
1441331133.039937680 3.27892 2.17539
1441331133.049810414 3.35589 2.15568
1441331133.059681565 3.44336 2.17961
1441331133.069992208 3.38495 2.29075
1441331133.079854277 3.26438 2.23502
1441331133.089715093 3.08582 2.23132
1441331133.100013445 3.18592 2.27988
1441331133.109894716 3.46037 2.56222
1441331133.119769374 3.2766 2.44419
1441331133.129639694 3.53055 2.51768
1441331133.139939474 3.34436 2.48596
1441331133.149811526 3.36787 2.434
1441331133.159655579 3.47971 2.40541
1441331133.169996039 3.33562 2.41795
1441331133.179855080 3.37302 2.41561
1441331133.189746745 3.36998 2.32282
1441331133.200026466 3.32262 2.21191
1441331133.209890130 3.43728 2.17484
1441331133.219800465 3.45321 2.22929
1441331133.229641553 3.30095 2.28411
1441331133.239941608 3.19927 2.38764
1441331133.249813802 3.33235 2.46143
1441331133.259683163 3.47134 2.53053
1441331133.269983621 3.44333 2.52937
1441331133.279855803 3.57278 2.55981
1441331133.289740050 3.33501 2.44975
1441331133.300011982 3.44842 2.47316
1441331133.309904801 3.33573 2.30789
1441331133.319767811 3.365 2.32259
1441331133.329638018 3.43131 2.32164
1441331133.339954818 3.45173 2.32493
1441331133.349782923 3.45561 2.2145
1441331133.359682059 3.44427 2.25132
1441331133.370006579 3.40547 2.20257
1441331133.379841749 3.29705 2.31361
1441331133.389727587 3.48356 2.39442
1441331133.400050322 3.60233 2.4883
1441331133.409902419 3.63837 2.48662
1441331133.419771435 3.86034 2.54897
1441331133.429613919 3.49375 2.41596
1441331133.439978630 3.57038 2.50075
1441331133.449819019 3.74127 2.4828
1441331133.459672671 3.65472 2.41613
1441331133.469996674 3.61693 2.37549
1441331133.479881932 3.70001 2.38658
1441331133.489722237 3.63894 2.3924
1441331133.499598813 3.68959 2.31227
1441331133.509908576 3.68556 2.30323
1441331133.519780248 3.53135 2.23795
1441331133.529659187 3.43807 2.28338
1441331133.539952026 3.47471 2.43612
1441331133.549809443 3.48377 2.44164
1441331133.559683767 3.51374 2.38323
1441331133.569995745 3.54706 2.32467
1441331133.579868793 3.76321 2.46903
1441331133.589737097 3.5116 2.3637
1441331133.599562968 3.43015 2.29216
1441331133.609912522 3.55916 2.4233
1441331133.619784616 3.63834 2.46954
1441331133.629656686 3.50777 2.45428
1441331133.639945813 3.52764 2.31981
1441331133.649841131 3.56185 2.30455
1441331133.659700239 3.56131 2.25487
1441331133.670006946 3.58542 2.32066
1441331133.679849764 3.35017 2.34221
1441331133.689744155 3.29272 2.30514
1441331133.699603723 3.5272 2.45374
1441331133.709887007 3.46658 2.31953
1441331133.719788713 3.64306 2.40381
1441331133.729660705 3.54783 2.39135
1441331133.739925877 3.52478 2.39387
1441331133.749835604 3.44488 2.26623
1441331133.759706527 3.56922 2.29944
1441331133.770003553 3.31407 2.25383
1441331133.779864235 3.44064 2.2141
1441331133.789746227 3.44376 2.23873
1441331133.799606402 3.43288 2.17868
1441331133.809916948 3.54761 2.1945
1441331133.819790004 3.55555 2.26924
1441331133.829624061 3.45436 2.19954
1441331133.839953800 3.56189 2.23682
1441331133.849830490 3.32145 2.22791
1441331133.859674418 3.48071 2.25794
1441331133.870003739 3.40563 2.25891
1441331133.879844729 3.49698 2.33565
1441331133.889743915 3.403 2.31388
1441331133.899573648 3.34773 2.34864
1441331133.909864625 3.20532 2.34964
1441331133.919869191 3.38839 2.33806
1441331133.929661174 3.3885 2.26372
1441331133.939902010 3.35296 2.30736
1441331133.949829308 3.42123 2.26176
1441331133.959681941 3.24647 2.3157
1441331133.969998170 3.22649 2.29922
1441331133.979868379 3.3321 2.32162
1441331133.989742312 3.26383 2.2946
1441331133.999605120 3.4143 2.41625
1441331134.009913817 3.29345 2.37362
1441331134.019786222 3.26548 2.27889
1441331134.029626293 3.42366 2.38752
1441331134.039943754 3.31181 2.3364
126
1441331130.268529005 470.3 19.7 23 0.973 0 0 0.229
1441331130.292964890 639.1 -90.5 23 0.973 0 0 0.229
1441331130.325723303 639.1 -90.5 23 0.973 0 0 0.229
1441331130.355396149 639.1 -90.5 23 0.973 0 0 0.229
1441331130.385134785 639.1 -90.5 23 0.973 0 0 0.229
1441331130.412605805 639.1 -90.6 23 0.973 0 0 0.229
1441331130.445580448 639.1 -90.6 23 0.974 0 0 0.228
1441331130.475465543 639.1 -90.6 23 0.974 0 0 0.228
1441331130.508266505 639.1 -90.6 23 0.974 0 0 0.227
1441331130.535960709 639.1 -90.5 23 0.974 0 0 0.226
1441331130.565572078 639.1 -90.5 23 0.974 0 0 0.226
1441331130.595125001 639.1 -90.5 23 0.974 0 0 0.225
1441331130.625895573 639.1 -90.5 23 0.975 0 0 0.224
1441331130.655658340 639.1 -90.5 23 0.975 0 0 0.224
1441331130.688501234 639.1 -90.4 23 0.975 0 0 0.223
1441331130.715069630 639.1 -90.4 23 0.975 0 0 0.222
1441331130.748923499 639.1 -90.5 23 0.975 0 0 0.222
1441331130.775532758 639.1 -90.5 23 0.975 0 0 0.221
1441331130.808407818 639.1 -90.5 23 0.975 0 0 0.221
1441331130.838103977 639.1 -90.4 23 0.976 0 0 0.22
1441331130.867926024 639.1 -90.4 23 0.976 0 0 0.219
1441331130.895432259 639.1 -90.5 23 0.976 0 0 0.219
1441331130.928170372 639.1 -90.5 23 0.976 0 0 0.218
1441331130.955738411 639.1 -90.4 23 0.976 0 0 0.217
1441331130.988593874 639.1 -90.4 23 0.976 0 0 0.217
1441331131.015162771 639.1 -90.4 23 0.976 0 0 0.216
1441331131.048119450 639.1 -90.4 23 0.977 0 0 0.215
1441331131.075773445 639.1 -90.4 23 0.977 0 0 0.215
1441331131.108552159 639.1 -90.4 23 0.977 0 0 0.214
1441331131.135285055 639.1 -90.4 23 0.977 0 0 0.214
1441331131.168427392 639.1 -90.4 23 0.977 0 0 0.213
1441331131.195071743 639.1 -90.4 23 0.977 0 0 0.212
1441331131.227951780 639.1 -90.4 23 0.977 0 0 0.212
1441331131.255389790 639.1 -90.4 23 0.978 0 0 0.211
1441331131.288218606 639.1 -90.4 23 0.978 0 0 0.21
1441331131.315917757 639.1 -90.4 23 0.978 0 0 0.21
1441331131.345676619 639.1 -90.4 23 0.978 0 0 0.209
1441331131.375439071 639.1 -90.4 23 0.978 0 0 0.208
1441331131.405330289 639.1 -90.4 23 0.978 0 0 0.208
1441331131.435944940 639.1 -90.4 23 0.978 0 0 0.207
1441331131.465691848 639.1 -90.4 23 0.978 0 0 0.207
1441331131.495423490 639.1 -90.4 23 0.979 0 0 0.206
1441331131.525252612 639.1 -90.4 23 0.979 0 0 0.205
1441331131.555263411 639.1 -90.4 23 0.979 0 0 0.205
1441331131.588235414 639.1 -90.4 23 0.979 0 0 0.204
1441331131.615810833 639.1 -90.4 23 0.979 0 0 0.203
1441331131.645633777 639.1 -90.4 23 0.979 0 0 0.203
1441331131.675257341 639.1 -90.4 23 0.979 0 0 0.202
1441331131.708112541 639.1 -90.4 23 0.98 0 0 0.201
1441331131.738934496 639.2 -90.4 23 0.98 0 0 0.201
1441331131.768588304 639.2 -90.4 23 0.98 0 0 0.2
1441331131.798254819 639.2 -90.4 23 0.98 0 0 0.199
1441331131.831245965 639.2 -90.4 23 0.98 0 0 0.199
1441331131.858872162 639.1 -90.4 23 0.98 0 0 0.198
1441331131.888568310 639.1 -90.4 23 0.98 0 0 0.197
1441331131.918244419 639.2 -90.4 23 0.98 0 0 0.197
1441331131.954217160 639.2 -90.4 23 0.981 0 0 0.196
1441331131.981759736 639.2 -90.4 23 0.981 0 0 0.195
1441331132.014643107 639.2 -90.4 23 0.981 0 0 0.195
1441331132.044455699 639.2 -90.4 23 0.981 0 0 0.194
1441331132.074047898 639.2 -90.4 23 0.981 0 0 0.194
1441331132.104780805 639.2 -90.4 23 0.981 0 0 0.193
1441331132.134417772 639.2 -90.4 23 0.981 0 0 0.192
1441331132.164095194 639.2 -90.4 23 0.982 0 0 0.192
1441331132.194868914 639.2 -90.4 23 0.982 0 0 0.191
1441331132.221476888 639.2 -90.4 23 0.982 0 0 0.19
1441331132.254355241 639.2 -90.4 23 0.982 0 0 0.19
1441331132.284929545 639.2 -90.4 23 0.982 0 0 0.189
1441331132.317887605 639.2 -90.4 23 0.982 0 0 0.188
1441331132.344417010 639.2 -90.4 23 0.982 0 0 0.188
1441331132.377273720 639.2 -90.4 23 0.982 0 0 0.187
1441331132.404777454 639.2 -90.4 23 0.982 0 0 0.186
1441331132.437605838 639.2 -90.4 23 0.983 0 0 0.186
1441331132.467278310 639.2 -90.4 23 0.983 0 0 0.185
1441331132.496975529 639.2 -90.4 23 0.983 0 0 0.184
1441331132.524680237 639.2 -90.4 23 0.983 0 0 0.184
1441331132.557443470 639.2 -90.4 23 0.983 0 0 0.183
1441331132.587078769 639.2 -90.4 23 0.983 0 0 0.182
1441331132.617879083 639.2 -90.4 23 0.983 0 0 0.182
1441331132.647822896 639.2 -90.4 23 0.983 0 0 0.181
1441331132.677567190 639.2 -90.4 23 0.984 0 0 0.181
1441331132.707468650 639.2 -90.4 23 0.984 0 0 0.18
1441331132.737300883 639.2 -90.4 23 0.984 0 0 0.179
1441331132.767122980 639.2 -90.4 23 0.984 0 0 0.179
1441331132.797019983 639.2 -90.4 23 0.984 0 0 0.178
1441331132.824634504 639.2 -90.4 23 0.984 0 0 0.177
1441331132.857747992 639.2 -90.4 23 0.984 0 0 0.177
1441331132.887490574 639.2 -90.4 23 0.984 0 0 0.176
1441331132.917112987 639.2 -90.4 23 0.984 0 0 0.175
1441331132.944787571 639.2 -90.4 23 0.985 0 0 0.175
1441331132.977720383 639.2 -90.4 23 0.985 0 0 0.174
1441331133.007562445 639.2 -90.4 23 0.985 0 0 0.173
1441331133.037252838 639.2 -90.4 23 0.985 0 0 0.173
1441331133.066910228 639.2 -90.3 23 0.985 0 0 0.172
1441331133.097639476 639.3 -90.3 23 0.985 0 0 0.172
1441331133.127228493 639.2 -90.4 23 0.985 0 0 0.171
1441331133.157854229 639.2 -90.4 23 0.985 0 0 0.17
1441331133.190924612 639.2 -90.4 23 0.986 0 0 0.17
1441331133.222987237 639.2 -90.4 23 0.986 0 0 0.169
1441331133.250620466 639.3 -90.4 23 0.986 0 0 0.168
1441331133.283344914 639.3 -90.4 23 0.986 0 0 0.168
1441331133.310820965 639.3 -90.4 23 0.986 0 0 0.167
1441331133.343560025 639.3 -90.4 23 0.986 0 0 0.166
1441331133.373238658 639.3 -90.3 23 0.986 0 0 0.166
1441331133.403901148 639.3 -90.4 23 0.986 0 0 0.165
1441331133.433588202 639.2 -90.4 23 0.986 0 0 0.164
1441331133.466386178 639.3 -90.4 23 0.987 0 0 0.164
1441331133.493807499 639.3 -90.4 23 0.987 0 0 0.163
1441331133.526754528 639.3 -90.3 23 0.987 0 0 0.162
1441331133.556406916 639.3 -90.3 23 0.987 0 0 0.162
1441331133.586048141 639.3 -90.4 23 0.987 0 0 0.161
1441331133.616827225 639.3 -90.4 23 0.987 0 0 0.16
1441331133.646644457 639.3 -90.4 23 0.987 0 0 0.16
1441331133.676537175 639.3 -90.3 23 0.987 0 0 0.159
1441331133.706524961 639.3 -90.3 23 0.987 0 0 0.158
1441331133.736544302 639.3 -90.4 23 0.987 0 0 0.158
1441331133.769704240 639.3 -90.3 23 0.988 0 0 0.157
1441331133.796460330 639.3 -90.3 23 0.988 0 0 0.156
1441331133.829383779 639.3 -90.3 23 0.988 0 0 0.156
1441331133.859133194 639.3 -90.3 23 0.988 0 0 0.155
1441331133.892147200 639.3 -90.3 23 0.988 0 0 0.155
1441331133.919872202 639.3 -90.3 23 0.988 0 0 0.154
1441331133.954931010 639.3 -90.3 23 0.988 0 0 0.153
1441331133.982483403 639.3 -90.3 23 0.988 0 0 0.152
1441331134.015246951 639.3 -90.3 23 0.988 0 0 0.152
1441331134.042866020 639.3 -90.3 23 0.989 0 0 0.151
