15
TwoPointRotation
75 0 0
235.503 115.172 0
0 1 0
-20 0
TwoPointRotation
0 75 0
101.945 -98.8513 0
1 0 0
-20 0
TwoPointRotation
75 75 0
156.583 -107.748 0
-0.707107 -0.707107 0
20 0
TwoPointRotation
75 75 0
-21.2795 200.755 0
-0.707107 -0.707107 0
-20 0
TwoPointRotation
75 75 0
-145.862 125.735 0
-0.707107 -0.707107 0
-20 0
TwoPointRotation
75 0 0
128.383 71.1204 0
0 1 0
-20 0
TwoPointRotation
75 0 0
154.901 100.009 0
0 1 0
-20 0
TwoPointRotation
75 75 0
116.598 -79.5982 0
-0.707107 -0.707107 0
20 0
TwoPointRotation
75 0 0
-25.6111 18.5387 0
0 1 0
20 0
TwoPointRotation
75 75 0
178.049 -61.2494 0
-0.707107 -0.707107 0
20 0
TwoPointRotation
75 0 0
-91.5222 -42.0498 0
0 1 0
20 0
TwoPointRotation
75 75 0
129.812 -24.1555 0
-0.707107 -0.707107 0
20 0
TwoPointRotation
75 0 0
199.545 119.056 0
0 1 0
-20 0
