20
TwoPointRotation
75 75 0
86.2362 1.44661 0
-0.707107 -0.707107 0
20 0.5
TwoPointRotation
75 75 0
24.6416 108.758 0
-0.707107 -0.707107 0
-20 0.5
TwoPointRotation
75 75 0
-21.7144 60.1028 0
-0.707107 -0.707107 0
-20 0.5
TwoPointRotation
75 75 0
87.771 7.95794 0
-0.707107 -0.707107 0
20 0.5
TwoPointRotation
75 75 0
96.0394 1.21022 0
-0.707107 -0.707107 0
20 0.5
TwoPointRotation
75 75 0
11.3514 67.8971 0
-0.707107 -0.707107 0
-20 0.5
TwoPointRotation
75 75 0
-24.2978 58.7295 0
-0.707107 -0.707107 0
-20 0.5
TwoPointRotation
75 75 0
83.3609 20.311 0
-0.707107 -0.707107 0
20 0.5
TwoPointRotation
75 75 0
53.1567 -11.5721 0
-0.707107 -0.707107 0
20 0.5
TwoPointRotation
75 75 0
68.7794 10.2433 0
-0.707107 -0.707107 0
20 0.5
TwoPointRotation
75 75 0
118.749 10.4117 0
-0.707107 -0.707107 0
20 0.5
TwoPointRotation
75 75 0
136.25 -2.15671 0
-0.707107 -0.707107 0
20 0.5
TwoPointRotation
75 75 0
125.876 4.86215 0
-0.707107 -0.707107 0
20 0.5
TwoPointRotation
75 75 0
13.8443 64.6657 0
-0.707107 -0.707107 0
-20 0.5
TwoPointRotation
75 75 0
64.4204 8.59604 0
-0.707107 -0.707107 0
20 0.5
TwoPointRotation
75 75 0
22.3532 111.623 0
-0.707107 -0.707107 0
-20 0.5
TwoPointRotation
75 75 0
111.294 -1.33518 0
-0.707107 -0.707107 0
20 0.5
TwoPointRotation
75 75 0
21.1032 158.63 0
-0.707107 -0.707107 0
-20 0.5
TwoPointRotation
75 75 0
-38.614 61.9089 0
-0.707107 -0.707107 0
-20 0.5
TwoPointRotation
75 75 0
114.064 7.90362 0
-0.707107 -0.707107 0
20 0.5
