20
TwoPointRotation
75 75 0
-78.2584 188.546 0
-0.707107 -0.707107 0
-10 0.5
TwoPointRotation
75 75 0
-104.779 197.914 0
-0.707107 -0.707107 0
-10 0.5
TwoPointRotation
75 75 0
213.483 -132.48 0
-0.707107 -0.707107 0
10 0.5
TwoPointRotation
75 75 0
-22.0831 82.0437 0
-0.707107 -0.707107 0
-10 0.5
TwoPointRotation
75 75 0
222.407 -121.532 0
-0.707107 -0.707107 0
10 0.5
TwoPointRotation
75 75 0
-60.3433 184.306 0
-0.707107 -0.707107 0
-10 0.5
TwoPointRotation
75 75 0
116.783 -85.6396 0
-0.707107 -0.707107 0
10 0.5
TwoPointRotation
75 75 0
-6.34134 96.3169 0
-0.707107 -0.707107 0
-10 0.5
TwoPointRotation
75 75 0
-18.0021 109.027 0
-0.707107 -0.707107 0
-10 0.5
TwoPointRotation
75 75 0
197.69 -113.071 0
-0.707107 -0.707107 0
10 0.5
TwoPointRotation
75 75 0
-11.1762 76.047 0
-0.707107 -0.707107 0
-10 0.5
TwoPointRotation
75 75 0
-120.952 193.603 0
-0.707107 -0.707107 0
-10 0.5
