20
TwoPointRotation
75 75 0
127.332 8.94371 0
-0.707107 -0.707107 0
20 0.5
TwoPointRotation
75 75 0
66.4392 15.5644 0
-0.707107 -0.707107 0
20 0.5
TwoPointRotation
75 75 0
-45.893 56.3785 0
-0.707107 -0.707107 0
-20 0.5
TwoPointRotation
75 75 0
19.1859 149.237 0
-0.707107 -0.707107 0
-20 0.5
TwoPointRotation
75 75 0
-49.1222 54.6619 0
-0.707107 -0.707107 0
-20 0.5
TwoPointRotation
75 75 0
162.352 -9.37233 0
-0.707107 -0.707107 0
20 0.5
TwoPointRotation
75 75 0
109.968 8.45739 0
-0.707107 -0.707107 0
20 0.5
TwoPointRotation
75 75 0
85.4511 6.63871 0
-0.707107 -0.707107 0
20 0.5
TwoPointRotation
75 75 0
14.1937 189.629 0
-0.707107 -0.707107 0
-20 0.5
TwoPointRotation
75 75 0
47.6959 -33.2151 0
-0.707107 -0.707107 0
20 0.5
TwoPointRotation
75 75 0
88.3665 18.6076 0
-0.707107 -0.707107 0
20 0.5
TwoPointRotation
75 75 0
44.1361 -53.0545 0
-0.707107 -0.707107 0
20 0.5
TwoPointRotation
75 75 0
24.1997 158.279 0
-0.707107 -0.707107 0
-20 0.5
TwoPointRotation
75 75 0
129.686 -5.73533 0
-0.707107 -0.707107 0
20 0.5
TwoPointRotation
75 75 0
13.977 68.5307 0
-0.707107 -0.707107 0
-20 0.5
TwoPointRotation
75 75 0
126.279 5.04561 0
-0.707107 -0.707107 0
20 0.5
TwoPointRotation
75 75 0
125.719 2.7037 0
-0.707107 -0.707107 0
20 0.5
TwoPointRotation
75 75 0
21.2649 107.622 0
-0.707107 -0.707107 0
-20 0.5
TwoPointRotation
75 75 0
158.301 -6.09784 0
-0.707107 -0.707107 0
20 0.5
TwoPointRotation
75 75 0
108.278 4.12884 0
-0.707107 -0.707107 0
20 0.5
