15
TwoPointRotation
75 75 0
74.1451 -65.6481 0
-0.707107 -0.707107 0
20 0
TwoPointRotation
75 0 0
262.84 189.521 0
0 1 0
-20 0
TwoPointRotation
75 0 0
170.131 141.959 0
0 1 0
-20 0
TwoPointRotation
75 0 0
-85.5234 102.033 0
0 1 0
20 0
TwoPointRotation
75 75 0
-118.599 126.719 0
-0.707107 -0.707107 0
-20 0
TwoPointRotation
75 75 0
168.867 -85.1346 0
-0.707107 -0.707107 0
20 0
TwoPointRotation
75 0 0
186.18 119.441 0
0 1 0
-20 0
TwoPointRotation
75 75 0
105.761 -64.3028 0
-0.707107 -0.707107 0
20 0
TwoPointRotation
75 75 0
-98.0178 107.634 0
-0.707107 -0.707107 0
-20 0
TwoPointRotation
75 0 0
234.213 123.796 0
0 1 0
-20 0
TwoPointRotation
75 75 0
-80.0215 125.246 0
-0.707107 -0.707107 0
-20 0
TwoPointRotation
0 75 0
106.485 140.641 0
1 0 0
20 0
TwoPointRotation
75 75 0
116.598 -79.5982 0
-0.707107 -0.707107 0
20 0
TwoPointRotation
0 75 0
109.55 -119.745 0
1 0 0
-20 0
TwoPointRotation
0 75 0
127.636 143.988 0
1 0 0
20 0
