15
586.859 -38.7108 8.56225 0.356702 0.00113817 0.00178452 0.934216
525.251 20.9488 8.81285 0.293994 -0.000961506 0.000284711 0.955807
379
1441385408.133386930 -2.24426 -2.09764
1441385408.141611257 -2.25334 -2.12046
1441385408.151462369 -2.14332 -2.06635
1441385408.161560773 -2.22138 -2.15247
1441385408.171420088 -2.20324 -2.07414
1441385408.181577506 -2.23504 -2.11343
1441385408.191408045 -2.24307 -2.1397
1441385408.201666833 -2.02764 -1.99505
1441385408.211681632 -0.947279 -1.61351
1441385408.221560668 -0.877412 -1.34761
1441385408.231759709 -0.548063 -1.33885
1441385408.241793463 -0.831033 -1.42014
1441385408.251547775 -0.94258 -1.00894
1441385408.261557510 -1.21322 0.159374
1441385408.271505055 -1.47897 0.43146
1441385408.281340022 -1.5659 0.414791
1441385408.291625509 -1.23107 0.954301
1441385408.301882290 -1.0307 0.673347
1441385408.311658478 -1.06035 -0.219185
1441385408.321492571 -1.04658 -0.140368
1441385408.331756350 -0.843151 0.013145
1441385408.341794549 -0.927182 -0.172176
1441385408.351492186 -1.01132 -0.148515
1441385408.361470165 -0.945726 -0.027922
1441385408.371669701 -0.95866 -0.247977
1441385408.381434303 -1.01528 -0.32875
1441385408.391807140 -0.996446 -0.252036
1441385408.401730919 -0.983361 -0.312744
1441385408.411654277 -0.885182 -0.212739
1441385408.421284739 -1.07846 -0.382902
1441385408.431777919 -0.875005 -0.123728
1441385408.441670486 -1.01856 -0.243752
1441385408.451484516 -1.03933 -0.33592
1441385408.461516832 -1.00886 -0.18674
1441385408.471774583 -1.01989 -0.373403
1441385408.481272470 -1.02831 -0.359644
1441385408.491196635 -1.00438 -0.268401
1441385408.501478129 -0.995398 -0.297101
1441385408.511724108 -1.03232 -0.348399
1441385408.521540815 -0.860711 -0.297277
1441385408.531794325 -0.959864 -0.387518
1441385408.541592715 -0.865112 -0.319078
1441385408.551604223 -0.994136 -0.344854
1441385408.561857358 -0.985499 -0.323788
1441385408.571566917 -0.967435 -0.252105
1441385408.581548575 -0.963425 -0.324833
1441385408.591412396 -0.94792 -0.333738
1441385408.601685056 -0.974895 -0.366195
1441385408.611634409 -0.979796 -0.414626
1441385408.621614674 -0.915252 -0.377068
1441385408.631775887 -0.946614 -0.368067
1441385408.641499015 -0.914874 -0.299688
1441385408.651583949 -1.01325 -0.372896
1441385408.661394848 -1.00233 -0.465414
1441385408.671706243 -1.03277 -0.402956
1441385408.681554578 -0.954826 -0.411716
1441385408.691402547 -1.09885 -0.420914
1441385408.701498106 -1.07136 -0.323078
1441385408.711452279 -1.02313 -0.33926
1441385408.721433094 -0.924608 -0.464699
1441385408.731761939 -1.04458 -0.391295
1441385408.741677253 -0.927904 -0.377064
1441385408.751532565 -0.944075 -0.373071
1441385408.761754333 -1.00322 -0.354687
1441385408.771704548 -0.90274 -0.368024
1441385408.781495139 -0.870878 -0.389004
1441385408.791425539 -1.04456 -0.497893
1441385408.801754976 -1.00682 -0.471108
1441385408.811575982 -0.948675 -0.403898
1441385408.821448919 -1.01811 -0.448568
1441385408.831806772 -0.989863 -0.354228
1441385408.841668197 -1.01597 -0.375165
1441385408.851235957 -1.07302 -0.488682
1441385408.861246269 -0.882978 -0.297737
1441385408.871767227 -1.02586 -0.437135
1441385408.881589617 -0.987992 -0.407758
1441385408.891452189 -1.01579 -0.265154
1441385408.901789109 -0.994763 -0.270433
1441385408.911311628 -0.992602 -0.33093
1441385408.921269170 -1.02604 -0.366524
1441385408.931556784 -1.06658 -0.331387
1441385408.941610863 -0.996699 -0.298935
1441385408.951536863 -0.986635 -0.410319
1441385408.961540226 -1.02182 -0.36485
1441385408.971417479 -0.976521 -0.365068
1441385408.981557998 -0.957211 -0.512103
1441385408.991566373 -0.918863 -0.529688
1441385409.001762115 -0.922289 -0.36078
1441385409.011779059 -0.873567 -0.320251
1441385409.021437887 -0.942314 -0.295366
1441385409.031499765 -0.966714 -0.334112
1441385409.041734749 -0.976308 -0.352355
1441385409.051496608 -0.950893 -0.398444
1441385409.061784895 -0.920813 -0.361486
1441385409.071589925 -0.884707 -0.285967
1441385409.081552805 -0.858935 -0.287718
1441385409.091776091 -0.948758 -0.29764
1441385409.101690624 -0.873251 -0.240054
1441385409.111504940 -0.904551 -0.379719
1441385409.121498416 -0.824516 -0.372263
1441385409.131688740 -0.871699 -0.268961
1441385409.141647862 -0.876951 -0.325349
1441385409.151422998 -0.91856 -0.322506
1441385409.161770691 -1.01291 -0.324093
1441385409.171630567 -1.09194 -0.312962
1441385409.181581941 -1.04685 -0.340472
1441385409.191136001 -1.07507 -0.407292
1441385409.201772918 -0.990205 -0.344313
1441385409.211646426 -0.965984 -0.34186
1441385409.221552374 -0.891006 -0.278241
1441385409.231716714 -1.0759 -0.382608
1441385409.241635141 -0.966938 -0.339837
1441385409.251421929 -0.90072 -0.330699
1441385409.261514999 -0.989712 -0.456574
1441385409.271674959 -0.872478 -0.353318
1441385409.281450516 -0.957104 -0.433228
1441385409.292025911 -0.9485 -0.534521
1441385409.301734333 -1.0417 -0.484498
1441385409.311574514 -1.00267 -0.501153
1441385409.321515879 -1.01428 -0.521735
1441385409.331770878 -0.978703 -0.490725
1441385409.341586773 -1.00094 -0.551087
1441385409.351622737 -0.871639 -0.472621
1441385409.362011120 -0.987576 -0.449262
1441385409.371621129 -0.958352 -0.376427
1441385409.381524687 -1.12041 -0.419366
1441385409.391851908 -0.971858 -0.419743
1441385409.401462974 -1.04598 -0.411524
1441385409.411344924 -1.05083 -0.416048
1441385409.421441151 -0.986829 -0.463367
1441385409.431698661 -0.881474 -0.467509
1441385409.441650425 -0.907457 -0.511271
1441385409.451483855 -0.843988 -0.448331
1441385409.461793096 -0.920747 -0.392066
1441385409.471682856 -1.01728 -0.63744
1441385409.481548877 -0.971754 -0.508953
1441385409.491415388 -0.936734 -0.46574
1441385409.501788782 -0.971306 -0.584509
1441385409.511621861 -1.03617 -0.445355
1441385409.521527374 -0.972679 -0.394589
1441385409.531739689 -0.93309 -0.477183
1441385409.541525711 -0.976507 -0.559786
1441385409.551388459 -0.903062 -0.482996
1441385409.561537950 -0.971168 -0.450205
1441385409.571683556 -0.962052 -0.429449
1441385409.581675965 -1.0548 -0.398073
1441385409.591423616 -0.955854 -0.415774
1441385409.601855184 -0.973592 -0.406319
1441385409.611575593 -1.00655 -0.469117
1441385409.621503167 -0.943014 -0.410948
1441385409.631805796 -0.937829 -0.352568
1441385409.641689929 -0.937578 -0.349499
1441385409.651633774 -0.916505 -0.320092
1441385409.661790969 -0.912188 -0.347547
1441385409.671718616 -0.948915 -0.351849
1441385409.681289657 -0.870153 -0.232014
1441385409.691196764 -0.919624 -0.39549
1441385409.701515022 -0.893058 -0.430293
1441385409.711389818 -0.921323 -0.298646
1441385409.721507621 -0.781993 -0.271195
1441385409.731855975 -0.959767 -0.335294
1441385409.741636866 -0.898113 -0.23729
1441385409.751447037 -0.974481 -0.233727
1441385409.761503317 -0.903302 -0.46152
1441385409.771598196 -0.940286 -0.47759
1441385409.781566730 -0.886269 -0.328638
1441385409.791867946 -0.859879 -0.307993
1441385409.801890043 -0.895155 -0.34041
1441385409.811575606 -0.947733 -0.292622
1441385409.821490726 -0.911645 -0.248833
1441385409.831728971 -0.961702 -0.175633
1441385409.841621965 -1.02149 -0.26175
1441385409.851532533 -0.983108 -0.182619
1441385409.861849246 -1.00422 -0.176421
1441385409.871672793 -1.0092 -0.218236
1441385409.881695541 -1.03436 -0.295625
1441385409.891870420 -0.933016 -0.209182
1441385409.901485928 -0.981967 -0.196053
1441385409.911657685 -0.944131 -0.216476
1441385409.921510951 -0.904341 -0.256681
1441385409.931800590 -0.842392 -0.342893
1441385409.941708730 -0.790053 -0.35904
1441385409.951505214 -0.886085 -0.374194
1441385409.961749820 -0.998693 -0.369069
1441385409.971677974 -0.971398 -0.310101
1441385409.981565054 -1.02169 -0.345079
1441385409.991811754 -1.00187 -0.397568
1441385410.001766570 -0.95052 -0.312256
1441385410.011605317 -1.05606 -0.41439
1441385410.021406745 -1.03248 -0.372677
1441385410.031801417 -1.04339 -0.374582
1441385410.041673537 -1.04262 -0.465945
1441385410.051449669 -1.03371 -0.406048
1441385410.061495031 -1.10197 -0.354426
1441385410.071782179 -1.13947 -0.287167
1441385410.081670241 -1.13436 -0.363713
1441385410.091888936 -1.0461 -0.431187
1441385410.101810055 -1.0236 -0.418992
1441385410.111336078 -1.02015 -0.477803
1441385410.121451312 -0.925271 -0.504166
1441385410.131883690 -0.976077 -0.488281
1441385410.141564890 -1.0147 -0.484876
1441385410.151544287 -1.05088 -0.590187
1441385410.161867004 -1.10443 -0.580629
1441385410.171438542 -1.07765 -0.44263
1441385410.181678309 -1.05465 -0.507187
1441385410.191449305 -1.06609 -0.521024
1441385410.201717635 -1.07984 -0.497789
1441385410.211803573 -1.11533 -0.544491
1441385410.221490827 -1.05453 -0.505477
1441385410.231905184 -1.05123 -0.5589
1441385410.241666544 -0.951147 -0.492249
1441385410.251540648 -0.983907 -0.482751
1441385410.261762241 -1.09429 -0.624173
1441385410.271898917 -1.19451 -0.530071
1441385410.281605188 -1.07922 -0.424181
1441385410.291361169 -1.03864 -0.486853
1441385410.301667844 -1.07877 -0.597003
1441385410.311638607 -1.18998 -0.552953
1441385410.321478993 -1.14349 -0.461261
1441385410.331563444 -1.17683 -0.498173
1441385410.341616608 -1.16329 -0.550388
1441385410.351534879 -1.1287 -0.553589
1441385410.361409895 -1.11711 -0.458769
1441385410.371959144 -1.08548 -0.487629
1441385410.381587592 -1.05145 -0.578858
1441385410.391362808 -1.14474 -0.619251
1441385410.401939165 -1.02286 -0.525057
1441385410.411606180 -1.08265 -0.556432
1441385410.421489492 -1.06935 -0.638494
1441385410.431824135 -1.04669 -0.610918
1441385410.441613143 -1.13211 -0.720457
1441385410.451256017 -1.13296 -0.62319
1441385410.461609239 -1.08681 -0.526912
1441385410.471463958 -1.04982 -0.627166
1441385410.481467877 -1.10247 -0.630337
1441385410.491440171 -1.0415 -0.581153
1441385410.501747742 -1.08884 -0.64455
1441385410.511625134 -1.06672 -0.596142
1441385410.521492458 -1.12112 -0.527422
1441385410.531746640 -1.09083 -0.478215
1441385410.541705135 -1.17956 -0.521158
1441385410.551573200 -1.16978 -0.571403
1441385410.561824426 -1.18597 -0.634579
1441385410.571859838 -1.14102 -0.662101
1441385410.581708084 -1.19627 -0.523587
1441385410.591490836 -1.15606 -0.473309
1441385410.601758881 -1.19201 -0.518867
1441385410.611771656 -1.1383 -0.495427
1441385410.621560133 -1.1268 -0.515635
1441385410.631832813 -1.11069 -0.603663
1441385410.641702212 -1.19936 -0.639336
1441385410.651490328 -1.03874 -0.493318
1441385410.661206339 -1.07242 -0.508445
1441385410.671548647 -1.08785 -0.55408
1441385410.681410537 -1.22883 -0.497792
1441385410.691257109 -1.23973 -0.506975
1441385410.701900418 -1.18128 -0.521557
1441385410.711867732 -1.11494 -0.529974
1441385410.721301113 -1.0851 -0.566885
1441385410.731699872 -0.981119 -0.456805
1441385410.741765763 -1.12432 -0.46609
1441385410.751606736 -1.07576 -0.435299
1441385410.762071239 -1.15297 -0.492773
1441385410.771916207 -1.18514 -0.456337
1441385410.781503058 -1.15553 -0.389259
1441385410.791385240 -1.25233 -0.494546
1441385410.801617372 -1.13978 -0.367942
1441385410.811568745 -1.23562 -0.434861
1441385410.821492640 -1.2394 -0.543383
1441385410.831390384 -1.14081 -0.351353
1441385410.841674135 -1.16058 -0.392283
1441385410.851452849 -1.08869 -0.490932
1441385410.861369437 -1.01686 -0.437387
1441385410.871643636 -1.0739 -0.50395
1441385410.881786286 -1.04562 -0.539665
1441385410.891544117 -1.03003 -0.461479
1441385410.901846000 -1.13536 -0.50428
1441385410.911579424 -1.03472 -0.357297
1441385410.921485462 -1.12499 -0.38052
1441385410.931882500 -1.0702 -0.482802
1441385410.941440203 -0.998538 -0.390212
1441385410.951560391 -1.00073 -0.337351
1441385410.961467182 -1.02692 -0.388999
1441385410.971655708 -1.11242 -0.404996
1441385410.981525618 -1.19844 -0.514114
1441385410.991535049 -1.27662 -0.491914
1441385411.001778137 -1.17948 -0.451794
1441385411.011661127 -1.12031 -0.470142
1441385411.021530135 -1.04956 -0.398906
1441385411.031760542 -1.09718 -0.3252
1441385411.041940734 -1.13556 -0.412902
1441385411.051627255 -1.21483 -0.464293
1441385411.061365381 -1.21346 -0.47639
1441385411.071756083 -1.23849 -0.544699
1441385411.081800326 -1.17176 -0.583547
1441385411.091582980 -1.15119 -0.483793
1441385411.101800563 -1.14089 -0.541466
1441385411.111754130 -1.08344 -0.544606
1441385411.121534488 -1.12202 -0.581542
1441385411.131521053 -1.11443 -0.565614
1441385411.141747873 -1.13272 -0.556501
1441385411.151553077 -1.07448 -0.528225
1441385411.161464127 -1.04901 -0.546371
1441385411.171748911 -1.1038 -0.611587
1441385411.181544690 -1.03177 -0.569166
1441385411.191579871 -1.10626 -0.591066
1441385411.201513012 -1.08202 -0.545163
1441385411.211745355 -1.11351 -0.542929
1441385411.221562102 -1.07135 -0.599814
1441385411.231844729 -1.01409 -0.484761
1441385411.241763166 -1.01219 -0.427988
1441385411.251592232 -1.05457 -0.455027
1441385411.261591682 -1.13706 -0.518627
1441385411.271851592 -1.18507 -0.513947
1441385411.281430498 -1.24626 -0.517629
1441385411.291518985 -1.06244 -0.414497
1441385411.301907388 -1.21574 -0.606751
1441385411.311639584 -1.12203 -0.637927
1441385411.321683856 -0.999942 -0.4599
1441385411.331471597 -0.885246 -0.532801
1441385411.341769240 -1.00986 -0.628265
1441385411.351608554 -1.07904 -0.671673
1441385411.361609516 -0.957238 -0.570787
1441385411.371767477 -1.081 -0.657065
1441385411.381614700 -1.0647 -0.614465
1441385411.391554560 -0.993545 -0.411955
1441385411.401491946 -1.02445 -0.481605
1441385411.411808939 -1.10525 -0.610818
1441385411.421541582 -1.02984 -0.511563
1441385411.431187380 -1.08029 -0.511075
1441385411.441755762 -1.02707 -0.560976
1441385411.451636723 -1.11186 -0.560285
1441385411.461461769 -1.04271 -0.400234
1441385411.471853624 -1.08937 -0.42499
1441385411.481825670 -1.0871 -0.490257
1441385411.491578651 -1.08523 -0.514095
1441385411.501987651 -1.09313 -0.490988
1441385411.511743908 -1.05111 -0.532031
1441385411.521620543 -1.11294 -0.558878
1441385411.531884263 -1.13959 -0.544914
1441385411.541746956 -1.11052 -0.494914
1441385411.551603715 -1.09826 -0.494066
1441385411.561463733 -1.04115 -0.523949
1441385411.571473035 -0.979133 -0.502112
1441385411.581658534 -1.05808 -0.6038
1441385411.591517944 -1.17849 -0.713813
1441385411.601854407 -1.03503 -0.502872
1441385411.611646447 -1.04494 -0.478109
1441385411.621652146 -1.06729 -0.501838
1441385411.632084494 -0.905791 -0.430967
1441385411.641828975 -1.04724 -0.576417
1441385411.651327188 -0.893803 -0.559243
1441385411.661621416 -1.01029 -0.493983
1441385411.671884950 -0.866512 -0.471341
1441385411.681869064 -1.03836 -0.559132
1441385411.691548749 -0.943916 -0.423378
1441385411.701934732 -0.952474 -0.230669
1441385411.711511147 -0.974494 -0.298803
1441385411.721573728 -1.01258 -0.325256
1441385411.731494410 -1.04195 -0.317567
1441385411.741639065 -1.06645 -0.309579
1441385411.751632881 -1.08823 -0.264559
1441385411.761570172 -1.11349 -0.246982
1441385411.771772580 -1.15625 -0.308112
1441385411.781735885 -1.14358 -0.376272
1441385411.791496758 -1.08903 -0.295422
1441385411.801778399 -1.07765 -0.370369
1441385411.811862043 -0.941491 -0.415128
1441385411.821565147 -0.989634 -0.542745
1441385411.831531911 -0.977747 -0.467618
1441385411.841808064 -1.01383 -0.402971
1441385411.851616868 -0.98695 -0.494534
1441385411.861544832 -1.01275 -0.531349
1441385411.871998094 -1.00012 -0.365683
1441385411.881844079 -0.982965 -0.324717
1441385411.891498596 -1.06495 -0.43772
1441385411.901773056 -1.06258 -0.399487
1441385411.911692319 -1.12579 -0.37806
125
1441385408.133393866 366.7 -209 21.1 0.357 0 0 0.934
1441385408.172835825 366.7 -209 21.1 0.357 0 0 0.934
1441385408.202931901 366.7 -209 21.1 0.357 0 0 0.934
1441385408.233098984 366.7 -209 21.1 0.357 0 0 0.934
1441385408.263115523 366.7 -209 21 0.356 0 0 0.934
1441385408.295399116 366.7 -209 21 0.356 0 0 0.935
1441385408.323269862 366.7 -209 21.1 0.355 0 0 0.935
1441385408.355921565 366.7 -209 21.1 0.355 0 0 0.935
1441385408.386028879 366.7 -209 21.1 0.354 0 0 0.935
1441385408.416372564 366.7 -209 21.1 0.353 0 0 0.936
1441385408.446294851 366.7 -209 21.1 0.353 0 0 0.936
1441385408.475665708 366.7 -209 21.1 0.352 0 0 0.936
1441385408.505825103 366.7 -209 21.1 0.351 0 0 0.936
1441385408.535829008 366.7 -209 21.1 0.351 0 0 0.936
1441385408.566034740 366.7 -209 21.1 0.35 0 0 0.937
1441385408.596256819 366.7 -209 21.1 0.35 0 0 0.937
1441385408.626308810 366.7 -209 21.1 0.349 0 0 0.937
1441385408.656061194 366.7 -209 21.1 0.348 0 0 0.937
1441385408.686422996 366.7 -209 21.1 0.348 0 0 0.938
1441385408.718585629 366.7 -209 21.1 0.347 0 0 0.938
1441385408.746191760 366.7 -209 21.1 0.346 0 0 0.938
1441385408.778927040 366.7 -209 21.1 0.346 0 0 0.938
1441385408.809495034 366.7 -209 21.1 0.345 0 0 0.939
1441385408.838838709 366.7 -209 21.1 0.345 0 0 0.939
1441385408.869463519 366.7 -209 21.1 0.344 0 0 0.939
1441385408.901885271 366.7 -209 21.1 0.343 0 0 0.939
1441385408.928984123 366.7 -209 21.1 0.343 0 0 0.939
1441385408.961764604 366.7 -209 21.1 0.342 0 0 0.94
1441385408.988946179 366.7 -209 21.1 0.341 0 0 0.94
1441385409.022261214 366.7 -209 21.1 0.341 0 0 0.94
1441385409.048359149 366.7 -209 21.1 0.34 0 0 0.94
1441385409.079485929 366.7 -209 21.1 0.34 0 0 0.941
1441385409.108485900 366.7 -209 21.1 0.339 0 0 0.941
1441385409.141982866 366.7 -209 21.1 0.338 0 0 0.941
1441385409.168706377 366.7 -209 21.1 0.338 0 0 0.941
1441385409.201782275 366.7 -209 21.1 0.337 0 0 0.941
1441385409.232216619 366.7 -209 21.1 0.336 0 0 0.942
1441385409.262465135 366.7 -209 21.1 0.336 0 0 0.942
1441385409.292289064 366.7 -209 21.1 0.335 0 0 0.942
1441385409.321682168 366.7 -209 21.1 0.335 0 0 0.942
1441385409.352021699 366.7 -209 21.1 0.334 0 0 0.943
1441385409.382254097 366.7 -209 21.1 0.333 0 0 0.943
1441385409.411647435 366.7 -209 21.1 0.333 0 0 0.943
1441385409.445092047 366.7 -209 21.1 0.332 0 0 0.943
1441385409.471700652 366.7 -209 21.1 0.331 0 0 0.943
1441385409.505103070 366.7 -209 21.1 0.331 0 0 0.944
1441385409.531925714 366.7 -209 21.1 0.33 0 0 0.944
1441385409.561762148 366.7 -209 21.1 0.33 0 0 0.944
1441385409.592007856 366.7 -209 21.1 0.329 0 0 0.944
1441385409.624787977 366.7 -209 21.1 0.328 0 0 0.945
1441385409.652215638 366.7 -209 21.1 0.328 0 0 0.945
1441385409.684915470 366.7 -209 21.1 0.327 0 0 0.945
1441385409.711710210 366.7 -209 21.1 0.327 0 0 0.945
1441385409.744581505 366.7 -209 21.1 0.326 0 0 0.945
1441385409.774519361 366.7 -209 21.1 0.325 0 0 0.946
1441385409.807831480 366.7 -209 21.1 0.325 0 0 0.946
1441385409.838127390 366.7 -209 21.1 0.324 0 0 0.946
1441385409.868173167 366.7 -209 21.1 0.323 0 0 0.946
1441385409.897738400 366.7 -209 21.1 0.323 0 0 0.946
1441385409.927966291 366.7 -209 21.1 0.322 0 0 0.947
1441385409.958350365 366.7 -209 21.1 0.322 0 0 0.947
1441385409.988355162 366.7 -209 21.1 0.321 0 0 0.947
1441385410.017398128 366.7 -209 21.1 0.32 0 0 0.947
1441385410.047815467 366.7 -209 21.1 0.32 0 0 0.948
1441385410.078191939 366.7 -209 21.1 0.319 0 0 0.948
1441385410.110758216 366.7 -209 21.1 0.318 0 0 0.948
1441385410.137712324 366.7 -209 21.1 0.318 0 0 0.948
1441385410.170069763 366.7 -209 21.1 0.317 0 0 0.948
1441385410.197839209 366.7 -209 21.1 0.317 0 0 0.949
1441385410.231367071 366.7 -209 21.1 0.316 0 0 0.949
1441385410.258432838 366.7 -209 21.1 0.315 0 0 0.949
1441385410.290887996 366.7 -209 21.1 0.315 0 0 0.949
1441385410.317767132 366.7 -209 21.1 0.314 0 0 0.949
1441385410.350784620 366.7 -209 21.1 0.313 0 0 0.95
1441385410.380894541 366.7 -209 21.1 0.313 0 0 0.95
1441385410.411015300 366.7 -209 21.1 0.312 0 0 0.95
1441385410.438037722 366.7 -209 21.1 0.312 0 0 0.95
1441385410.470331973 366.7 -209 21.1 0.311 0 0 0.95
1441385410.497946249 366.7 -209 21.1 0.31 0 0 0.951
1441385410.531404344 366.7 -209 21.1 0.31 0 0 0.951
1441385410.557327025 366.7 -209 21.1 0.309 0 0 0.951
1441385410.590820212 366.7 -209 21.1 0.308 0 0 0.951
1441385410.617895526 366.7 -209 21.1 0.308 0 0 0.951
1441385410.651472998 366.7 -209 21.1 0.307 0 0 0.952
1441385410.677431179 366.7 -209 21.1 0.307 0 0 0.952
1441385410.708424437 366.7 -209 21.1 0.306 0 0 0.952
1441385410.738355609 366.7 -209 21.1 0.305 0 0 0.952
1441385410.771027368 366.7 -209 21.1 0.305 0 0 0.952
1441385410.800751943 366.7 -209 21.1 0.304 0 0 0.953
1441385410.830870267 366.7 -209 21.1 0.303 0 0 0.953
1441385410.860742238 366.7 -209 21.1 0.303 0 0 0.953
1441385410.894147071 366.7 -209 21.1 0.302 0 0 0.953
1441385410.921090259 366.7 -209 21.1 0.302 0 0 0.953
1441385410.954401526 366.7 -209 21.1 0.301 0 0 0.954
1441385410.981507235 366.7 -209 21.1 0.3 0 0 0.954
1441385411.014040510 366.7 -209 21.1 0.3 0 0 0.954
1441385411.041006716 366.7 -209 21.1 0.299 0 0 0.954
1441385411.073630074 366.7 -209 21.1 0.298 0 0 0.954
1441385411.101396164 366.7 -209 21.1 0.298 0 0 0.955
1441385411.133795644 366.7 -209 21.1 0.297 0 0 0.955
1441385411.163882369 366.7 -209 21.1 0.296 0 0 0.955
1441385411.193822122 366.7 -209 21.1 0.296 0 0 0.955
1441385411.221355725 366.7 -209 21.1 0.295 0 0 0.955
1441385411.253890663 366.7 -209 21.1 0.295 0 0 0.956
1441385411.281126784 366.7 -209 21.1 0.294 0 0 0.956
1441385411.313612768 366.7 -209 21.1 0.293 0 0 0.956
1441385411.341440726 366.7 -209 21.1 0.293 0 0 0.956
1441385411.373894557 366.7 -209 21.1 0.292 0 0 0.956
1441385411.403883682 366.7 -209 21.1 0.291 0 0 0.957
1441385411.436676680 366.7 -209 21.1 0.291 0 0 0.957
1441385411.463293416 366.7 -209 21.1 0.29 0 0 0.957
1441385411.496921040 366.7 -209 21.1 0.29 0 0 0.957
1441385411.523892272 366.7 -209 21.1 0.289 0 0 0.957
1441385411.557360833 366.7 -209 21.1 0.288 0 0 0.958
1441385411.584111762 366.7 -209 21.1 0.288 0 0 0.958
1441385411.613410117 366.7 -209 21.1 0.287 0 0 0.958
1441385411.643338893 366.7 -209 21.1 0.287 0 0 0.958
1441385411.674239205 366.7 -209 21.1 0.286 0 0 0.958
1441385411.703659657 366.7 -209 21.1 0.285 0 0 0.958
1441385411.733623535 366.7 -209 21.1 0.285 0 0 0.959
1441385411.764036275 366.7 -209 21.1 0.284 0 0 0.959
1441385411.793837682 366.7 -209 21.1 0.283 0 0 0.959
1441385411.824100605 366.7 -209 21.1 0.283 0 0 0.959
1441385411.856759250 366.7 -209 21.1 0.282 0 0 0.959
1441385411.886839296 366.7 -209 21.1 0.281 0 0 0.96
630.546 44.694 9.21611 0.383574 0.000201 -0.00193003 0.923508
620.831 22.7589 9.01046 0.456468 0.000835804 -0.00187443 0.889737
378
1441385451.907275227 -0.563197 0.156491
1441385451.909249499 -0.50755 0.180312
1441385451.919622085 -0.566471 0.122959
1441385451.929243124 -0.562116 0.143578
1441385451.939120059 -0.485351 0.209658
1441385451.949509200 -0.552154 0.14596
1441385451.959478675 -0.643141 0.111985
1441385451.969401292 -0.536489 0.147981
1441385451.979169832 -0.615999 0.095851
1441385451.989579134 -1.0723 -0.663636
1441385451.999374241 -0.8553 -0.461993
1441385452.009232809 0.281475 -0.520867
1441385452.019512921 0.886104 -1.3318
1441385452.029549066 1.44704 -1.77607
1441385452.039386014 0.85841 -1.55129
1441385452.049647063 1.7352 -0.950831
1441385452.059596020 2.43475 -0.564118
1441385452.069469354 0.773996 -1.32986
1441385452.079717061 0.576488 -1.2838
1441385452.089687272 0.872231 -1.13887
1441385452.099499814 0.453916 -1.30312
1441385452.109269338 0.601478 -1.30479
1441385452.119382008 0.792995 -1.29174
1441385452.129571637 0.839312 -1.25554
1441385452.139286197 0.932415 -1.1343
1441385452.149393216 0.689638 -1.26196
1441385452.159591589 0.545492 -1.35464
1441385452.169133919 0.646029 -1.30764
1441385452.179482913 0.579115 -1.34705
1441385452.189642549 0.382491 -1.35578
1441385452.199491735 0.607508 -1.15559
1441385452.209404549 0.56629 -1.25225
1441385452.219807009 0.614493 -1.30681
1441385452.229268333 0.572576 -1.39584
1441385452.239151850 0.462407 -1.35839
1441385452.249403268 0.398139 -1.3328
1441385452.259476642 0.36768 -1.30306
1441385452.269576098 0.358205 -1.33396
1441385452.279235837 0.551414 -1.26879
1441385452.289558558 0.522904 -1.32037
1441385452.299439032 0.511336 -1.30074
1441385452.309388672 0.375556 -1.35098
1441385452.319635993 0.502377 -1.26118
1441385452.329622492 0.412036 -1.33631
1441385452.339443814 0.370231 -1.37589
1441385452.349264597 0.470243 -1.26084
1441385452.359496698 0.40266 -1.32769
1441385452.369470788 0.407079 -1.33431
1441385452.379215674 0.452296 -1.33732
1441385452.389514481 0.275996 -1.39939
1441385452.399376677 0.468327 -1.27331
1441385452.409305979 0.404541 -1.44208
1441385452.419594902 0.434489 -1.63139
1441385452.429643906 0.371217 -1.71008
1441385452.439467358 0.2534 -1.66794
1441385452.449093585 0.31419 -1.43684
1441385452.459547669 0.314432 -1.26559
1441385452.469481437 0.308963 -1.32767
1441385452.479328684 0.401601 -1.37063
1441385452.489627781 0.304279 -1.45055
1441385452.499501203 0.314417 -1.43687
1441385452.509202381 0.369548 -1.38704
1441385452.519078886 0.344775 -1.40719
1441385452.529531184 0.353766 -1.44307
1441385452.539350857 0.36338 -1.43101
1441385452.549377039 0.164303 -1.49148
1441385452.559568552 0.273959 -1.41819
1441385452.569243737 0.320439 -1.42228
1441385452.579299561 0.266973 -1.46877
1441385452.589646438 0.518149 -1.39022
1441385452.599391605 0.223296 -1.574
1441385452.609497249 0.195291 -1.51164
1441385452.619356474 0.344942 -1.4627
1441385452.629428637 0.11264 -1.56434
1441385452.639534251 0.036366 -1.51683
1441385452.649361322 0.401638 -1.34299
1441385452.659554227 0.024021 -1.59016
1441385452.669486627 0.301129 -1.53806
1441385452.679325941 0.443919 -1.48784
1441385452.689522596 0.135731 -1.58479
1441385452.699706686 0.22173 -1.49015
1441385452.709513676 0.338529 -1.49593
1441385452.719736085 0.16421 -1.55482
1441385452.729330310 0.272914 -1.41493
1441385452.739453508 0.363278 -1.38666
1441385452.749408961 0.187352 -1.49273
1441385452.759602468 0.243056 -1.4156
1441385452.769492961 0.229619 -1.42908
1441385452.779286388 0.207094 -1.4757
1441385452.789404683 0.154279 -1.59239
1441385452.799551066 0.270956 -1.54003
1441385452.809444580 0.278556 -1.5452
1441385452.819401972 0.162772 -1.56585
1441385452.829545470 0.215239 -1.47946
1441385452.839386643 0.095365 -1.5457
1441385452.849367519 0.352979 -1.42964
1441385452.859631393 0.129009 -1.50207
1441385452.869557504 0.214586 -1.47433
1441385452.879241985 0.225788 -1.50705
1441385452.889613168 0.290858 -1.50826
1441385452.899536471 0.243226 -1.54349
1441385452.909360771 0.221031 -1.55071
1441385452.919347661 0.303795 -1.46955
1441385452.929508042 0.273266 -1.51013
1441385452.939423366 0.212251 -1.45935
1441385452.949289348 0.413087 -1.38165
1441385452.959707614 0.246155 -1.46734
1441385452.969434724 0.117536 -1.47081
1441385452.979366401 0.282845 -1.36121
1441385452.989661880 0.173533 -1.4162
1441385452.999380740 0.107608 -1.48716
1441385453.009506156 0.364874 -1.39076
1441385453.019811121 0.210693 -1.52184
1441385453.029481219 0.249541 -1.52621
1441385453.039455459 0.230412 -1.491
1441385453.049423782 0.329273 -1.41265
1441385453.059347630 0.174161 -1.46435
1441385453.069220646 0.195974 -1.49433
1441385453.079148539 0.345095 -1.5171
1441385453.089064310 0.062456 -1.62363
1441385453.099282248 0.430254 -1.38211
1441385453.109231382 0.339355 -1.59536
1441385453.119001431 0.259849 -1.76044
1441385453.129740752 0.200265 -1.69545
1441385453.139475410 0.172996 -1.44886
1441385453.149280149 0.236016 -1.28157
1441385453.159667649 0.218673 -1.35972
1441385453.169681968 0.234888 -1.44705
1441385453.179424479 0.275219 -1.44683
1441385453.189849887 0.219674 -1.47134
1441385453.199697420 0.276771 -1.44053
1441385453.209453412 0.290583 -1.49412
1441385453.219224112 0.306956 -1.50821
1441385453.229792942 0.130872 -1.62453
1441385453.239515636 0.322181 -1.58362
1441385453.249473354 0.130401 -1.68073
1441385453.259767444 0.279634 -1.55508
1441385453.269490430 0.138791 -1.65783
1441385453.279329488 0.12862 -1.6767
1441385453.289626194 0.155852 -1.67241
1441385453.299599232 0.155258 -1.64787
1441385453.309396224 0.104734 -1.62352
1441385453.319380452 0.170879 -1.57028
1441385453.329536062 0.276721 -1.49269
1441385453.339526761 0.193947 -1.5725
1441385453.349427663 0.167246 -1.59885
1441385453.359660807 0.224246 -1.53207
1441385453.369560019 0.141915 -1.48206
1441385453.379392608 0.233571 -1.39541
1441385453.389605811 0.134157 -1.46047
1441385453.399426146 0.087769 -1.45741
1441385453.409359342 0.162201 -1.44873
1441385453.419815647 0.124034 -1.55694
1441385453.429571133 0.155795 -1.61863
1441385453.439615029 0.047698 -1.76304
1441385453.449383164 0.255097 -1.67471
1441385453.459631754 0.026227 -1.68493
1441385453.469384593 0.104006 -1.54757
1441385453.479357937 0.340504 -1.36351
1441385453.489564700 0.066901 -1.54917
1441385453.499503729 0.224725 -1.51832
1441385453.509400547 0.313894 -1.49905
1441385453.519655235 0.054668 -1.61399
1441385453.529741971 0.126247 -1.51019
1441385453.539548013 0.119008 -1.44273
1441385453.549057960 0.252017 -1.41973
1441385453.559362846 -0.004713 -1.62748
1441385453.569460678 0.28318 -1.51708
1441385453.579415158 0.050266 -1.71804
1441385453.589783690 0.162002 -1.73675
1441385453.599507266 0.148497 -1.83974
1441385453.609458609 0.090715 -1.78664
1441385453.619712672 0.085036 -1.63295
1441385453.629711590 0.096946 -1.54317
1441385453.639505183 0.106136 -1.52468
1441385453.649298927 0.181824 -1.53569
1441385453.659606363 0.102002 -1.59194
1441385453.669530258 0.262831 -1.47478
1441385453.679261286 0.201567 -1.48227
1441385453.689588468 0.172456 -1.53511
1441385453.699577227 0.36647 -1.49721
1441385453.709126716 0.126977 -1.72191
1441385453.719253585 0.21724 -1.72845
1441385453.729603068 0.282287 -1.67286
1441385453.739327542 0.06273 -1.75741
1441385453.749354510 0.206647 -1.63971
1441385453.759518504 0.069204 -1.63437
1441385453.769337570 0.060149 -1.55455
1441385453.779359458 0.143216 -1.49459
1441385453.789610994 0.046805 -1.56464
1441385453.799396203 0.047078 -1.58048
1441385453.809525322 0.230004 -1.49967
1441385453.819586900 0.155529 -1.59685
1441385453.829626005 0.140818 -1.62005
1441385453.839609743 0.189991 -1.63111
1441385453.849339328 0.152289 -1.64604
1441385453.859491942 0.271371 -1.63366
1441385453.869460590 0.141667 -1.77468
1441385453.879479358 0.167122 -1.75565
1441385453.889592375 0.109353 -1.7172
1441385453.899524413 0.124083 -1.667
1441385453.909430988 0.277038 -1.65742
1441385453.919183391 0.174489 -1.74937
1441385453.929743185 0.154879 -1.69991
1441385453.939567033 0.094117 -1.67815
1441385453.949300072 0.123915 -1.61845
1441385453.959522872 0.134969 -1.60424
1441385453.969616488 0.14062 -1.6724
1441385453.979397553 0.101425 -1.74805
1441385453.989509900 0.198829 -1.69209
1441385453.999527855 0.106867 -1.75088
1441385454.009413150 0.157553 -1.74029
1441385454.019188186 0.21736 -1.77217
1441385454.029525386 0.153351 -1.86073
1441385454.039514270 0.182699 -1.81482
1441385454.049204259 0.1736 -1.67931
1441385454.059618006 0.047827 -1.72843
1441385454.069566898 0.091434 -1.7007
1441385454.079264079 0.198804 -1.6616
1441385454.089371157 0.118395 -1.69845
1441385454.099587562 0.098345 -1.72526
1441385454.109364292 0.085316 -1.74496
1441385454.119696038 0.162615 -1.68878
1441385454.129659880 0.163902 -1.79054
1441385454.139400231 0.20147 -1.76848
1441385454.149348572 0.139437 -1.73974
1441385454.159631471 0.156872 -1.67327
1441385454.169355383 0.015719 -1.69098
1441385454.179335969 0.166864 -1.63528
1441385454.189530083 0.006538 -1.71096
1441385454.199235619 0.189713 -1.60849
1441385454.209098522 -0.039395 -1.76078
1441385454.219366155 0.050815 -1.73086
1441385454.229287849 0.008286 -1.69243
1441385454.239113865 0.035335 -1.66234
1441385454.248985557 0.059103 -1.67211
1441385454.259326726 0.087728 -1.64415
1441385454.269169640 -0.0153 -1.73376
1441385454.279018644 0.098656 -1.70613
1441385454.289367880 0.126893 -1.74358
1441385454.299201264 -0.008152 -1.86131
1441385454.309063679 0.008695 -1.80865
1441385454.319417768 0.136612 -1.69909
1441385454.329274399 0.094604 -1.72054
1441385454.339109101 0.024342 -1.72833
1441385454.349015566 0.041389 -1.72574
1441385454.359277883 0.150125 -1.73668
1441385454.369190848 -0.085988 -1.85792
1441385454.379082186 -0.022931 -1.79729
1441385454.389610642 0.118745 -1.75385
1441385454.399338192 0.163639 -1.87614
1441385454.409276952 -0.006126 -2.03104
1441385454.419018295 0.032799 -1.92468
1441385454.429293051 0.074106 -1.77506
1441385454.439296939 -0.040172 -1.84252
1441385454.449042417 0.151452 -1.74229
1441385454.459285903 0.204157 -1.74394
1441385454.469177465 0.030767 -1.77327
1441385454.479032872 0.27296 -1.62762
1441385454.489348076 0.018537 -1.73291
1441385454.499276945 0.047295 -1.66525
1441385454.509259093 0.052264 -1.69466
1441385454.519593482 0.003671 -1.75147
1441385454.529583289 0.012863 -1.77376
1441385454.539182356 -0.011071 -1.7938
1441385454.549332100 0.070246 -1.78612
1441385454.559680259 0.137913 -1.78288
1441385454.569675399 0.10408 -1.83154
1441385454.579278457 -0.010362 -1.92305
1441385454.589674092 0.066174 -1.86504
1441385454.599446245 0.115511 -1.78887
1441385454.609454911 0.092403 -1.82186
1441385454.619654357 0.153804 -1.85718
1441385454.629574433 0.077823 -1.85187
1441385454.639575535 0.180003 -1.74677
1441385454.649672526 0.082111 -1.79761
1441385454.659503365 -0.002863 -1.83138
1441385454.669535565 -0.030024 -1.82685
1441385454.679450749 -0.018592 -1.763
1441385454.689392708 0.148171 -1.67192
1441385454.699274990 -0.028406 -1.76662
1441385454.709201637 0.018823 -1.79932
1441385454.719418083 0.156422 -1.86669
1441385454.729415231 0.01361 -2.00377
1441385454.739253073 0.046244 -2.07624
1441385454.749154303 -0.068331 -2.10629
1441385454.759391236 -0.069748 -1.98029
1441385454.769262352 -0.032899 -1.86821
1441385454.779101435 -0.006416 -1.81576
1441385454.789420243 0.004143 -1.68048
1441385454.799308765 -0.055493 -1.64908
1441385454.809208234 -0.018679 -1.71488
1441385454.819380988 -0.023871 -1.74424
1441385454.829597955 -0.014816 -1.77834
1441385454.839450570 -0.048435 -1.8397
1441385454.849304223 -0.131249 -1.87806
1441385454.859687042 0.035061 -1.79065
1441385454.869564730 -0.02829 -1.80164
1441385454.879337530 -0.028489 -1.80476
1441385454.889625797 -0.003718 -1.7867
1441385454.899549957 -0.016805 -1.82807
1441385454.909289922 -0.039444 -1.85731
1441385454.919679121 -0.022854 -1.85829
1441385454.929548365 -0.0318 -1.84674
1441385454.939573207 -0.010925 -1.84651
1441385454.949448780 -0.057261 -1.88934
1441385454.959572586 0.075049 -1.81732
1441385454.969700243 0.014566 -1.95208
1441385454.979316987 0.009453 -2.09209
1441385454.989604151 0.09993 -2.0412
1441385454.999528275 -0.068889 -1.93402
1441385455.009403839 -0.070099 -1.77549
1441385455.019635469 0.014765 -1.71274
1441385455.029378568 0.013495 -1.72158
1441385455.039501074 0.117401 -1.69536
1441385455.049363317 -0.185269 -1.87165
1441385455.059526093 -0.109571 -1.89493
1441385455.069495308 0.103883 -1.84368
1441385455.079335218 -0.059768 -1.851
1441385455.089629770 0.001966 -1.73901
1441385455.099609974 0.0843 -1.68555
1441385455.109473795 -0.072097 -1.8574
1441385455.119187443 -0.020458 -1.91646
1441385455.129571286 0.038654 -1.9082
1441385455.139488565 -0.008406 -1.90442
1441385455.149749498 0.030336 -1.86807
1441385455.159668476 0.115134 -1.86751
1441385455.169507320 -0.067805 -1.99955
1441385455.179298176 0.093562 -1.99261
1441385455.189730726 0.028072 -2.05834
1441385455.199570426 0.069654 -1.91543
1441385455.209404283 -0.063318 -1.82369
1441385455.219679795 -0.16027 -1.83336
1441385455.229638856 -0.075841 -1.77413
1441385455.239452500 -0.014883 -1.71943
1441385455.249084280 -0.043618 -1.77282
1441385455.259647572 -0.009232 -1.79244
1441385455.269540144 0.010307 -1.81845
1441385455.279391611 0.074148 -1.80997
1441385455.289684464 0.05991 -1.83594
1441385455.299524800 -0.011609 -1.86191
1441385455.309185178 -0.11889 -1.91142
1441385455.319285061 0.025149 -1.87991
1441385455.329674177 -0.045941 -1.89688
1441385455.339474189 -0.106685 -1.91897
1441385455.349359866 -0.014382 -1.87533
1441385455.359736135 0.074954 -1.85189
1441385455.369495611 -0.085425 -1.96425
1441385455.379346170 0.052298 -1.96422
1441385455.389709906 -0.051408 -1.88254
1441385455.399523605 -0.247204 -1.8318
1441385455.409617960 -0.077462 -1.76207
1441385455.419277097 -0.167756 -1.87988
1441385455.429513334 0.049307 -1.84999
1441385455.439471842 -0.109848 -1.92092
1441385455.449384828 -0.175825 -1.94533
1441385455.459203379 -0.098116 -1.87331
1441385455.469573915 0.065821 -1.84076
1441385455.479388933 0.02348 -1.95303
1441385455.489587032 -0.072032 -2.06083
1441385455.499542088 -0.030844 -2.04777
1441385455.509450752 -0.172869 -2.13772
1441385455.518996365 -0.056991 -2.08334
1441385455.529688713 0.041412 -1.94987
1441385455.539533474 0.086474 -1.92438
1441385455.549228861 -0.051439 -1.92998
1441385455.559324291 -0.09443 -1.91113
1441385455.569502099 -0.19231 -1.93542
1441385455.579154804 -0.090853 -1.86723
1441385455.589106664 -0.158917 -1.89169
1441385455.599364128 -0.126641 -1.8627
1441385455.609149574 -0.094033 -1.89362
1441385455.619264200 -0.072524 -1.88609
1441385455.629577405 -0.028695 -1.83313
1441385455.639513612 -0.004107 -1.7832
1441385455.649466424 -0.14182 -1.85699
1441385455.659298090 -0.083213 -1.87479
1441385455.669488882 -0.181757 -1.9951
126
1441385451.907258083 577.6 97.8 21.7 0.382 0 0 -0.924
1441385451.924826751 446.4 -19.9 21.7 0.382 0 0 -0.924
1441385451.951542784 446.4 -19.9 21.7 0.382 0 0 -0.924
1441385451.981681355 446.4 -19.9 21.7 0.382 0 0 -0.924
1441385452.011839066 446.4 -20 21.7 0.382 0 0 -0.924
1441385452.042080565 446.4 -19.9 21.7 0.381 0 0 -0.924
1441385452.072337946 446.4 -19.9 21.7 0.381 0 0 -0.925
1441385452.101718075 446.4 -20 21.7 0.38 0 0 -0.925
1441385452.131870874 446.4 -20 21.7 0.38 0 0 -0.925
1441385452.158811672 446.4 -20 21.7 0.379 0 0 -0.925
1441385452.191700187 446.4 -20 21.7 0.378 0 0 -0.926
1441385452.218728868 446.4 -20 21.7 0.378 0 0 -0.926
1441385452.251869034 446.4 -19.9 21.7 0.377 0 0 -0.926
1441385452.278757507 446.4 -19.9 21.7 0.377 0 0 -0.926
1441385452.312447424 446.4 -19.9 21.7 0.376 0 0 -0.927
1441385452.339464231 446.4 -19.9 21.7 0.375 0 0 -0.927
1441385452.372017452 446.4 -19.9 21.7 0.375 0 0 -0.927
1441385452.401642708 446.4 -19.9 21.7 0.374 0 0 -0.927
1441385452.431715993 446.4 -20 21.7 0.374 0 0 -0.928
1441385452.461468337 446.4 -20 21.7 0.373 0 0 -0.928
1441385452.494958412 446.4 -19.9 21.7 0.372 0 0 -0.928
1441385452.522049535 446.4 -19.9 21.7 0.372 0 0 -0.928
1441385452.554625361 446.4 -19.9 21.7 0.371 0 0 -0.929
1441385452.581921820 446.4 -19.9 21.7 0.37 0 0 -0.929
1441385452.611821815 446.4 -20 21.7 0.37 0 0 -0.929
1441385452.641595443 446.4 -20 21.7 0.369 0 0 -0.929
1441385452.671577363 446.4 -19.9 21.7 0.369 0 0 -0.93
1441385452.702586255 446.4 -19.9 21.7 0.368 0 0 -0.93
1441385452.731991336 446.4 -19.9 21.7 0.367 0 0 -0.93
1441385452.762509174 446.4 -19.9 21.7 0.367 0 0 -0.93
1441385452.791909042 446.4 -19.9 21.7 0.366 0 0 -0.931
1441385452.822175145 446.4 -19.9 21.7 0.366 0 0 -0.931
1441385452.852290362 446.4 -20 21.7 0.365 0 0 -0.931
1441385452.881394679 446.4 -20 21.7 0.364 0 0 -0.931
1441385452.914512439 446.4 -20 21.7 0.364 0 0 -0.931
1441385452.942141687 446.4 -19.9 21.7 0.363 0 0 -0.932
1441385452.977874454 446.4 -19.9 21.7 0.362 0 0 -0.932
1441385453.005111883 446.4 -19.9 21.7 0.362 0 0 -0.932
1441385453.035268290 446.4 -19.9 21.7 0.361 0 0 -0.932
1441385453.061822361 446.4 -19.9 21.7 0.361 0 0 -0.933
1441385453.094965144 446.4 -19.9 21.7 0.36 0 0 -0.933
1441385453.121796895 446.4 -19.9 21.7 0.359 0 0 -0.933
1441385453.155238511 446.4 -19.9 21.7 0.359 0 0 -0.933
1441385453.182181449 446.4 -19.9 21.7 0.358 0 0 -0.934
1441385453.214409402 446.4 -19.9 21.7 0.358 0 0 -0.934
1441385453.242334149 446.4 -19.9 21.7 0.357 0 0 -0.934
1441385453.274836878 446.4 -19.9 21.7 0.356 0 0 -0.934
1441385453.302434624 446.4 -20 21.7 0.356 0 0 -0.935
1441385453.335043477 446.4 -20 21.7 0.355 0 0 -0.935
1441385453.362177717 446.4 -20 21.7 0.355 0 0 -0.935
1441385453.394648382 446.4 -19.9 21.7 0.354 0 0 -0.935
1441385453.424884179 446.4 -19.9 21.7 0.353 0 0 -0.936
1441385453.458382763 446.4 -19.9 21.7 0.353 0 0 -0.936
1441385453.485147890 446.4 -19.9 21.7 0.352 0 0 -0.936
1441385453.517596238 446.4 -19.9 21.7 0.351 0 0 -0.936
1441385453.544414949 446.4 -19.9 21.7 0.351 0 0 -0.936
1441385453.578471398 446.4 -19.9 21.7 0.35 0 0 -0.937
1441385453.604480042 446.4 -19.9 21.7 0.35 0 0 -0.937
1441385453.638281556 446.4 -19.9 21.7 0.349 0 0 -0.937
1441385453.665438699 446.4 -19.9 21.7 0.348 0 0 -0.937
1441385453.697589921 446.4 -19.9 21.7 0.348 0 0 -0.938
1441385453.728013645 446.4 -19.9 21.7 0.347 0 0 -0.938
1441385453.758059398 446.4 -19.9 21.7 0.347 0 0 -0.938
1441385453.785253687 446.4 -20 21.7 0.346 0 0 -0.938
1441385453.817745761 446.4 -19.9 21.7 0.345 0 0 -0.939
1441385453.848171705 446.4 -19.9 21.7 0.345 0 0 -0.939
1441385453.878335696 446.4 -19.9 21.7 0.344 0 0 -0.939
1441385453.907805507 446.4 -19.9 21.7 0.343 0 0 -0.939
1441385453.940495163 446.4 -19.9 21.7 0.343 0 0 -0.939
1441385453.968325395 446.4 -19.9 21.7 0.342 0 0 -0.94
1441385454.001251783 446.4 -20 21.7 0.342 0 0 -0.94
1441385454.028147256 446.4 -20 21.7 0.341 0 0 -0.94
1441385454.063762477 446.4 -19.9 21.7 0.34 0 0 -0.94
1441385454.094195664 446.4 -19.9 21.7 0.34 0 0 -0.941
1441385454.124076133 446.4 -19.9 21.7 0.339 0 0 -0.941
1441385454.154506244 446.4 -19.9 21.7 0.338 0 0 -0.941
1441385454.184328113 446.4 -19.9 21.7 0.338 0 0 -0.941
1441385454.213613729 446.4 -19.9 21.7 0.337 0 0 -0.941
1441385454.243286305 446.4 -19.9 21.7 0.337 0 0 -0.942
1441385454.274056809 446.4 -19.9 21.7 0.336 0 0 -0.942
1441385454.307090987 446.4 -19.9 21.7 0.335 0 0 -0.942
1441385454.333670997 446.4 -19.9 21.7 0.335 0 0 -0.942
1441385454.366701706 446.4 -19.9 21.7 0.334 0 0 -0.943
1441385454.397259981 446.4 -19.9 21.7 0.333 0 0 -0.943
1441385454.426524026 446.4 -19.9 21.7 0.333 0 0 -0.943
1441385454.456276789 446.4 -19.9 21.7 0.332 0 0 -0.943
1441385454.486766405 446.4 -19.9 21.7 0.332 0 0 -0.943
1441385454.517106366 446.4 -19.9 21.7 0.331 0 0 -0.944
1441385454.546845494 446.4 -19.9 21.7 0.33 0 0 -0.944
1441385454.576927886 446.4 -19.9 21.7 0.33 0 0 -0.944
1441385454.610141402 446.4 -19.9 21.7 0.329 0 0 -0.944
1441385454.636873548 446.4 -19.9 21.7 0.328 0 0 -0.945
1441385454.670029691 446.4 -19.9 21.7 0.328 0 0 -0.945
1441385454.696354534 446.4 -19.9 21.7 0.327 0 0 -0.945
1441385454.729421992 446.4 -19.9 21.7 0.327 0 0 -0.945
1441385454.757084732 446.4 -19.9 21.7 0.326 0 0 -0.945
1441385454.790049523 446.4 -19.9 21.7 0.325 0 0 -0.946
1441385454.817029295 446.4 -19.9 21.7 0.325 0 0 -0.946
1441385454.852701778 446.4 -19.9 21.7 0.324 0 0 -0.946
1441385454.883071382 446.4 -19.9 21.7 0.323 0 0 -0.946
1441385454.912980344 446.4 -19.9 21.7 0.323 0 0 -0.946
1441385454.940063450 446.4 -19.9 21.7 0.322 0 0 -0.947
1441385454.973082307 446.4 -19.9 21.7 0.322 0 0 -0.947
1441385455.000079218 446.4 -19.9 21.7 0.321 0 0 -0.947
1441385455.032342627 446.4 -19.9 21.7 0.32 0 0 -0.947
1441385455.060181437 446.4 -19.9 21.7 0.32 0 0 -0.948
1441385455.093078057 446.4 -19.9 21.7 0.319 0 0 -0.948
1441385455.122933012 446.4 -19.9 21.7 0.318 0 0 -0.948
1441385455.152748372 446.4 -19.9 21.7 0.318 0 0 -0.948
1441385455.180433485 446.4 -19.9 21.7 0.317 0 0 -0.948
1441385455.212470538 446.4 -19.9 21.7 0.317 0 0 -0.949
1441385455.240214480 446.4 -19.9 21.7 0.316 0 0 -0.949
1441385455.273333744 446.4 -19.9 21.7 0.315 0 0 -0.949
1441385455.300211972 446.4 -19.9 21.7 0.315 0 0 -0.949
1441385455.333248315 446.4 -19.9 21.7 0.314 0 0 -0.949
1441385455.362759386 446.4 -19.9 21.7 0.313 0 0 -0.95
1441385455.395659142 446.4 -19.9 21.7 0.313 0 0 -0.95
1441385455.422622567 446.4 -19.9 21.7 0.312 0 0 -0.95
1441385455.455718532 446.4 -19.9 21.7 0.312 0 0 -0.95
1441385455.482766693 446.4 -19.9 21.7 0.311 0 0 -0.95
1441385455.515600175 446.4 -19.9 21.7 0.31 0 0 -0.951
1441385455.543075594 446.4 -19.9 21.7 0.31 0 0 -0.951
1441385455.575729286 446.4 -19.9 21.7 0.309 0 0 -0.951
1441385455.605447154 446.4 -19.9 21.7 0.308 0 0 -0.951
1441385455.635748087 446.4 -19.9 21.7 0.308 0 0 -0.951
1441385455.666028937 446.4 -19.9 21.7 0.307 0 0 -0.952
620.833 22.7587 9.01091 0.456463 0.000811971 -0.00187071 0.88974
648.471 -14.587 9.12012 0.557988 0.000766003 -0.00220386 0.829846
377
1441385490.135510472 -1.93561 -1.73659
1441385490.139562830 -1.99554 -1.77642
1441385490.149504336 -1.98285 -1.76175
1441385490.159100808 -1.8877 -1.7364
1441385490.169247963 -1.99983 -1.80252
1441385490.179520183 -1.97485 -1.75191
1441385490.189176916 -1.97266 -1.73717
1441385490.199285287 -1.91957 -1.76554
1441385490.209525437 -1.90452 -1.75061
1441385490.219457219 -0.892441 -1.24108
1441385490.229317864 -0.245108 -0.858285
1441385490.239600146 0.019815 -0.812969
1441385490.249453036 0.279762 -0.118294
1441385490.259415234 -0.395376 0.148463
1441385490.269699286 -1.07111 0.234242
1441385490.279543055 -1.55589 0.209818
1441385490.289181018 -1.64127 0.419054
1441385490.299077713 -1.81848 0.433874
1441385490.309028201 -1.79591 0.479758
1441385490.319300736 -1.91196 0.480641
1441385490.329195459 -1.84013 0.527721
1441385490.339421013 -1.70082 0.523117
1441385490.349597510 -1.84668 0.37194
1441385490.359461119 -1.84118 0.418089
1441385490.369297447 -1.71799 0.391507
1441385490.379519073 -1.66928 0.377823
1441385490.389472111 -1.7253 0.47376
1441385490.399411802 -1.66974 0.484163
1441385490.409574879 -1.63663 0.356291
1441385490.419709510 -1.50818 0.367639
1441385490.429448579 -1.54056 0.373121
1441385490.439661851 -1.49333 0.335821
1441385490.449648451 -1.58666 0.230457
1441385490.459449576 -1.64309 0.168119
1441385490.469661943 -1.41923 0.212824
1441385490.479552635 -1.51111 0.213522
1441385490.489506189 -1.52574 0.238901
1441385490.499226693 -1.58887 0.202026
1441385490.509653976 -1.4033 0.211717
1441385490.519492112 -1.2776 0.222556
1441385490.529330995 -1.3238 0.35561
1441385490.539885607 -1.44261 0.335912
1441385490.549503450 -1.42426 0.443131
1441385490.559121733 -1.57528 0.391001
1441385490.569533704 -1.49988 0.250815
1441385490.579328128 -1.42224 0.244463
1441385490.589591069 -1.51692 0.290004
1441385490.599312460 -1.55372 0.326099
1441385490.609724513 -1.44112 0.4024
1441385490.619218458 -1.59373 0.354514
1441385490.629140810 -1.48706 0.405877
1441385490.639703716 -1.38299 0.343489
1441385490.649535503 -1.46778 0.252704
1441385490.659556205 -1.58639 0.280129
1441385490.669747754 -1.47483 0.405148
1441385490.679555996 -1.54388 0.274768
1441385490.689466640 -1.50118 0.279264
1441385490.699239691 -1.62051 0.212883
1441385490.709595524 -1.53451 0.274186
1441385490.719624230 -1.59468 0.318258
1441385490.729398359 -1.53758 0.284463
1441385490.739721490 -1.59505 0.250859
1441385490.749495655 -1.55607 0.199639
1441385490.759378334 -1.51551 0.26571
1441385490.769329692 -1.62461 0.271687
1441385490.779288393 -1.50735 0.350896
1441385490.789525486 -1.52651 0.371879
1441385490.799332570 -1.69425 0.327198
1441385490.809574168 -1.58304 0.326351
1441385490.819678554 -1.52496 0.30252
1441385490.829387804 -1.49404 0.339149
1441385490.839049801 -1.62076 0.27233
1441385490.849550124 -1.56392 0.373542
1441385490.859442746 -1.68257 0.282637
1441385490.869395007 -1.67386 0.230564
1441385490.879636490 -1.55505 0.251916
1441385490.889574021 -1.63173 0.351525
1441385490.899221126 -1.48595 0.396914
1441385490.909682378 -1.66517 0.325575
1441385490.919541302 -1.49336 0.307663
1441385490.929347650 -1.55278 0.354518
1441385490.939724275 -1.51898 0.27715
1441385490.949553953 -1.6121 0.179633
1441385490.959189567 -1.65743 0.156374
1441385490.969267867 -1.60261 0.246808
1441385490.979603592 -1.44955 0.265531
1441385490.989432353 -1.57571 0.168753
1441385490.999342425 -1.5416 0.161667
1441385491.009650738 -1.6414 0.189081
1441385491.019467194 -1.60416 0.193552
1441385491.029336704 -1.58588 0.154976
1441385491.039442754 -1.57259 0.222989
1441385491.049299109 -1.54257 0.207814
1441385491.059210683 -1.60845 0.160037
1441385491.069403470 -1.54681 0.094257
1441385491.079635791 -1.55061 0.158454
1441385491.089673614 -1.4803 0.154059
1441385491.099333268 -1.54135 0.320397
1441385491.109615632 -1.69449 0.201003
1441385491.119444551 -1.65139 0.202033
1441385491.129521219 -1.35153 0.219357
1441385491.139316911 -1.52145 0.158322
1441385491.149610972 -1.48215 0.086946
1441385491.159438073 -1.46213 0.148543
1441385491.169353167 -1.63816 0.212878
1441385491.179654033 -1.69358 0.177467
1441385491.189495061 -1.63464 0.116724
1441385491.199377344 -1.53859 0.163756
1441385491.209666132 -1.62904 0.070231
1441385491.219557596 -1.5485 0.202869
1441385491.229367042 -1.60774 0.143082
1441385491.239286471 -1.60974 0.243124
1441385491.249609748 -1.48628 0.31646
1441385491.259492904 -1.60785 0.271831
1441385491.269300911 -1.60297 0.259528
1441385491.279674418 -1.57738 0.297506
1441385491.289590179 -1.53113 0.285164
1441385491.299312358 -1.59808 0.305934
1441385491.309698386 -1.57604 0.328209
1441385491.319609300 -1.63458 0.293464
1441385491.329325459 -1.53245 0.341277
1441385491.339406853 -1.47377 0.413408
1441385491.349562112 -1.62095 0.277918
1441385491.359363448 -1.5722 0.125711
1441385491.369374204 -1.50452 0.150966
1441385491.379253245 -1.51944 0.228422
1441385491.389477749 -1.50805 0.277172
1441385491.399405011 -1.51049 0.317678
1441385491.409202488 -1.49184 0.27418
1441385491.419491061 -1.53575 0.269672
1441385491.429459118 -1.66911 0.329447
1441385491.439244191 -1.65845 0.254809
1441385491.449480036 -1.73906 0.189746
1441385491.459521708 -1.47736 0.312523
1441385491.469412958 -1.62077 0.287211
1441385491.479570030 -1.58944 0.237057
1441385491.489527548 -1.50065 0.327292
1441385491.499374354 -1.47662 0.321961
1441385491.509273332 -1.57025 0.330919
1441385491.519523925 -1.56731 0.345973
1441385491.529417395 -1.64945 0.369567
1441385491.539387471 -1.58338 0.279986
1441385491.549469310 -1.54415 0.278141
1441385491.559523040 -1.50041 0.302739
1441385491.569332034 -1.36222 0.387297
1441385491.579300572 -1.43627 0.267755
1441385491.589510012 -1.48249 0.336104
1441385491.599402994 -1.51186 0.399787
1441385491.609368159 -1.49728 0.415941
1441385491.619563055 -1.58043 0.366202
1441385491.629485983 -1.62793 0.189221
1441385491.639390231 -1.37837 0.299667
1441385491.649393775 -1.43008 0.311213
1441385491.659526261 -1.55755 0.303001
1441385491.669482120 -1.53597 0.23726
1441385491.679218927 -1.59797 0.25496
1441385491.689556963 -1.58596 0.255532
1441385491.699404226 -1.62425 0.260247
1441385491.709280140 -1.55923 0.267642
1441385491.719583075 -1.4737 0.333711
1441385491.729425356 -1.55034 0.349486
1441385491.739347367 -1.48735 0.392987
1441385491.749236726 -1.54279 0.332242
1441385491.759503518 -1.50156 0.331598
1441385491.769367344 -1.47081 0.388963
1441385491.779355662 -1.47281 0.419733
1441385491.789579555 -1.49352 0.325217
1441385491.799411482 -1.40173 0.302674
1441385491.809311917 -1.43118 0.363443
1441385491.819435964 -1.49236 0.39044
1441385491.829451656 -1.42889 0.403209
1441385491.839326657 -1.47445 0.361106
1441385491.849413990 -1.46041 0.382333
1441385491.859564137 -1.39915 0.325344
1441385491.869452665 -1.52276 0.289964
1441385491.879359991 -1.4272 0.38221
1441385491.889595120 -1.40439 0.444187
1441385491.899468388 -1.4493 0.35229
1441385491.909325202 -1.4331 0.344353
1441385491.919365174 -1.41471 0.397331
1441385491.929479173 -1.3547 0.415179
1441385491.939360430 -1.5068 0.405789
1441385491.949413879 -1.51406 0.41854
1441385491.959561510 -1.48999 0.49799
1441385491.969378116 -1.4507 0.430558
1441385491.979203338 -1.53732 0.344417
1441385491.989338511 -1.52154 0.275327
1441385491.999343392 -1.47643 0.358275
1441385492.009308622 -1.42302 0.410788
1441385492.019363134 -1.6135 0.333518
1441385492.029581975 -1.51695 0.336348
1441385492.039134726 -1.37004 0.40385
1441385492.049693533 -1.52716 0.321017
1441385492.059662728 -1.51245 0.295521
1441385492.069371496 -1.40637 0.400549
1441385492.079417266 -1.60974 0.317727
1441385492.089586227 -1.54563 0.312729
1441385492.099472360 -1.55027 0.17413
1441385492.109479426 -1.51421 0.286314
1441385492.119634815 -1.586 0.344348
1441385492.129644498 -1.5257 0.415794
1441385492.139463080 -1.64312 0.282312
1441385492.149213298 -1.52918 0.462908
1441385492.159416593 -1.62069 0.442884
1441385492.169396572 -1.64293 0.405066
1441385492.179309477 -1.62023 0.202969
1441385492.189569142 -1.59836 0.194975
1441385492.199502578 -1.50504 0.267032
1441385492.209287276 -1.52654 0.276512
1441385492.219658730 -1.57603 0.306866
1441385492.229615731 -1.56296 0.324701
1441385492.239346950 -1.50965 0.429118
1441385492.249289683 -1.58641 0.29938
1441385492.259584340 -1.51849 0.357227
1441385492.269457893 -1.4913 0.42003
1441385492.279284086 -1.50324 0.27165
1441385492.289584486 -1.54223 0.198627
1441385492.299553620 -1.47999 0.245615
1441385492.309329398 -1.43382 0.37246
1441385492.319692476 -1.51088 0.365667
1441385492.329531631 -1.51224 0.308331
1441385492.339403400 -1.52514 0.297557
1441385492.349367247 -1.53572 0.263939
1441385492.359648607 -1.55896 0.365255
1441385492.369176753 -1.57642 0.261865
1441385492.379068903 -1.5839 0.226859
1441385492.389608972 -1.6254 0.186313
1441385492.399445098 -1.56416 0.255206
1441385492.409383101 -1.28232 0.401797
1441385492.419639428 -1.38412 0.37632
1441385492.429291459 -1.44973 0.434085
1441385492.439139434 -1.49701 0.450876
1441385492.449028029 -1.41279 0.536449
1441385492.459738930 -1.33722 0.608848
1441385492.469531175 -1.42249 0.649953
1441385492.479309528 -1.40964 0.672727
1441385492.489603939 -1.52822 0.550068
1441385492.499647635 -1.45282 0.556389
1441385492.509440668 -1.55159 0.562376
1441385492.519672238 -1.47022 0.576563
1441385492.529566614 -1.2801 0.607523
1441385492.539384414 -1.34986 0.602849
1441385492.549283622 -1.50459 0.409229
1441385492.559593828 -1.72038 0.217013
1441385492.569464330 -1.67729 0.146419
1441385492.579340058 -1.74049 0.185319
1441385492.589357941 -1.70182 0.150249
1441385492.599485705 -1.73208 0.057999
1441385492.609320594 -1.73391 0.014808
1441385492.619630761 -1.69356 0.056213
1441385492.629548096 -1.62411 0.12377
1441385492.639453221 -1.57093 0.215072
1441385492.649217703 -1.61535 0.227102
1441385492.659608391 -1.60088 0.185155
1441385492.669441456 -1.70759 0.272923
1441385492.679291043 -1.64956 0.254193
1441385492.689670265 -1.60286 0.172078
1441385492.699544846 -1.68785 0.047507
1441385492.709350016 -1.61337 0.187385
1441385492.719717555 -1.63974 0.118212
1441385492.729572616 -1.65886 0.143321
1441385492.739424625 -1.59125 0.104586
1441385492.749321046 -1.63755 0.114179
1441385492.759618779 -1.49879 0.096372
1441385492.769418171 -1.62763 0.077229
1441385492.779353136 -1.58185 0.168552
1441385492.789394908 -1.64871 0.184193
1441385492.799465090 -1.802 0.048565
1441385492.809468665 -1.6402 0.121678
1441385492.819834079 -1.66592 0.138977
1441385492.829503245 -1.62029 -0.002594
1441385492.839477530 -1.65539 -0.011349
1441385492.849392450 -1.68343 0.048557
1441385492.859519308 -1.76675 0.030118
1441385492.869465214 -1.8415 0.001119
1441385492.879329520 -1.58721 0.142367
1441385492.889250850 -1.68771 0.100965
1441385492.899471214 -1.68217 0.156905
1441385492.909413320 -1.66189 0.124227
1441385492.919277156 -1.65148 0.194589
1441385492.929351803 -1.73291 0.06334
1441385492.939546003 -1.56387 0.074914
1441385492.949341246 -1.54271 0.059643
1441385492.959582342 -1.53064 0.043208
1441385492.969507747 -1.59482 0.007592
1441385492.979295556 -1.6422 -0.0535
1441385492.989403671 -1.61172 0.022311
1441385492.999482904 -1.55851 0.180579
1441385493.009458930 -1.57679 0.128408
1441385493.019222419 -1.51831 0.064551
1441385493.029595887 -1.63515 -0.06976
1441385493.039449298 -1.66335 0.031301
1441385493.049257772 -1.64586 0.130854
1441385493.059348852 -1.65639 0.142658
1441385493.069428211 -1.58466 0.065049
1441385493.079305127 -1.49207 0.052646
1441385493.089688574 -1.70226 0.073086
1441385493.099533776 -1.52261 0.171271
1441385493.109485831 -1.68473 0.134811
1441385493.119300457 -1.64037 0.065509
1441385493.129573876 -1.542 0.153275
1441385493.139243783 -1.61599 0.110311
1441385493.149105549 -1.51607 0.181747
1441385493.159422258 -1.54778 0.07913
1441385493.169281759 -1.61931 0.177892
1441385493.179133992 -1.50969 0.064534
1441385493.189059252 -1.43251 0.205817
1441385493.199388222 -1.44461 0.096873
1441385493.209609125 -1.43529 0.151264
1441385493.219421226 -1.6056 0.001372
1441385493.229607392 -1.57327 0.140314
1441385493.239409910 -1.52793 0.020802
1441385493.249334522 -1.45737 -0.015037
1441385493.259596507 -1.50082 -0.076306
1441385493.269516814 -1.50109 0.06638
1441385493.279407742 -1.56823 0.053948
1441385493.289259811 -1.50848 0.112596
1441385493.299727422 -1.46853 0.010836
1441385493.309444879 -1.61209 0.043502
1441385493.319200600 -1.51146 0.017881
1441385493.329343281 -1.61973 0.083703
1441385493.339467132 -1.54234 0.064916
1441385493.349349230 -1.73055 -0.076166
1441385493.359671354 -1.5573 -0.028454
1441385493.369549674 -1.57172 0.056992
1441385493.379381270 -1.59809 0.089976
1441385493.389238220 -1.60154 0.020217
1441385493.399539591 -1.57269 0.055104
1441385493.409471525 -1.54311 0.123621
1441385493.419031504 -1.49184 0.033278
1441385493.429391353 -1.53672 0.033901
1441385493.439485904 -1.70587 -0.087376
1441385493.449367040 -1.45624 0.00305
1441385493.459561414 -1.40302 0.098216
1441385493.469588933 -1.44271 0.089465
1441385493.479149339 -1.62589 0.053945
1441385493.489340441 -1.69827 0.06318
1441385493.499604546 -1.65794 0.041161
1441385493.509334242 -1.67114 0.072228
1441385493.519721631 -1.61313 0.154158
1441385493.529649206 -1.53754 0.177677
1441385493.539400035 -1.42886 0.220729
1441385493.549381973 -1.55095 0.280298
1441385493.559699276 -1.56717 0.223456
1441385493.569471161 -1.61465 0.09341
1441385493.579400482 -1.56058 0.216166
1441385493.589692372 -1.52997 0.26359
1441385493.599486186 -1.47505 0.287792
1441385493.609395638 -1.59579 0.099591
1441385493.619287849 -1.51467 0.270033
1441385493.629576125 -1.56207 0.274199
1441385493.639492562 -1.46682 0.294353
1441385493.649361215 -1.40805 0.308446
1441385493.659579198 -1.53346 0.183742
1441385493.669539201 -1.43728 0.137988
1441385493.679409802 -1.49745 0.270162
1441385493.689277373 -1.59061 0.254109
1441385493.699519908 -1.60128 0.19517
1441385493.709410501 -1.72728 0.151123
1441385493.719299258 -1.58353 0.19091
1441385493.729607297 -1.48503 0.295585
1441385493.739464912 -1.6293 0.299759
1441385493.749367057 -1.64996 0.231757
1441385493.759642187 -1.6312 0.258133
1441385493.769551800 -1.55858 0.333715
1441385493.779428304 -1.57302 0.249321
1441385493.789260021 -1.60453 0.237444
1441385493.799555138 -1.59924 0.216292
1441385493.809459614 -1.6139 0.245751
1441385493.819220135 -1.69554 0.155576
1441385493.829595167 -1.52509 0.316305
1441385493.839526979 -1.49773 0.310458
1441385493.849251419 -1.67285 0.16309
1441385493.859651578 -1.57265 0.115782
1441385493.869564879 -1.54769 0.223047
1441385493.879378247 -1.4969 0.199132
1441385493.889292065 -1.49063 0.228778
126
1441385490.135526735 516.2 39.9 21.5 0.997 0 0 -0.081
1441385490.138495589 496.9 -57.3 21.5 0.997 0 0 -0.081
1441385490.172235990 496.9 -57.3 21.5 0.997 0 0 -0.081
1441385490.204820496 496.9 -57.3 21.5 0.997 0 0 -0.081
1441385490.234556968 496.9 -57.3 21.5 0.997 0 0 -0.081
1441385490.262452662 496.9 -57.3 21.5 0.997 0 0 -0.081
1441385490.295008403 496.9 -57.3 21.5 0.997 0 0 -0.082
1441385490.321853886 496.9 -57.3 21.5 0.997 0 0 -0.083
1441385490.355055916 496.9 -57.3 21.5 0.997 0 0 -0.083
1441385490.382011297 496.9 -57.3 21.5 0.996 0 0 -0.084
1441385490.414589330 496.9 -57.3 21.5 0.996 0 0 -0.085
1441385490.441388571 496.9 -57.3 21.5 0.996 0 0 -0.085
1441385490.471608591 496.9 -57.3 21.5 0.996 0 0 -0.086
1441385490.501813094 496.9 -57.3 21.5 0.996 0 0 -0.087
1441385490.534489599 496.9 -57.3 21.5 0.996 0 0 -0.087
1441385490.564376926 496.9 -57.3 21.5 0.996 0 0 -0.088
1441385490.595244707 496.9 -57.3 21.5 0.996 0 0 -0.089
1441385490.624792115 496.9 -57.3 21.5 0.996 0 0 -0.089
1441385490.658110826 496.9 -57.3 21.5 0.996 0 0 -0.09
1441385490.684695431 496.9 -57.3 21.5 0.996 0 0 -0.091
1441385490.714887722 496.9 -57.3 21.5 0.996 0 0 -0.091
1441385490.745032769 496.9 -57.3 21.5 0.996 0 0 -0.092
1441385490.774979601 496.9 -57.3 21.5 0.996 0 0 -0.093
1441385490.804980259 496.9 -57.3 21.5 0.996 0 0 -0.093
1441385490.834920564 496.9 -57.3 21.5 0.996 0 0 -0.094
1441385490.864814058 496.9 -57.3 21.5 0.996 0 0 -0.095
1441385490.894954087 496.9 -57.3 21.5 0.995 0 0 -0.095
1441385490.922119374 496.9 -57.3 21.5 0.995 0 0 -0.096
1441385490.954392310 496.9 -57.3 21.5 0.995 0 0 -0.096
1441385490.984761807 496.9 -57.3 21.5 0.995 0 0 -0.097
1441385491.014960632 496.9 -57.3 21.5 0.995 0 0 -0.098
1441385491.041864394 496.9 -57.3 21.5 0.995 0 0 -0.098
1441385491.074671567 496.9 -57.3 21.5 0.995 0 0 -0.099
1441385491.104815481 496.9 -57.3 21.5 0.995 0 0 -0.1
1441385491.134960767 496.9 -57.3 21.5 0.995 0 0 -0.1
1441385491.164920656 496.9 -57.3 21.5 0.995 0 0 -0.101
1441385491.195006430 496.9 -57.3 21.5 0.995 0 0 -0.102
1441385491.224914499 496.9 -57.3 21.5 0.995 0 0 -0.102
1441385491.254914580 496.9 -57.3 21.5 0.995 0 0 -0.103
1441385491.282488305 496.9 -57.3 21.5 0.995 0 0 -0.104
1441385491.314816912 496.9 -57.3 21.5 0.995 0 0 -0.104
1441385491.345050829 496.9 -57.3 21.5 0.994 0 0 -0.105
1441385491.378285468 496.9 -57.3 21.5 0.994 0 0 -0.106
1441385491.404881189 496.9 -57.3 21.5 0.994 0 0 -0.106
1441385491.437953970 496.9 -57.3 21.5 0.994 0 0 -0.107
1441385491.464771729 496.9 -57.3 21.5 0.994 0 0 -0.108
1441385491.498195124 496.9 -57.3 21.5 0.994 0 0 -0.108
1441385491.528097525 496.9 -57.3 21.5 0.994 0 0 -0.109
1441385491.557892062 496.9 -57.3 21.5 0.994 0 0 -0.11
1441385491.587915151 496.9 -57.3 21.5 0.994 0 0 -0.11
1441385491.618069865 496.9 -57.3 21.5 0.994 0 0 -0.111
1441385491.648292129 496.9 -57.3 21.5 0.994 0 0 -0.112
1441385491.678450176 496.9 -57.3 21.5 0.994 0 0 -0.112
1441385491.708530614 496.9 -57.3 21.5 0.994 0 0 -0.113
1441385491.738460057 496.9 -57.3 21.5 0.994 0 0 -0.113
1441385491.768523253 496.9 -57.3 21.5 0.993 0 0 -0.114
1441385491.798546804 496.9 -57.3 21.5 0.993 0 0 -0.115
1441385491.828051234 496.9 -57.3 21.5 0.993 0 0 -0.115
1441385491.860830218 496.9 -57.3 21.5 0.993 0 0 -0.116
1441385491.887726642 496.9 -57.3 21.5 0.993 0 0 -0.117
1441385491.921330090 496.9 -57.3 21.5 0.993 0 0 -0.117
1441385491.948025094 496.9 -57.3 21.5 0.993 0 0 -0.118
1441385491.980440387 496.9 -57.3 21.5 0.993 0 0 -0.119
1441385492.008185352 496.9 -57.3 21.5 0.993 0 0 -0.119
1441385492.040153639 496.9 -57.3 21.5 0.993 0 0 -0.12
1441385492.071098616 496.9 -57.3 21.5 0.993 0 0 -0.121
1441385492.101351091 496.9 -57.3 21.5 0.993 0 0 -0.121
1441385492.130627915 496.9 -57.3 21.5 0.993 0 0 -0.122
1441385492.160447961 496.9 -57.3 21.5 0.992 0 0 -0.123
1441385492.190306185 496.9 -57.3 21.5 0.992 0 0 -0.123
1441385492.224019686 496.9 -57.3 21.5 0.992 0 0 -0.124
1441385492.250904079 496.9 -57.3 21.5 0.992 0 0 -0.125
1441385492.281118751 496.8 -57.3 21.5 0.992 0 0 -0.125
1441385492.311316749 496.9 -57.3 21.5 0.992 0 0 -0.126
1441385492.343776669 496.9 -57.3 21.5 0.992 0 0 -0.127
1441385492.373518402 496.9 -57.3 21.5 0.992 0 0 -0.127
1441385492.403501786 496.9 -57.3 21.5 0.992 0 0 -0.128
1441385492.433281020 496.9 -57.3 21.5 0.992 0 0 -0.129
1441385492.467168230 496.9 -57.3 21.5 0.992 0 0 -0.129
1441385492.494016861 496.8 -57.3 21.5 0.992 0 0 -0.13
1441385492.526537721 496.9 -57.3 21.5 0.991 0 0 -0.13
1441385492.554304938 496.9 -57.3 21.5 0.991 0 0 -0.131
1441385492.586626913 496.9 -57.3 21.5 0.991 0 0 -0.132
1441385492.614326285 496.9 -57.3 21.5 0.991 0 0 -0.133
1441385492.646646777 496.9 -57.3 21.5 0.991 0 0 -0.133
1441385492.673648827 496.9 -57.3 21.5 0.991 0 0 -0.134
1441385492.706827377 496.9 -57.3 21.5 0.991 0 0 -0.134
1441385492.733727497 496.9 -57.3 21.5 0.991 0 0 -0.135
1441385492.763953870 496.9 -57.3 21.5 0.991 0 0 -0.136
1441385492.794206370 496.9 -57.3 21.5 0.991 0 0 -0.136
1441385492.824253741 496.9 -57.3 21.5 0.991 0 0 -0.137
1441385492.854426872 496.9 -57.3 21.5 0.99 0 0 -0.138
1441385492.886915864 496.9 -57.3 21.5 0.99 0 0 -0.138
1441385492.917032655 496.8 -57.3 21.5 0.99 0 0 -0.139
1441385492.949963999 496.8 -57.3 21.5 0.99 0 0 -0.14
1441385492.976622951 496.9 -57.3 21.5 0.99 0 0 -0.14
1441385493.010095250 496.9 -57.3 21.5 0.99 0 0 -0.141
1441385493.036910728 496.9 -57.3 21.5 0.99 0 0 -0.142
1441385493.067061728 496.9 -57.3 21.5 0.99 0 0 -0.142
1441385493.097098390 496.9 -57.3 21.5 0.99 0 0 -0.143
1441385493.129590414 496.8 -57.3 21.5 0.99 0 0 -0.143
1441385493.156527980 496.8 -57.3 21.5 0.99 0 0 -0.144
1441385493.189724118 496.8 -57.3 21.5 0.989 0 0 -0.145
1441385493.219756696 496.8 -57.3 21.5 0.989 0 0 -0.146
1441385493.249950977 496.9 -57.3 21.5 0.989 0 0 -0.146
1441385493.280100808 496.9 -57.3 21.5 0.989 0 0 -0.147
1441385493.310043998 496.9 -57.3 21.5 0.989 0 0 -0.147
1441385493.340062788 496.9 -57.3 21.5 0.989 0 0 -0.148
1441385493.370101604 496.9 -57.3 21.5 0.989 0 0 -0.149
1441385493.400165247 496.9 -57.3 21.5 0.989 0 0 -0.149
1441385493.430218462 496.8 -57.3 21.5 0.989 0 0 -0.15
1441385493.460148165 496.9 -57.3 21.5 0.989 0 0 -0.151
1441385493.489751325 496.9 -57.3 21.5 0.989 0 0 -0.151
1441385493.519992227 496.9 -57.3 21.5 0.988 0 0 -0.152
1441385493.553476850 496.8 -57.3 21.5 0.988 0 0 -0.153
1441385493.582444230 496.8 -57.3 21.5 0.988 0 0 -0.153
1441385493.613459117 496.8 -57.3 21.5 0.988 0 0 -0.154
1441385493.643362695 496.8 -57.3 21.5 0.988 0 0 -0.155
1441385493.673503691 496.8 -57.3 21.5 0.988 0 0 -0.155
1441385493.706114605 496.9 -57.3 21.5 0.988 0 0 -0.156
1441385493.739261898 496.8 -57.3 21.5 0.988 0 0 -0.157
1441385493.766056414 496.8 -57.3 21.5 0.988 0 0 -0.157
1441385493.799462343 496.8 -57.3 21.5 0.987 0 0 -0.158
1441385493.826177871 496.8 -57.3 21.5 0.987 0 0 -0.159
1441385493.859507546 496.8 -57.3 21.5 0.987 0 0 -0.159
1441385493.888689282 496.8 -57.3 21.5 0.987 0 0 -0.16
648.469 -14.5852 9.11372 0.557972 0.000815575 -0.00220767 0.829856
660.433 -14.874 9.03376 0.550509 0.00172848 -0.00266949 0.834823
379
1441386259.770898441 -1.12381 -1.38278
1441386259.779521695 -1.13473 -1.39511
1441386259.789478086 -1.21061 -1.39073
1441386259.799483941 -1.14661 -1.33893
1441386259.809412419 -1.12129 -1.36268
1441386259.819263286 -1.25695 -1.39096
1441386259.829831825 -1.17257 -1.3866
1441386259.839665105 -1.18298 -1.43163
1441386259.849549032 -1.08251 -1.40404
1441386259.859426564 -0.247902 -1.21364
1441386259.869705896 0.805394 -1.21229
1441386259.879581749 0.964124 -1.51968
1441386259.889244425 1.56093 -1.98366
1441386259.899545495 0.852745 -1.80727
1441386259.909623818 0.17707 -1.83103
1441386259.919483087 -0.210534 -2.01131
1441386259.929982993 -0.298725 -2.02625
1441386259.939769335 -0.358408 -1.9931
1441386259.949305404 -0.433864 -1.96877
1441386259.959163210 -0.262476 -1.85032
1441386259.969522097 -0.367439 -1.90415
1441386259.979646127 -0.38514 -1.89153
1441386259.989573444 -0.319606 -1.85799
1441386259.999518828 -0.417165 -1.90421
1441386260.009746109 -0.360524 -1.84244
1441386260.019640124 -0.493493 -1.86166
1441386260.029543998 -0.575861 -1.90404
1441386260.039785320 -0.680912 -1.94743
1441386260.049732699 -0.784743 -1.97516
1441386260.059447456 -0.968358 -2.07122
1441386260.069700676 -1.05464 -2.13354
1441386260.079646366 -0.892644 -2.08046
1441386260.089536898 -0.761496 -2.05309
1441386260.099349260 -0.379511 -1.83658
1441386260.109738916 0.33535 -1.44921
1441386260.119590864 0.953385 -1.13258
1441386260.129515806 1.22679 -1.00025
1441386260.139713263 0.662173 -1.31732
1441386260.149608677 0.302254 -1.49724
1441386260.159518920 0.250942 -1.50652
1441386260.169771333 0.475465 -1.3506
1441386260.179683190 0.394498 -1.41705
1441386260.189604950 0.313887 -1.45007
1441386260.199752656 0.280729 -1.43374
1441386260.209689345 0.246825 -1.44229
1441386260.219627713 0.210067 -1.39271
1441386260.229379992 0.175549 -1.39306
1441386260.239777906 0.250635 -1.353
1441386260.249567666 0.118941 -1.47177
1441386260.259441455 0.223741 -1.38445
1441386260.269919580 0.292385 -1.35489
1441386260.279721282 0.240259 -1.38665
1441386260.289484385 0.267467 -1.36566
1441386260.299824737 0.207358 -1.39471
1441386260.309707151 0.328385 -1.31256
1441386260.319495943 0.34062 -1.30849
1441386260.329843531 0.215882 -1.39779
1441386260.339776307 0.244973 -1.36815
1441386260.349607447 0.298644 -1.34518
1441386260.359609863 0.277068 -1.37817
1441386260.369857585 0.103401 -1.45361
1441386260.379637563 0.239807 -1.38317
1441386260.389479984 0.205829 -1.40673
1441386260.399862242 0.438258 -1.3064
1441386260.409741088 0.38744 -1.3357
1441386260.419622971 0.223246 -1.43745
1441386260.429911794 0.331089 -1.36027
1441386260.439786619 0.23346 -1.42521
1441386260.449509207 0.261297 -1.40288
1441386260.459537324 0.249883 -1.41718
1441386260.469841032 0.326946 -1.40966
1441386260.479617640 0.290234 -1.40398
1441386260.489558845 0.247045 -1.42264
1441386260.499897934 0.415333 -1.31087
1441386260.509531666 0.229821 -1.42566
1441386260.519360360 0.326549 -1.39825
1441386260.529410328 0.313409 -1.37985
1441386260.539794747 0.314333 -1.38333
1441386260.549848657 0.228299 -1.44332
1441386260.559589373 0.362756 -1.37033
1441386260.570001155 0.302322 -1.42384
1441386260.579694733 0.390717 -1.36884
1441386260.589542161 0.312087 -1.41513
1441386260.599417488 0.310016 -1.41782
1441386260.609777881 0.305906 -1.37446
1441386260.619654101 0.252678 -1.42344
1441386260.629404184 0.302429 -1.38647
1441386260.639544598 0.382467 -1.34692
1441386260.649591091 0.234593 -1.40585
1441386260.659249360 0.31612 -1.36298
1441386260.669872076 0.300378 -1.34852
1441386260.679700971 0.220852 -1.42598
1441386260.689636918 0.307245 -1.38511
1441386260.699507555 0.366644 -1.33002
1441386260.709734685 0.213719 -1.41612
1441386260.719588793 0.181991 -1.4274
1441386260.729651844 0.337086 -1.37809
1441386260.739833971 0.322392 -1.3835
1441386260.749644860 0.185237 -1.48279
1441386260.759712781 0.37701 -1.39312
1441386260.769501905 0.077725 -1.49014
1441386260.779575780 0.257665 -1.37044
1441386260.789668155 0.169332 -1.37514
1441386260.799594525 0.12155 -1.38433
1441386260.809807763 0.158886 -1.35381
1441386260.819759753 0.196044 -1.35502
1441386260.829598180 0.163232 -1.37901
1441386260.839854266 0.241585 -1.35185
1441386260.849720518 0.285719 -1.3309
1441386260.859748488 0.183132 -1.4125
1441386260.869474260 0.156776 -1.43515
1441386260.879794966 0.359389 -1.30514
1441386260.889595220 0.119997 -1.47229
1441386260.899573420 0.23933 -1.41034
1441386260.909970087 0.255486 -1.381
1441386260.919667944 0.323368 -1.33944
1441386260.929616861 0.224136 -1.38154
1441386260.939819946 0.388552 -1.31171
1441386260.949846834 0.186939 -1.42991
1441386260.959641319 0.261852 -1.37788
1441386260.969428974 0.171734 -1.40089
1441386260.979798067 0.322277 -1.32061
1441386260.989631212 0.268344 -1.32535
1441386260.999527889 0.163751 -1.39271
1441386261.009814141 0.209277 -1.34805
1441386261.019666345 0.299154 -1.27182
1441386261.029558381 0.042271 -1.42613
1441386261.039450927 0.083242 -1.39148
1441386261.049693920 0.246347 -1.33512
1441386261.059540841 0.143051 -1.40243
1441386261.069437488 0.188526 -1.38384
1441386261.079696030 0.260895 -1.34098
1441386261.089359717 0.117016 -1.39583
1441386261.099274170 0.231751 -1.35063
1441386261.109811574 0.134664 -1.40128
1441386261.119721160 0.268578 -1.32315
1441386261.129674272 0.122645 -1.41609
1441386261.139897769 0.229963 -1.36072
1441386261.149664862 0.135575 -1.39886
1441386261.159768055 0.192979 -1.33387
1441386261.169530236 0.209883 -1.34015
1441386261.179815075 0.150907 -1.35673
1441386261.189821380 0.141949 -1.35924
1441386261.199563133 0.08175 -1.37731
1441386261.209372072 0.206564 -1.29978
1441386261.219721330 0.148979 -1.34391
1441386261.229621399 0.079786 -1.39831
1441386261.239818510 0.150797 -1.34882
1441386261.249714580 0.151091 -1.351
1441386261.259610841 0.240879 -1.2862
1441386261.269543466 0.218902 -1.30287
1441386261.279738181 0.124273 -1.37829
1441386261.289657575 0.330406 -1.24966
1441386261.299418548 0.169509 -1.37502
1441386261.309555588 0.246802 -1.31382
1441386261.319483608 0.216975 -1.33236
1441386261.329642853 0.071357 -1.43344
1441386261.339469187 0.190168 -1.35728
1441386261.349714730 0.322888 -1.31327
1441386261.359581697 0.09753 -1.45381
1441386261.369411530 0.260968 -1.35557
1441386261.379804699 0.263068 -1.30222
1441386261.389681139 0.19155 -1.35028
1441386261.399506360 0.27473 -1.31208
1441386261.409852285 0.148009 -1.38857
1441386261.419728519 0.249912 -1.34914
1441386261.429567603 0.171472 -1.39089
1441386261.439424427 0.274582 -1.2732
1441386261.449731773 0.157584 -1.34172
1441386261.459642131 0.143101 -1.34327
1441386261.469518090 0.146146 -1.3014
1441386261.479522721 0.066553 -1.3489
1441386261.489682165 0.059435 -1.32104
1441386261.499591701 0.172036 -1.24317
1441386261.509460163 0.153206 -1.25795
1441386261.519785364 0.176924 -1.23759
1441386261.529572283 0.042902 -1.3101
1441386261.539541522 0.113308 -1.25475
1441386261.549765445 0.031495 -1.32905
1441386261.559808975 0.133314 -1.25504
1441386261.569577943 0.177965 -1.24835
1441386261.579769846 0.089209 -1.344
1441386261.589573683 0.231617 -1.29702
1441386261.599438713 0.10737 -1.37113
1441386261.609157692 0.214578 -1.32025
1441386261.619694674 0.120782 -1.38276
1441386261.629583242 0.307787 -1.25832
1441386261.639536414 0.119448 -1.36483
1441386261.649930090 0.21773 -1.32591
1441386261.659853828 0.165065 -1.34346
1441386261.669491908 0.166314 -1.355
1441386261.679765219 0.105351 -1.37732
1441386261.689745560 0.259554 -1.2904
1441386261.699582974 0.140056 -1.34299
1441386261.709422414 0.282119 -1.24168
1441386261.719780872 0.051081 -1.36887
1441386261.729646728 0.160174 -1.27232
1441386261.739228620 0.114166 -1.27823
1441386261.749635974 0.032315 -1.28313
1441386261.759657488 0.089762 -1.2432
1441386261.769449198 -0.007315 -1.29976
1441386261.779827843 0.074523 -1.22895
1441386261.789705972 -0.03411 -1.34068
1441386261.799307470 0.286168 -1.15772
1441386261.809995352 0.429227 -1.09149
1441386261.819731738 0.412835 -1.08497
1441386261.829552549 0.54556 -1.01321
1441386261.839542967 0.460494 -1.06876
1441386261.849507586 0.638961 -0.950682
1441386261.859421339 0.756469 -0.922484
1441386261.869334285 0.452781 -1.07059
1441386261.879618215 0.510297 -1.05988
1441386261.889492498 0.661331 -0.981136
1441386261.899449326 0.682239 -1.01796
1441386261.909231464 0.48413 -1.12835
1441386261.919536147 0.771116 -0.960126
1441386261.929492176 0.495746 -1.11357
1441386261.939293584 0.554089 -1.05655
1441386261.949585873 0.63035 -1.01048
1441386261.959815115 0.534691 -1.081
1441386261.969660525 0.619168 -0.996191
1441386261.979467639 0.436364 -1.10571
1441386261.989744293 0.597184 -0.995753
1441386261.999632259 0.569721 -0.966233
1441386262.009500035 0.387185 -1.03737
1441386262.019585968 0.474817 -0.934199
1441386262.029837721 0.448794 -0.970337
1441386262.039514073 0.394854 -0.984783
1441386262.049757011 0.342142 -1.04287
1441386262.059694516 0.558094 -0.936608
1441386262.069577982 0.550143 -0.961732
1441386262.079647791 0.624359 -0.920553
1441386262.089781850 0.500817 -0.960998
1441386262.099685081 0.521019 -0.976642
1441386262.109600376 0.437865 -1.03993
1441386262.119804667 0.495469 -1.04458
1441386262.129682081 0.258485 -1.20422
1441386262.139416347 0.352059 -1.12155
1441386262.149892036 0.221152 -1.18489
1441386262.159699426 0.251229 -1.15564
1441386262.169571998 0.151933 -1.17952
1441386262.179526382 0.253926 -1.13816
1441386262.189777819 0.408713 -1.02349
1441386262.199559018 0.265779 -1.12337
1441386262.209467217 0.22786 -1.14976
1441386262.219797926 0.480757 -1.02095
1441386262.229593905 0.36076 -1.09167
1441386262.239569870 0.468764 -1.02621
1441386262.249887826 0.570222 -0.968239
1441386262.259612956 0.335393 -1.10192
1441386262.269684461 0.447651 -1.04241
1441386262.279556505 0.381329 -1.11127
1441386262.289727697 0.301513 -1.17488
1441386262.299606788 0.328165 -1.15809
1441386262.309504873 0.196806 -1.24716
1441386262.319692095 0.114375 -1.25938
1441386262.329648541 0.040989 -1.30339
1441386262.339548359 0.097788 -1.255
1441386262.349598845 0.127389 -1.20581
1441386262.359513316 0.016601 -1.26138
1441386262.369390553 0.178914 -1.18722
1441386262.379362612 -0.035324 -1.31569
1441386262.389708326 -0.045014 -1.31401
1441386262.399650778 0.076875 -1.25198
1441386262.409517441 -0.003894 -1.29972
1441386262.419784899 0.186905 -1.17045
1441386262.429704098 0.250287 -1.12175
1441386262.439491852 0.515069 -0.988988
1441386262.449282455 0.534416 -1.003
1441386262.459732590 0.569853 -0.966793
1441386262.469578865 0.616955 -0.925348
1441386262.479382411 0.573934 -0.946531
1441386262.489857009 0.533635 -0.922469
1441386262.499665822 0.499309 -0.914169
1441386262.509542728 0.451111 -0.909675
1441386262.519553488 0.350878 -0.997183
1441386262.529742326 0.223332 -1.07613
1441386262.539521420 0.215036 -1.0727
1441386262.550053114 0.257531 -1.05856
1441386262.559784994 0.144883 -1.14133
1441386262.569659952 0.198657 -1.13284
1441386262.579502353 0.075833 -1.23396
1441386262.589459930 -0.119975 -1.36572
1441386262.599535856 -0.101873 -1.3402
1441386262.609483691 -0.201828 -1.41434
1441386262.619468521 -0.237555 -1.4275
1441386262.629459370 -0.202704 -1.41188
1441386262.639556821 -0.079182 -1.33746
1441386262.649377783 -0.056238 -1.36002
1441386262.659715994 0.058689 -1.27292
1441386262.669790462 0.053604 -1.27449
1441386262.679481794 0.121946 -1.23912
1441386262.689802576 0.205258 -1.15237
1441386262.699753944 0.116174 -1.22805
1441386262.709550073 0.159265 -1.15856
1441386262.719393983 0.155411 -1.12002
1441386262.729738961 0.001928 -1.17938
1441386262.739624591 -0.040672 -1.15378
1441386262.749434678 -0.168349 -1.23117
1441386262.759833851 -0.222402 -1.22887
1441386262.769802970 -0.251376 -1.22926
1441386262.779538730 -0.027395 -1.09497
1441386262.789533613 0.001458 -1.12559
1441386262.799775047 0.067962 -1.14937
1441386262.809460416 -0.031566 -1.26055
1441386262.819412645 0.255363 -1.12472
1441386262.829501983 0.234689 -1.12082
1441386262.839364933 0.159296 -1.144
1441386262.849253613 0.105219 -1.17562
1441386262.859655483 0.097269 -1.20163
1441386262.869801601 0.07292 -1.21552
1441386262.879605318 -0.000984 -1.2967
1441386262.889853251 -0.067437 -1.34735
1441386262.899751491 -0.135541 -1.35746
1441386262.909388232 -0.060604 -1.29304
1441386262.919554251 -0.05806 -1.26805
1441386262.929656203 -0.097038 -1.31726
1441386262.939609520 0.050015 -1.25703
1441386262.949513614 0.12265 -1.22064
1441386262.959808535 0.127788 -1.16253
1441386262.969545678 0.200804 -1.06828
1441386262.979608213 0.073685 -1.13564
1441386262.989844976 -0.033769 -1.16526
1441386262.999454956 -0.063214 -1.20141
1441386263.009459704 0.03843 -1.10979
1441386263.019234337 0.104021 -1.11309
1441386263.029926561 -0.201548 -1.30959
1441386263.039751923 -0.115748 -1.28179
1441386263.049406856 -0.021309 -1.23335
1441386263.059829257 0.065663 -1.19145
1441386263.069876797 0.12964 -1.16299
1441386263.079642451 0.081107 -1.19739
1441386263.089528293 0.152895 -1.16526
1441386263.099923336 0.158935 -1.1579
1441386263.109659702 0.384448 -1.01913
1441386263.119302797 0.191841 -1.14025
1441386263.129974155 0.117546 -1.17249
1441386263.139719376 0.178981 -1.14819
1441386263.149623455 0.035598 -1.25919
1441386263.159872572 0.094752 -1.20581
1441386263.169605640 0.108089 -1.17266
1441386263.179389927 -0.083658 -1.28467
1441386263.189479389 -0.017843 -1.24685
1441386263.199705502 0.107042 -1.15889
1441386263.209600445 0.215085 -1.05029
1441386263.219543167 0.008019 -1.20645
1441386263.229778537 0.188315 -1.08056
1441386263.239628812 0.067523 -1.1335
1441386263.249531878 0.287671 -0.989994
1441386263.259610705 0.188984 -1.11569
1441386263.269613833 0.080745 -1.18304
1441386263.279679069 0.172485 -1.09115
1441386263.289563112 0.214456 -1.10563
1441386263.299835506 -0.034615 -1.2589
1441386263.309749423 -0.110912 -1.28226
1441386263.319431744 -0.139638 -1.25323
1441386263.329795170 0.013964 -1.09428
1441386263.339388008 -0.103989 -1.1439
1441386263.349248581 -0.01784 -1.10718
1441386263.359177880 -0.043501 -1.15036
1441386263.369751721 -0.008416 -1.14286
1441386263.379541400 0.247456 -0.966491
1441386263.389427662 0.08968 -1.07735
1441386263.399734246 0.057951 -1.07622
1441386263.409824305 0.109863 -1.06731
1441386263.419488985 -0.052687 -1.19772
1441386263.429540911 -0.126251 -1.26303
1441386263.439760358 -0.024669 -1.17611
1441386263.449561289 -0.024832 -1.16884
1441386263.459627396 -0.166348 -1.26575
1441386263.469577348 -0.050445 -1.18761
1441386263.479411936 -0.080845 -1.19866
1441386263.489267392 0.004069 -1.14388
1441386263.499732100 0.014664 -1.14991
1441386263.509760341 0.072292 -1.1118
1441386263.519537692 0.180344 -1.00815
1441386263.529467245 0.131493 -1.04835
1441386263.539730363 0.030539 -1.10776
1441386263.549601941 0.188418 -1.0092
125
1441386259.770921655 481.8 81.6 21.6 0.98 0 0 -0.198
1441386259.809252203 481.8 81.6 21.6 0.98 0 0 -0.198
1441386259.840071338 481.8 81.6 21.6 0.98 0 0 -0.198
1441386259.872621803 481.8 81.6 21.6 0.98 0 0 -0.198
1441386259.899636167 481.8 81.6 21.6 0.98 0 0 -0.197
1441386259.932852122 481.8 81.6 21.6 0.98 0 0 -0.197
1441386259.961969984 481.8 81.6 21.6 0.981 0 0 -0.196
1441386259.992874005 481.8 81.5 21.6 0.981 0 0 -0.196
1441386260.022867998 481.8 81.5 21.6 0.981 0 0 -0.195
1441386260.053032198 481.8 81.5 21.6 0.981 0 0 -0.194
1441386260.083044888 481.8 81.5 21.6 0.981 0 0 -0.194
1441386260.112917245 481.8 81.5 21.6 0.981 0 0 -0.193
1441386260.142552589 481.8 81.5 21.6 0.981 0 0 -0.192
1441386260.172435008 481.8 81.5 21.6 0.981 0 0 -0.192
1441386260.199767806 481.8 81.5 21.6 0.982 0 0 -0.191
1441386260.232763149 481.8 81.5 21.6 0.982 0 0 -0.191
1441386260.259977052 481.8 81.5 21.6 0.982 0 0 -0.19
1441386260.293110142 481.8 81.5 21.6 0.982 0 0 -0.189
1441386260.319592822 481.8 81.5 21.6 0.982 0 0 -0.189
1441386260.352452331 481.8 81.5 21.6 0.982 0 0 -0.188
1441386260.382280149 481.8 81.5 21.6 0.982 0 0 -0.187
1441386260.412768789 481.8 81.5 21.6 0.982 0 0 -0.187
1441386260.442199502 481.8 81.5 21.6 0.983 0 0 -0.186
1441386260.475094700 481.8 81.5 21.6 0.983 0 0 -0.185
1441386260.502354759 481.8 81.5 21.6 0.983 0 0 -0.185
1441386260.539083153 481.8 81.5 21.6 0.983 0 0 -0.184
1441386260.565874330 481.8 81.5 21.6 0.983 0 0 -0.183
1441386260.598373952 481.8 81.5 21.6 0.983 0 0 -0.183
1441386260.628592939 481.8 81.5 21.6 0.983 0 0 -0.182
1441386260.658470977 481.8 81.5 21.6 0.983 0 0 -0.181
1441386260.689094305 481.8 81.5 21.6 0.984 0 0 -0.181
1441386260.718871451 481.8 81.5 21.6 0.984 0 0 -0.18
1441386260.748265071 481.8 81.5 21.6 0.984 0 0 -0.179
1441386260.781604317 481.8 81.5 21.6 0.984 0 0 -0.179
1441386260.811583826 481.8 81.5 21.6 0.984 0 0 -0.178
1441386260.845075375 481.8 81.5 21.6 0.984 0 0 -0.178
1441386260.871969846 481.8 81.5 21.6 0.984 0 0 -0.177
1441386260.904491569 481.8 81.5 21.6 0.984 0 0 -0.176
1441386260.934938598 481.8 81.5 21.6 0.985 0 0 -0.175
1441386260.964879878 481.8 81.5 21.6 0.985 0 0 -0.175
1441386260.994607976 481.8 81.5 21.6 0.985 0 0 -0.174
1441386261.028009597 481.8 81.5 21.6 0.985 0 0 -0.174
1441386261.054410332 481.8 81.5 21.6 0.985 0 0 -0.173
1441386261.087033293 481.8 81.5 21.6 0.985 0 0 -0.172
1441386261.114680990 481.8 81.5 21.6 0.985 0 0 -0.172
1441386261.147403356 481.8 81.5 21.6 0.985 0 0 -0.171
1441386261.177701010 481.8 81.5 21.6 0.985 0 0 -0.17
1441386261.207935893 481.8 81.5 21.6 0.986 0 0 -0.17
1441386261.234837411 481.8 81.5 21.6 0.986 0 0 -0.169
1441386261.267472009 481.8 81.5 21.6 0.986 0 0 -0.168
1441386261.297606146 481.8 81.5 21.6 0.986 0 0 -0.168
1441386261.328036360 481.8 81.5 21.6 0.986 0 0 -0.167
1441386261.358039925 481.8 81.5 21.6 0.986 0 0 -0.166
1441386261.390328033 481.8 81.5 21.6 0.986 0 0 -0.166
1441386261.418155079 481.8 81.5 21.6 0.986 0 0 -0.165
1441386261.448258308 481.8 81.5 21.6 0.986 0 0 -0.164
1441386261.477462010 481.8 81.5 21.6 0.987 0 0 -0.164
1441386261.510929006 481.8 81.5 21.6 0.987 0 0 -0.163
1441386261.537812367 481.8 81.5 21.6 0.987 0 0 -0.162
1441386261.570245721 481.8 81.5 21.6 0.987 0 0 -0.162
1441386261.597135305 481.8 81.5 21.6 0.987 0 0 -0.161
1441386261.630254473 481.8 81.5 21.6 0.987 0 0 -0.161
1441386261.658080937 481.7 81.5 21.6 0.987 0 0 -0.16
1441386261.690755533 481.7 81.5 21.6 0.987 0 0 -0.159
1441386261.720773245 481.7 81.5 21.6 0.987 0 0 -0.159
1441386261.750170112 481.8 81.5 21.6 0.987 0 0 -0.158
1441386261.777952881 481.8 81.5 21.6 0.988 0 0 -0.157
1441386261.811097523 481.7 81.5 21.6 0.988 0 0 -0.157
1441386261.840273389 481.7 81.5 21.6 0.988 0 0 -0.156
1441386261.870766057 481.7 81.5 21.6 0.988 0 0 -0.155
1441386261.900786070 481.7 81.5 21.6 0.988 0 0 -0.155
1441386261.932990242 481.7 81.5 21.6 0.988 0 0 -0.154
1441386261.960266673 481.8 81.5 21.6 0.988 0 0 -0.153
1441386261.993932355 481.8 81.5 21.6 0.988 0 0 -0.153
1441386262.020109599 481.8 81.5 21.6 0.988 0 0 -0.152
1441386262.053408939 481.8 81.5 21.6 0.988 0 0 -0.151
1441386262.080672082 481.8 81.5 21.6 0.989 0 0 -0.151
1441386262.114147176 481.8 81.5 21.6 0.989 0 0 -0.15
1441386262.143447952 481.8 81.5 21.6 0.989 0 0 -0.149
1441386262.173407640 481.8 81.5 21.6 0.989 0 0 -0.149
1441386262.203630546 481.8 81.5 21.6 0.989 0 0 -0.148
1441386262.236348567 481.8 81.5 21.6 0.989 0 0 -0.147
1441386262.263847459 481.8 81.5 21.6 0.989 0 0 -0.147
1441386262.296627129 481.8 81.5 21.6 0.989 0 0 -0.146
1441386262.326623797 481.7 81.5 21.6 0.989 0 0 -0.145
1441386262.356511813 481.7 81.5 21.6 0.989 0 0 -0.145
1441386262.387123764 481.7 81.5 21.6 0.99 0 0 -0.144
1441386262.416430444 481.8 81.5 21.6 0.99 0 0 -0.144
1441386262.446289244 481.7 81.5 21.6 0.99 0 0 -0.143
1441386262.476317344 481.7 81.5 21.6 0.99 0 0 -0.142
1441386262.506606384 481.7 81.5 21.6 0.99 0 0 -0.142
1441386262.540102984 481.7 81.5 21.6 0.99 0 0 -0.141
1441386262.566578357 481.7 81.5 21.6 0.99 0 0 -0.14
1441386262.599601668 481.7 81.5 21.6 0.99 0 0 -0.14
1441386262.629292725 481.7 81.5 21.6 0.99 0 0 -0.139
1441386262.660016454 481.7 81.5 21.6 0.99 0 0 -0.138
1441386262.686932495 481.7 81.5 21.6 0.99 0 0 -0.138
1441386262.719126390 481.7 81.5 21.6 0.991 0 0 -0.137
1441386262.746839412 481.7 81.5 21.6 0.991 0 0 -0.136
1441386262.779925032 481.7 81.5 21.6 0.991 0 0 -0.136
1441386262.806546638 481.7 81.5 21.6 0.991 0 0 -0.135
1441386262.839733463 481.7 81.5 21.6 0.991 0 0 -0.134
1441386262.866528856 481.7 81.5 21.6 0.991 0 0 -0.134
1441386262.899989486 481.7 81.5 21.6 0.991 0 0 -0.133
1441386262.926797873 481.7 81.5 21.6 0.991 0 0 -0.132
1441386262.959903054 481.7 81.5 21.6 0.991 0 0 -0.132
1441386262.989405500 481.7 81.5 21.6 0.991 0 0 -0.131
1441386263.022356326 481.7 81.5 21.6 0.991 0 0 -0.131
1441386263.049385251 481.7 81.5 21.6 0.992 0 0 -0.13
1441386263.082919854 481.7 81.5 21.6 0.992 0 0 -0.129
1441386263.109839748 481.7 81.5 21.6 0.992 0 0 -0.128
1441386263.142364152 481.7 81.5 21.6 0.992 0 0 -0.128
1441386263.169740828 481.7 81.5 21.6 0.992 0 0 -0.127
1441386263.202997373 481.7 81.5 21.6 0.992 0 0 -0.127
1441386263.229797505 481.7 81.5 21.6 0.992 0 0 -0.126
1441386263.263041858 481.7 81.5 21.6 0.992 0 0 -0.125
1441386263.289875043 481.7 81.5 21.6 0.992 0 0 -0.125
1441386263.319783377 481.7 81.5 21.6 0.992 0 0 -0.124
1441386263.349730995 481.7 81.5 21.6 0.992 0 0 -0.123
1441386263.379812737 481.7 81.5 21.6 0.992 0 0 -0.123
1441386263.409829111 481.7 81.5 21.6 0.993 0 0 -0.122
1441386263.443059221 481.7 81.5 21.6 0.993 0 0 -0.121
1441386263.469839889 481.7 81.5 21.6 0.993 0 0 -0.121
1441386263.499342560 481.7 81.5 21.6 0.993 0 0 -0.12
1441386263.529886178 481.7 81.5 21.6 0.993 0 0 -0.119
