20
560.822 -66.3895 10.3501 0.929773 0.00259164 -0.0031516 0.368111
568.341 -84.8993 10.4235 0.896671 0.00188815 -0.00255206 0.442687
177
1441241610.846723310 0.080715 -0.099765
1441241610.848312848 0.081773 -0.094626
1441241610.858323412 0.085385 -0.099013
1441241610.867944395 0.082736 -0.099708
1441241610.877838906 0.083401 -0.093468
1441241610.888149672 0.085512 -0.092248
1441241610.897959436 0.085392 -0.094383
1441241610.907888046 0.085252 -0.096703
1441241610.918170041 0.084531 -0.097268
1441241610.928309670 0.084898 -0.111053
1441241610.938138917 0.090708 -0.101851
1441241610.948346865 0.084349 -0.096115
1441241610.958313377 0.079687 -0.095824
1441241610.968159281 0.08105 -0.09424
1441241610.978004618 0.085519 -0.097805
1441241610.988407128 0.084505 -0.099422
1441241610.998291781 0.084677 -0.100667
1441241611.008032566 0.096471 -0.093875
1441241611.018470062 0.090948 -0.099714
1441241611.028216555 0.087286 -0.098958
1441241611.037901105 0.088131 -0.107125
1441241611.048188623 0.080664 -0.101942
1441241611.058004519 0.08585 -0.10145
1441241611.067965381 0.084443 -0.106213
1441241611.077805842 0.083553 -0.096868
1441241611.088130369 0.087103 -0.103184
1441241611.097975312 0.086806 -0.10433
1441241611.107814567 0.085243 -0.106711
1441241611.118155564 0.081743 -0.095761
1441241611.128033711 0.084013 -0.110605
1441241611.137897827 0.086984 -0.103186
1441241611.148191143 0.07613 -0.096108
1441241611.158104260 0.087077 -0.103206
1441241611.167941015 0.083722 -0.100177
1441241611.177805562 0.441136 0.509072
1441241611.188086669 1.23454 1.91136
1441241611.197981106 2.17052 3.55624
1441241611.207855991 2.25473 3.58172
1441241611.218133118 1.92601 3.21223
1441241611.228025794 1.91039 3.32875
1441241611.237895275 2.03656 3.42403
1441241611.248176837 1.86736 3.28393
1441241611.258034379 1.97489 3.38031
1441241611.267945013 1.8935 3.30053
1441241611.277800963 1.95383 3.34115
1441241611.288074511 1.8291 3.26314
1441241611.297993362 1.83906 3.29284
1441241611.307808254 1.77786 3.29867
1441241611.318120628 1.7351 3.28949
1441241611.328021945 1.74995 3.428
1441241611.337899671 1.6951 3.41128
1441241611.348143360 1.72522 3.43905
1441241611.358062512 1.68422 3.36172
1441241611.367867075 1.71511 3.38691
1441241611.378235940 1.67962 3.28942
1441241611.388079457 1.83283 3.33312
1441241611.397990798 1.73194 3.30146
1441241611.407869282 1.7307 3.26399
1441241611.418147851 1.74792 3.26249
1441241611.428026021 1.86405 3.24062
1441241611.437896151 1.91737 3.22825
1441241611.448193233 1.8475 3.24561
1441241611.458068149 1.74602 3.16916
1441241611.467922234 1.78025 3.32957
1441241611.478212748 1.74726 3.31209
1441241611.488010960 1.81915 3.45314
1441241611.497994206 1.63825 3.26241
1441241611.507830119 1.62883 3.29659
1441241611.518131690 1.69415 3.35391
1441241611.528022020 1.66986 3.26705
1441241611.537884765 1.79902 3.21785
1441241611.548176191 1.84358 3.24657
1441241611.558057512 1.85025 3.23994
1441241611.567928066 1.88946 3.15717
1441241611.577789434 1.79708 3.18269
1441241611.588100703 1.73399 3.24537
1441241611.597983515 1.65892 3.36954
1441241611.607817797 1.58681 3.38483
1441241611.618141003 1.58542 3.36044
1441241611.628011073 1.51284 3.3386
1441241611.637879862 1.62907 3.35073
1441241611.648153598 1.64015 3.28636
1441241611.658048362 1.52546 3.2475
1441241611.667920350 1.60191 3.34157
1441241611.678195404 1.63007 3.3739
1441241611.688079660 1.67236 3.31325
1441241611.697974645 1.68995 3.31871
1441241611.707807282 1.71433 3.20518
1441241611.718127029 1.76172 3.18522
1441241611.727998551 1.76603 3.2261
1441241611.737876651 1.64753 3.31379
1441241611.748138993 1.5922 3.37457
1441241611.758038314 1.63266 3.46557
1441241611.767863544 1.51458 3.26457
1441241611.778204052 1.65211 3.39448
1441241611.788078573 1.67863 3.45246
1441241611.797888922 1.64972 3.24541
1441241611.807824761 1.75583 3.28639
1441241611.818120268 1.88345 3.25766
1441241611.827996971 1.794 3.06777
1441241611.837854411 1.77029 3.12162
1441241611.848123985 1.88622 3.12989
1441241611.858041581 1.84818 3.12671
1441241611.867905418 1.79018 3.01085
1441241611.878171747 1.8571 3.09904
1441241611.888014802 1.74528 3.08368
1441241611.897951503 1.77293 3.17149
1441241611.907805892 1.86157 3.27281
1441241611.918051328 1.83936 3.23861
1441241611.927986692 1.77031 3.14663
1441241611.937854472 1.89001 3.1516
1441241611.948095573 1.91497 3.10861
1441241611.958009753 1.90625 3.17664
1441241611.967868026 1.88245 3.13398
1441241611.978168622 1.96377 3.1791
1441241611.988058988 1.93271 3.11972
1441241611.997943779 1.92161 3.05674
1441241612.007778306 1.97213 3.12695
1441241612.018112158 1.80553 3.0446
1441241612.027982054 1.81949 3.19884
1441241612.037811138 1.784 3.2529
1441241612.048129288 1.68149 3.34078
1441241612.058014995 1.55402 3.40939
1441241612.067894159 1.63442 3.51379
1441241612.078166432 1.65702 3.59131
1441241612.088051737 1.69222 3.50892
1441241612.097943180 1.73786 3.43479
1441241612.107784703 1.7985 3.37697
1441241612.118042486 1.90605 3.44321
1441241612.127975120 1.96366 3.44194
1441241612.137801831 1.89818 3.41317
1441241612.148126300 1.82188 3.34953
1441241612.158017739 1.75956 3.47771
1441241612.167850198 1.74656 3.52316
1441241612.178181089 1.67932 3.48143
1441241612.188053232 1.67174 3.46883
1441241612.197880044 1.837 3.53481
1441241612.207808793 1.74878 3.30319
1441241612.218104711 1.65606 3.27014
1441241612.227983618 1.72543 3.23481
1441241612.237835787 1.6878 3.23877
1441241612.248146784 1.70821 3.30217
1441241612.258020589 1.6892 3.33786
1441241612.267888818 1.75869 3.39656
1441241612.278189600 1.80529 3.41987
1441241612.288069530 1.86038 3.28417
1441241612.297941127 1.81101 3.27066
1441241612.308227039 1.59712 3.18325
1441241612.318118055 1.49086 3.23023
1441241612.327928732 1.59413 3.43701
1441241612.337819494 1.64688 3.44939
1441241612.348124512 1.65825 3.42241
1441241612.357994732 1.68215 3.37414
1441241612.367864261 1.65722 3.22813
1441241612.378181526 1.81137 3.3043
1441241612.388022124 1.73943 3.26576
1441241612.397906296 1.74132 3.16848
1441241612.408223606 1.75899 3.18829
1441241612.418130143 1.8279 3.35169
1441241612.427946665 1.6848 3.26573
1441241612.437882225 1.74508 3.2794
1441241612.448093324 1.66951 3.31659
1441241612.457991059 1.66374 3.34591
1441241612.467868461 1.60282 3.2614
1441241612.478166681 1.55385 3.31925
1441241612.488014604 1.6415 3.37422
1441241612.497932418 1.64103 3.21446
1441241612.508209792 1.63111 3.20526
1441241612.518071493 1.6564 3.2358
1441241612.527963511 1.62313 3.24159
1441241612.537814803 1.66857 3.32088
1441241612.548114660 1.67462 3.22299
1441241612.558008745 1.73255 3.17597
1441241612.567858593 1.75606 3.18296
1441241612.578156498 1.79762 3.10661
1441241612.588046748 1.72929 3.12033
1441241612.597885159 1.753 3.13494
59
1441241610.846749129 674.6 -29.5 22.9 0.696 0 0 -0.718
1441241610.876047650 674.6 -29.5 22.9 0.696 0 0 -0.718
1441241610.908972747 674.6 -29.5 22.9 0.696 0 0 -0.718
1441241610.938569357 674.6 -29.5 22.9 0.696 0 0 -0.718
1441241610.969282371 674.5 -29.5 22.9 0.696 0 0 -0.718
1441241610.999346679 674.6 -29.4 22.9 0.697 0 0 -0.718
1441241611.028717368 674.6 -29.4 22.9 0.697 0 0 -0.717
1441241611.058530992 674.6 -29.4 22.9 0.697 0 0 -0.717
1441241611.091349849 674.6 -29.5 22.9 0.698 0 0 -0.716
1441241611.118810048 674.6 -29.5 22.9 0.698 0 0 -0.716
1441241611.151666155 674.6 -29.5 22.9 0.699 0 0 -0.715
1441241611.181513165 674.6 -29.5 22.9 0.699 0 0 -0.715
1441241611.211606537 674.6 -29.5 22.9 0.7 0 0 -0.714
1441241611.241434739 674.6 -29.5 22.9 0.7 0 0 -0.714
1441241611.271338947 674.6 -29.5 22.9 0.701 0 0 -0.713
1441241611.301252190 674.6 -29.5 22.9 0.701 0 0 -0.713
1441241611.334398475 674.6 -29.5 22.9 0.702 0 0 -0.713
1441241611.361189991 674.6 -29.6 22.9 0.702 0 0 -0.712
1441241611.394183423 674.6 -29.6 22.9 0.703 0 0 -0.712
1441241611.422034521 674.6 -29.6 22.9 0.703 0 0 -0.711
1441241611.454227426 674.6 -29.6 22.9 0.703 0 0 -0.711
1441241611.482010528 674.6 -29.6 22.9 0.704 0 0 -0.71
1441241611.514217525 674.6 -29.6 22.9 0.704 0 0 -0.71
1441241611.541940308 674.5 -29.6 22.9 0.705 0 0 -0.709
1441241611.571803964 674.6 -29.6 22.9 0.705 0 0 -0.709
1441241611.601824648 674.6 -29.6 22.9 0.706 0 0 -0.708
1441241611.634380564 674.6 -29.6 22.9 0.706 0 0 -0.708
1441241611.662064280 674.5 -29.6 22.9 0.707 0 0 -0.707
1441241611.691963714 674.5 -29.6 22.9 0.707 0 0 -0.707
1441241611.721891092 674.6 -29.6 22.9 0.708 0 0 -0.707
1441241611.751847878 674.6 -29.6 22.9 0.708 0 0 -0.706
1441241611.781681967 674.5 -29.6 22.9 0.709 0 0 -0.706
1441241611.814705749 674.5 -29.6 22.9 0.709 0 0 -0.705
1441241611.841201326 674.6 -29.6 22.9 0.71 0 0 -0.705
1441241611.874240057 674.6 -29.6 22.9 0.71 0 0 -0.704
1441241611.901933796 674.6 -29.6 22.9 0.71 0 0 -0.704
1441241611.931855105 674.6 -29.6 22.9 0.711 0 0 -0.703
1441241611.961696552 674.6 -29.6 22.9 0.711 0 0 -0.703
1441241611.994562014 674.6 -29.7 22.9 0.712 0 0 -0.702
1441241612.021248592 674.6 -29.7 22.9 0.712 0 0 -0.702
1441241612.053993730 674.6 -29.7 22.9 0.713 0 0 -0.701
1441241612.088055398 674.5 -29.7 22.9 0.713 0 0 -0.701
1441241612.118039786 674.5 -29.7 22.9 0.714 0 0 -0.7
1441241612.147864976 674.5 -29.7 22.9 0.714 0 0 -0.7
1441241612.177625713 674.5 -29.7 22.9 0.715 0 0 -0.699
1441241612.207315142 674.5 -29.7 22.9 0.715 0 0 -0.699
1441241612.240358000 674.5 -29.7 22.9 0.716 0 0 -0.699
1441241612.267058423 674.6 -29.7 22.9 0.716 0 0 -0.698
1441241612.300164898 674.6 -29.7 22.9 0.717 0 0 -0.698
1441241612.327932584 674.5 -29.7 22.9 0.717 0 0 -0.697
1441241612.360835027 674.5 -29.7 22.9 0.717 0 0 -0.697
1441241612.390505464 674.5 -29.7 22.9 0.718 0 0 -0.696
1441241612.420227309 674.5 -29.7 22.9 0.718 0 0 -0.696
1441241612.450863145 674.5 -29.7 22.9 0.719 0 0 -0.695
1441241612.480535182 674.5 -29.7 22.9 0.719 0 0 -0.695
1441241612.508047477 674.5 -29.7 22.9 0.72 0 0 -0.694
1441241612.540868195 674.5 -29.7 22.9 0.72 0 0 -0.694
1441241612.570542988 674.5 -29.7 22.9 0.721 0 0 -0.693
1441241612.603353041 674.5 -29.7 22.9 0.721 0 0 -0.693
568.331 -84.8984 10.4179 0.896691 0.00189396 -0.00253658 0.442645
580.798 -103.487 10.672 0.857599 0.000828431 -0.00156801 0.514317
176
1441241643.576736400 0.082502 -0.100732
1441241643.578524087 0.084353 -0.103967
1441241643.588605622 0.083436 -0.096708
1441241643.598465864 0.085498 -0.100123
1441241643.608160312 0.087246 -0.102155
1441241643.618486199 0.087217 -0.102162
1441241643.628454910 0.086276 -0.101594
1441241643.638292230 0.086998 -0.102143
1441241643.648539686 0.085541 -0.103433
1441241643.658572136 0.076717 -0.091954
1441241643.668425477 0.080536 -0.097486
1441241643.678770743 0.091657 -0.101144
1441241643.688578887 0.073547 -0.088057
1441241643.698588546 0.081055 -0.092014
1441241643.708448216 0.086525 -0.092873
1441241643.718659103 0.093215 -0.089753
1441241643.728591441 0.093727 -0.100038
1441241643.738415158 0.089755 -0.104784
1441241643.748696408 0.087208 -0.100979
1441241643.758734290 0.083343 -0.103358
1441241643.768544276 0.082754 -0.096208
1441241643.778670131 0.084179 -0.106131
1441241643.788699063 0.086301 -0.098326
1441241643.798565102 0.08547 -0.102209
1441241643.808901778 0.085394 -0.09892
1441241643.818850109 0.087422 -0.095618
1441241643.828625526 0.083393 -0.100068
1441241643.838283949 0.08739 -0.098885
1441241643.848705144 0.084359 -0.106101
1441241643.858616256 0.084458 -0.101762
1441241643.868414158 0.129665 -0.034404
1441241643.878701427 0.883081 1.23461
1441241643.888689123 1.60496 2.41102
1441241643.898258598 2.09521 3.61629
1441241643.908237946 2.08407 3.813
1441241643.918434160 2.07191 3.73685
1441241643.928396656 2.12415 3.45638
1441241643.938244546 2.09489 3.40382
1441241643.948489574 2.28407 3.48519
1441241643.958421505 2.31594 3.25193
1441241643.968240861 2.31202 3.09898
1441241643.978518479 2.41626 3.21531
1441241643.988395782 2.35108 3.15055
1441241643.998348654 2.30261 3.17922
1441241644.008264629 2.37026 3.13124
1441241644.018415545 2.2477 2.91253
1441241644.028618592 2.31927 2.88773
1441241644.038541598 2.42998 2.97279
1441241644.048675282 2.10032 2.9728
1441241644.058571697 2.42144 3.15607
1441241644.068480486 2.36661 3.02952
1441241644.078725677 2.16675 3.00892
1441241644.088585884 2.25579 3.16005
1441241644.098520883 2.14808 3.06789
1441241644.108843283 2.24722 3.10106
1441241644.118465166 2.36861 3.04212
1441241644.128585313 2.24914 2.83923
1441241644.138401646 2.33309 2.90202
1441241644.148685936 2.34607 2.91445
1441241644.158710808 2.32244 2.81486
1441241644.168437798 2.43375 2.77156
1441241644.178632525 2.26155 2.84763
1441241644.188736545 2.41012 2.80971
1441241644.198570015 2.33361 2.75096
1441241644.208698381 2.40014 2.78465
1441241644.218551186 2.42438 2.7121
1441241644.228602169 2.29054 2.70655
1441241644.238103421 2.30403 2.84144
1441241644.248736628 2.29087 2.93089
1441241644.258602538 2.2542 2.92945
1441241644.268327105 2.21927 2.96206
1441241644.278780938 2.08193 2.90664
1441241644.288555296 2.1046 2.96874
1441241644.298394716 2.08694 2.89675
1441241644.308461302 2.19903 2.90971
1441241644.318705794 2.28596 2.90304
1441241644.328459309 2.38724 2.98328
1441241644.338261426 2.43431 2.86206
1441241644.348732933 2.36015 2.71145
1441241644.358475673 2.38319 2.85155
1441241644.368324283 2.37752 2.91696
1441241644.378901210 2.31872 2.93661
1441241644.388633046 2.34077 2.93685
1441241644.398382250 2.45864 2.88633
1441241644.408891627 2.38724 2.78536
1441241644.418481835 2.31501 2.78371
1441241644.428566646 2.33979 2.89072
1441241644.438921123 2.16805 2.92632
1441241644.448483772 2.24731 3.07557
1441241644.458301299 2.31416 3.09109
1441241644.468136660 2.14147 2.89251
1441241644.478462771 2.30053 2.87112
1441241644.488628349 2.24219 2.81221
1441241644.498570775 2.25139 2.85743
1441241644.508721893 2.38746 2.98709
1441241644.518545455 2.32417 2.89858
1441241644.528558194 2.3055 2.8654
1441241644.538828934 2.3568 3.05997
1441241644.548627329 2.42539 2.9341
1441241644.558707673 2.28452 2.80267
1441241644.568435615 2.38028 2.92228
1441241644.578718417 2.36712 2.88732
1441241644.588552800 2.28896 2.82309
1441241644.598377888 2.36014 2.95271
1441241644.608595927 2.20103 2.96992
1441241644.618375573 2.1106 2.87634
1441241644.628304920 2.12878 3.00334
1441241644.638180077 2.12583 3.06596
1441241644.648714884 2.20381 3.16561
1441241644.658589318 2.36335 3.1831
1441241644.668566141 2.17566 2.98083
1441241644.678509611 2.13795 2.90769
1441241644.688357581 2.32274 2.92751
1441241644.698440387 2.20429 2.92082
1441241644.708862563 2.32181 2.9069
1441241644.718603514 2.31589 3.06703
1441241644.728184840 2.12434 2.86591
1441241644.738176845 2.29216 2.9027
1441241644.748412183 2.30269 2.92163
1441241644.758543972 2.31473 2.83122
1441241644.768861137 2.26044 2.82805
1441241644.778656578 2.24486 2.85693
1441241644.788595475 2.25756 3.00442
1441241644.798840708 2.21122 2.98928
1441241644.808888772 2.18303 3.11241
1441241644.818426378 2.00443 3.13046
1441241644.828185429 2.00526 3.1427
1441241644.838770753 2.05943 3.1367
1441241644.848641709 2.06 3.11834
1441241644.858496989 2.16434 3.1697
1441241644.868793625 2.17937 3.02445
1441241644.878627615 2.22073 2.93658
1441241644.888286444 2.19909 2.96976
1441241644.898419614 2.20071 3.09195
1441241644.908697170 2.24608 3.081
1441241644.918548188 2.32155 3.17414
1441241644.928451524 2.33882 3.08366
1441241644.938513506 2.40338 2.91836
1441241644.948549336 2.40383 2.92769
1441241644.958402597 2.29958 2.89506
1441241644.968888086 2.24105 2.8682
1441241644.978574767 2.21762 2.90376
1441241644.988723400 2.18514 2.85631
1441241644.998782040 2.24068 3.01747
1441241645.008635140 2.14195 3.05336
1441241645.018555596 2.22114 3.01777
1441241645.028537524 2.34457 3.04549
1441241645.038751472 2.20888 2.87473
1441241645.048601882 2.19199 2.85329
1441241645.058549635 2.25097 2.83295
1441241645.068769668 2.41176 2.9418
1441241645.078640958 2.35857 2.9003
1441241645.088637993 2.32845 2.88555
1441241645.098135427 2.34406 2.89394
1441241645.108477997 2.21607 2.78893
1441241645.118340022 2.34632 2.92521
1441241645.128201892 2.29924 2.82928
1441241645.138590019 2.25309 2.75682
1441241645.148418383 2.31785 2.78764
1441241645.158642999 2.256 2.64309
1441241645.168835188 2.12382 2.73552
1441241645.178668071 1.9858 2.88636
1441241645.188577728 2.00127 2.90709
1441241645.198382315 2.0686 2.93555
1441241645.208869541 1.90926 2.95607
1441241645.218315128 2.03728 3.0134
1441241645.228263000 2.06492 3.03864
1441241645.238628173 1.98816 2.90121
1441241645.248584852 2.13802 2.92069
1441241645.258519964 1.97786 2.81799
1441241645.268808813 1.99164 2.79141
1441241645.278568291 2.07627 2.94906
1441241645.288486695 1.95412 2.97095
1441241645.298500647 2.32843 3.11876
1441241645.308743117 2.33512 2.79718
1441241645.318305803 2.06017 2.67588
59
1441241643.576736422 554.3 20.7 22.9 0.752 0 0 -0.659
1441241643.592280720 683.4 -18.3 22.9 0.752 0 0 -0.659
1441241643.623141095 683.4 -18.3 22.9 0.752 0 0 -0.659
1441241643.655709274 683.4 -18.3 22.9 0.752 0 0 -0.659
1441241643.686405303 683.4 -18.3 22.9 0.752 0 0 -0.659
1441241643.715543563 683.4 -18.2 22.9 0.752 0 0 -0.659
1441241643.745864674 683.4 -18.2 22.9 0.753 0 0 -0.658
1441241643.775849006 683.4 -18.2 22.9 0.753 0 0 -0.658
1441241643.808320826 683.4 -18.2 22.9 0.754 0 0 -0.657
1441241643.839303179 683.4 -18.3 22.9 0.754 0 0 -0.657
1441241643.869208670 683.4 -18.3 22.9 0.755 0 0 -0.656
1441241643.898779018 683.4 -18.3 22.9 0.755 0 0 -0.656
1441241643.928995278 683.4 -18.3 22.9 0.755 0 0 -0.655
1441241643.959079445 683.4 -18.3 22.9 0.756 0 0 -0.655
1441241643.988269272 683.4 -18.3 22.9 0.756 0 0 -0.654
1441241644.018275318 683.4 -18.3 22.9 0.757 0 0 -0.654
1441241644.048690662 683.4 -18.3 22.9 0.757 0 0 -0.653
1441241644.079003835 683.4 -18.3 22.9 0.758 0 0 -0.653
1441241644.108821798 683.4 -18.3 22.9 0.758 0 0 -0.652
1441241644.139428584 683.4 -18.3 22.9 0.758 0 0 -0.652
1441241644.168672004 683.4 -18.3 22.9 0.759 0 0 -0.651
1441241644.199357831 683.4 -18.3 22.9 0.759 0 0 -0.651
1441241644.229279965 683.4 -18.3 22.9 0.76 0 0 -0.65
1441241644.258944252 683.4 -18.3 22.9 0.76 0 0 -0.65
1441241644.289285814 683.4 -18.3 22.9 0.761 0 0 -0.649
1441241644.319150170 683.4 -18.3 22.9 0.761 0 0 -0.649
1441241644.348750248 683.4 -18.3 22.9 0.761 0 0 -0.648
1441241644.379177118 683.4 -18.3 22.9 0.762 0 0 -0.648
1441241644.409066271 683.5 -18.3 22.9 0.762 0 0 -0.647
1441241644.438938473 683.5 -18.3 22.9 0.763 0 0 -0.647
1441241644.471359269 683.4 -18.3 22.9 0.763 0 0 -0.646
1441241644.501401176 683.4 -18.3 22.9 0.764 0 0 -0.646
1441241644.531726280 683.5 -18.3 22.9 0.764 0 0 -0.645
1441241644.561455574 683.5 -18.4 22.9 0.764 0 0 -0.645
1441241644.595078293 683.5 -18.4 22.9 0.765 0 0 -0.644
1441241644.621923530 683.5 -18.4 22.9 0.765 0 0 -0.644
1441241644.655124632 683.4 -18.4 22.9 0.766 0 0 -0.643
1441241644.681731459 683.4 -18.4 22.9 0.766 0 0 -0.643
1441241644.715329948 683.5 -18.4 22.9 0.767 0 0 -0.642
1441241644.744605080 683.5 -18.4 22.9 0.767 0 0 -0.642
1441241644.774647368 683.5 -18.4 22.9 0.767 0 0 -0.641
1441241644.802526515 683.5 -18.4 22.9 0.768 0 0 -0.641
1441241644.834413208 683.4 -18.4 22.9 0.768 0 0 -0.64
1441241644.862135798 683.4 -18.4 22.9 0.769 0 0 -0.64
1441241644.894812017 683.4 -18.4 22.9 0.769 0 0 -0.639
1441241644.925279790 683.4 -18.4 22.9 0.77 0 0 -0.639
1441241644.954132142 683.5 -18.4 22.9 0.77 0 0 -0.638
1441241644.985343028 683.5 -18.4 22.9 0.77 0 0 -0.638
1441241645.015268750 683.4 -18.4 22.9 0.771 0 0 -0.637
1441241645.045441628 683.4 -18.4 22.9 0.771 0 0 -0.637
1441241645.077831773 683.5 -18.4 22.9 0.772 0 0 -0.636
1441241645.105008315 683.5 -18.4 22.9 0.772 0 0 -0.636
1441241645.137244472 683.5 -18.4 22.9 0.772 0 0 -0.635
1441241645.164781265 683.5 -18.4 22.9 0.773 0 0 -0.635
1441241645.198149778 683.5 -18.4 22.9 0.773 0 0 -0.634
1441241645.227690661 683.5 -18.4 22.9 0.774 0 0 -0.634
1441241645.261032430 683.4 -18.4 22.9 0.774 0 0 -0.633
1441241645.287617978 683.5 -18.4 22.9 0.775 0 0 -0.633
1441241645.320673395 683.5 -18.4 22.9 0.775 0 0 -0.632
