25
638.711 57.7595 10.9039 0.219155 0.000685841 0.00026789 0.97569
623.11 20.3525 11.0465 0.295501 -0.000285874 0.000198015 0.955342
129
1440897337.309119781 0.098549 -0.11536
1440897337.313896904 0.101598 -0.112752
1440897337.323671588 0.101496 -0.115909
1440897337.333437452 0.09873 -0.116783
1440897337.343757870 0.099702 -0.11494
1440897337.353600280 0.099798 -0.112828
1440897337.363538093 0.094104 -0.1176
1440897337.373994802 0.103519 -0.120389
1440897337.383723126 0.098483 -0.116609
1440897337.393748564 0.101684 -0.109456
1440897337.403666910 0.098351 -0.134402
1440897337.413873032 0.109712 -0.113688
1440897337.423874987 0.100017 -0.109601
1440897337.433715624 0.126797 -0.110919
1440897337.443913807 0.132542 -0.109527
1440897337.453879744 0.128855 -0.112975
1440897337.463687145 0.124757 -0.116269
1440897337.473758490 2.37202 1.43248
1440897337.483937092 4.26782 3.87856
1440897337.493773325 2.41722 2.39282
1440897337.503569620 2.27032 2.77363
1440897337.513984013 3.86415 3.69304
1440897337.523901702 2.2634 2.61575
1440897337.533605268 3.55795 3.30788
1440897337.543715859 3.60575 3.22115
1440897337.553932265 2.67763 2.7997
1440897337.563498666 3.20382 3.0141
1440897337.573778755 2.65847 2.70352
1440897337.583995086 2.51286 2.82246
1440897337.593732069 2.86123 2.96816
1440897337.603767781 2.81601 3.02547
1440897337.614064247 2.96744 3.10227
1440897337.623592361 3.20177 3.0981
1440897337.633481978 3.0579 2.90424
1440897337.644062794 3.20699 2.98051
1440897337.654044388 3.19853 2.91125
1440897337.663946973 2.95974 2.85335
1440897337.674117738 2.99413 2.96411
1440897337.683790296 2.89359 2.80918
1440897337.693826020 2.94305 2.80554
1440897337.703678835 3.16539 2.92901
1440897337.713675550 3.14932 2.93547
1440897337.723622053 3.03064 2.81727
1440897337.733517036 3.14946 2.89466
1440897337.743759602 3.04433 2.92834
1440897337.753926765 3.18391 2.98831
1440897337.763786130 3.13725 2.91994
1440897337.773613592 3.07279 2.77285
1440897337.783951618 3.18381 2.88086
1440897337.793771147 3.13939 2.64576
1440897337.803624293 3.06311 2.63427
1440897337.813712988 2.84899 2.68798
1440897337.823849740 2.80269 2.5416
1440897337.833465278 2.76694 2.57092
1440897337.843826398 2.96312 2.74623
1440897337.853689108 3.05672 2.78083
1440897337.863809999 3.01042 2.5873
1440897337.873787548 2.91143 2.78241
1440897337.883961024 3.03666 2.7442
1440897337.893906769 2.85563 2.70512
1440897337.903623109 2.95215 2.77812
1440897337.914020889 2.94426 2.81084
1440897337.923853547 2.86799 2.70498
1440897337.933556213 3.0735 3.07817
1440897337.943827936 2.81452 2.77045
1440897337.953910290 2.86991 2.88219
1440897337.963680890 3.0205 3.09091
1440897337.973720582 2.94051 2.95814
1440897337.983879785 2.8562 2.89689
1440897337.993803590 3.07792 3.16224
1440897338.003716854 3.00799 2.9439
1440897338.014060700 2.94943 2.91914
1440897338.023842260 2.99322 2.93173
1440897338.033757360 3.03931 2.92763
1440897338.043634180 2.91496 2.99034
1440897338.053647439 3.04333 2.80489
1440897338.063663164 2.94266 2.87376
1440897338.073445971 2.97402 2.96205
1440897338.084162207 2.97042 2.8188
1440897338.093898578 2.93567 2.72255
1440897338.103710720 3.05063 2.88594
1440897338.113806930 3.12247 2.79946
1440897338.123867264 2.99813 2.73747
1440897338.133699887 2.94581 2.72676
1440897338.144043911 3.08715 2.83077
1440897338.153873212 3.13523 2.71556
1440897338.163794570 3.12813 2.72801
1440897338.173665754 3.09291 2.70725
1440897338.183829171 2.96744 2.85433
1440897338.194024909 3.01707 2.73638
1440897338.203721343 2.84577 2.68884
1440897338.213692623 2.80203 2.64437
1440897338.224020415 2.90835 2.68553
1440897338.233750602 2.67728 2.57083
1440897338.244068486 2.93897 2.79843
1440897338.253955567 3.07509 2.87788
1440897338.263823346 2.96157 2.68254
1440897338.273482150 3.00571 2.75054
1440897338.283755978 2.8818 2.53198
1440897338.293835601 2.76812 2.66276
1440897338.303745959 2.9851 2.78671
1440897338.314040720 2.82744 2.69132
1440897338.323921460 2.98831 2.77228
1440897338.333634245 3.0649 2.69672
1440897338.343366069 3.05607 2.77235
1440897338.353904512 3.0595 2.68155
1440897338.363864424 3.14647 2.64477
1440897338.373829370 2.96169 2.51662
1440897338.383913078 2.96379 2.64296
1440897338.393626053 3.07791 2.641
1440897338.403487598 3.04032 2.5658
1440897338.414002487 2.97994 2.52687
1440897338.424072167 2.85397 2.58663
1440897338.433811019 2.84616 2.58808
1440897338.443606557 2.97165 2.66909
1440897338.453951325 2.98498 2.59495
1440897338.463837056 2.95348 2.68032
1440897338.473740553 2.83661 2.42454
1440897338.483909463 2.83404 2.55623
1440897338.494001818 2.95902 2.69122
1440897338.503799095 2.84486 2.63324
1440897338.513993735 2.81093 2.57327
1440897338.523882307 2.76045 2.47408
1440897338.533852109 2.6168 2.4902
1440897338.543389189 2.70188 2.45253
1440897338.553720899 2.6824 2.42626
1440897338.563888583 2.76411 2.60914
1440897338.573746055 2.82721 2.6381
1440897338.584229583 2.69083 2.53445
44
1440897337.309120488 576.4 88.4 23.5 0.535 -0.001 0 -0.845
1440897337.323646054 414.4 131.2 23.7 0.535 -0.001 0 -0.845
1440897337.353290943 414.4 131.2 23.7 0.535 -0.001 0 -0.845
1440897337.380280481 414.4 131.2 23.7 0.535 -0.001 0 -0.845
1440897337.413856975 414.4 131.3 23.7 0.535 -0.001 0 -0.845
1440897337.442977845 414.4 131.3 23.7 0.534 -0.001 0 -0.845
1440897337.476307339 414.3 131.3 23.7 0.534 -0.001 0 -0.846
1440897337.503324383 414.4 131.2 23.7 0.532 -0.001 0 -0.847
1440897337.533327155 414.3 131.2 23.7 0.531 -0.001 0 -0.847
1440897337.562774649 414.3 131.2 23.7 0.53 -0.001 0 -0.848
1440897337.593747800 414.3 131.2 23.7 0.529 -0.001 0 -0.849
1440897337.623380808 414.3 131.2 23.7 0.528 -0.001 0 -0.849
1440897337.654064284 414.3 131.1 23.7 0.527 -0.001 0 -0.85
1440897337.683098734 414.3 131.1 23.7 0.526 -0.001 0 -0.851
1440897337.713680248 414.3 131.1 23.7 0.524 -0.001 0 -0.851
1440897337.743543847 414.3 131.1 23.7 0.523 -0.001 0 -0.852
1440897337.773965209 414.3 131.1 23.7 0.522 -0.001 0 -0.853
1440897337.803692024 414.3 131 23.7 0.521 -0.001 0 -0.854
1440897337.836657855 414.3 131 23.7 0.52 -0.001 0 -0.854
1440897337.863029697 414.3 131 23.7 0.519 -0.001 0 -0.855
1440897337.896573441 414.3 131 23.7 0.518 -0.001 0 -0.856
1440897337.926417827 414.3 131 23.7 0.516 -0.001 0 -0.856
1440897337.956241737 414.3 131 23.7 0.515 -0.001 0 -0.857
1440897337.983738148 414.3 131 23.7 0.514 -0.001 0 -0.858
1440897338.016315200 414.3 130.9 23.7 0.513 -0.001 0 -0.858
1440897338.046274260 414.3 130.9 23.7 0.512 -0.001 0 -0.859
1440897338.078960835 414.2 130.9 23.7 0.511 -0.001 0 -0.86
1440897338.106923528 414.2 130.9 23.7 0.51 -0.001 0 -0.86
1440897338.139707356 414.2 130.9 23.7 0.509 -0.001 0 -0.861
1440897338.166184573 414.2 130.9 23.7 0.507 -0.001 0 -0.862
1440897338.199617360 414.2 130.8 23.7 0.506 -0.001 0 -0.862
1440897338.226273070 414.2 130.8 23.7 0.505 -0.001 0 -0.863
1440897338.259524960 414.2 130.8 23.7 0.504 -0.001 0 -0.864
1440897338.289405040 414.2 130.8 23.7 0.503 -0.001 0 -0.864
1440897338.319814110 414.2 130.8 23.7 0.502 -0.001 0 -0.865
1440897338.346443197 414.2 130.8 23.7 0.501 -0.001 0 -0.866
1440897338.379066490 414.2 130.8 23.7 0.5 -0.001 0 -0.866
1440897338.408919411 414.2 130.7 23.7 0.498 -0.001 0 -0.867
1440897338.439259388 414.1 130.7 23.7 0.497 -0.001 0 -0.868
1440897338.466296644 414.1 130.7 23.7 0.496 -0.001 0 -0.868
1440897338.499910801 414.1 130.7 23.7 0.495 -0.001 0 -0.869
1440897338.529302546 414.1 130.7 23.7 0.494 -0.001 0 -0.87
1440897338.562896772 414.1 130.7 23.7 0.493 -0.001 0 -0.87
1440897338.589856238 414.1 130.6 23.7 0.491 -0.001 0 -0.871
623.104 20.3384 11.0416 0.29555 -0.00026476 0.000235067 0.955327
631.086 48.3295 11.9175 0.112819 -0.00351226 -0.00187243 0.993608
112
1440897379.496564255 0.101792 -0.111448
1440897379.503583565 0.10275 -0.114234
1440897379.513472007 0.104555 -0.114253
1440897379.523763300 0.102505 -0.117483
1440897379.533564387 0.102693 -0.111967
1440897379.543460617 0.104544 -0.115202
1440897379.553986779 0.10173 -0.113717
1440897379.563738752 0.100955 -0.113197
1440897379.573586021 0.098051 -0.113989
1440897379.584009209 0.100609 -0.124194
1440897379.593700452 0.107945 -0.098066
1440897379.603664112 0.104589 -0.089402
1440897379.613480322 0.115367 -0.107737
1440897379.623919415 0.09797 -0.103932
1440897379.634043017 1.37375 2.0018
1440897379.643886325 2.79448 4.45109
1440897379.653741606 2.374 3.95039
1440897379.663639744 1.89355 3.32842
1440897379.673552692 1.27049 2.23857
1440897379.684036463 1.38947 2.45128
1440897379.693895403 1.5952 2.83135
1440897379.703779700 1.4848 2.68557
1440897379.713529513 1.59266 2.73792
1440897379.723821646 1.48335 2.74193
1440897379.733896261 1.42068 2.55895
1440897379.743634261 1.43843 2.60321
1440897379.754192863 1.24669 2.34429
1440897379.763935358 1.4194 2.55879
1440897379.773731933 1.37562 2.54727
1440897379.783975065 1.30664 2.40643
1440897379.793963454 1.51185 2.68942
1440897379.803780376 1.36875 2.4218
1440897379.813592658 1.40203 2.40771
1440897379.824004630 1.35213 2.2011
1440897379.833897188 1.62685 2.53274
1440897379.843754799 1.61733 2.4875
1440897379.854050472 1.6253 2.60813
1440897379.863937511 1.54743 2.54661
1440897379.873481463 1.51504 2.51404
1440897379.883842730 1.41518 2.36603
1440897379.893924107 1.53611 2.46883
1440897379.903803087 1.55793 2.39576
1440897379.914129984 1.7321 2.42456
1440897379.923934773 1.83072 2.45991
1440897379.933710829 1.78054 2.36357
1440897379.943527535 1.82899 2.43702
1440897379.953779613 1.69619 2.2998
1440897379.963717623 1.64011 2.24125
1440897379.973749617 1.71966 2.4014
1440897379.983633809 1.71421 2.34711
1440897379.993817857 1.76094 2.32934
1440897380.003609195 1.72065 2.1906
1440897380.013527178 1.77134 2.24452
1440897380.023889848 1.65866 2.11502
1440897380.034048090 1.6797 2.10171
1440897380.043733152 1.69095 2.09336
1440897380.053937635 1.82925 2.3083
1440897380.064077688 1.91539 2.40591
1440897380.073860723 1.85638 2.2886
1440897380.083638434 1.78127 2.14558
1440897380.093931798 1.76683 2.01088
1440897380.103856138 1.98459 2.2618
1440897380.113748335 1.84541 2.07657
1440897380.123705907 1.88081 2.19687
1440897380.133927494 1.8364 2.12588
1440897380.143810029 1.97789 2.26886
1440897380.153743175 1.77189 2.01814
1440897380.163923762 1.69313 1.98842
1440897380.173838981 1.77426 2.17008
1440897380.183584720 1.75663 2.20885
1440897380.194063341 1.75803 2.22055
1440897380.203804733 1.67212 2.11861
1440897380.213830017 1.69581 2.09868
1440897380.224015617 1.68766 2.08798
1440897380.233976272 1.71991 2.07703
1440897380.243705937 1.89485 2.19489
1440897380.253587789 1.91183 1.9845
1440897380.263932401 2.10639 2.11618
1440897380.273995047 1.99882 2.10392
1440897380.283646772 1.98121 2.07392
1440897380.294113295 1.94409 2.00553
1440897380.303834702 1.99881 2.08268
1440897380.313856383 2.02913 2.16314
1440897380.323627865 1.9334 2.12323
1440897380.333866762 2.04449 2.23449
1440897380.343892572 2.03502 2.08422
1440897380.353734498 1.93331 1.88502
1440897380.363718573 1.94988 1.898
1440897380.373597324 2.01075 2.0227
1440897380.383795084 2.12943 2.12727
1440897380.393599623 1.90739 1.84683
1440897380.403823239 2.01454 1.9299
1440897380.413780611 2.12986 1.98386
1440897380.423340918 1.8542 1.70068
1440897380.434039987 2.02644 1.94251
1440897380.443774628 2.10266 2.0007
1440897380.453619145 2.07206 1.98595
1440897380.463983402 2.13171 2.0376
1440897380.473874446 2.12532 1.9812
1440897380.483449889 1.99217 1.85356
1440897380.494241148 1.94589 1.82396
1440897380.503884144 1.95761 1.79861
1440897380.513759978 2.06449 1.95596
1440897380.523801599 1.89863 1.80445
1440897380.533982147 2.06463 2.01799
1440897380.543548782 1.9284 1.74379
1440897380.553438160 1.98309 1.66392
1440897380.563769674 2.14619 1.82679
1440897380.573901392 2.18553 1.85268
1440897380.583738416 2.08274 1.78114
1440897380.594042910 2.2327 1.90941
1440897380.603919680 2.30469 1.97369
37
1440897379.496566945 524.4 -34.1 23.5 0.996 0 0 0.093
1440897379.509501412 393.3 -233.7 23.6 0.996 0 0 0.093
1440897379.542439297 393.3 -233.7 23.6 0.996 0 0 0.093
1440897379.572813850 393.3 -233.7 23.6 0.996 0 0 0.093
1440897379.602380234 393.3 -233.7 23.6 0.996 0 0 0.092
1440897379.633044189 393.3 -233.7 23.6 0.996 0 0 0.092
1440897379.662331118 393.3 -233.6 23.6 0.996 0 0 0.09
1440897379.689569563 393.4 -233.6 23.6 0.996 0 0 0.089
1440897379.722363831 393.4 -233.6 23.6 0.996 0 0 0.088
1440897379.755593228 393.4 -233.6 23.6 0.996 0 0 0.086
1440897379.788469245 393.4 -233.7 23.6 0.996 0 0 0.085
1440897379.815168564 393.4 -233.7 23.6 0.997 0 0 0.084
1440897379.848381735 393.4 -233.7 23.6 0.997 0 0 0.082
1440897379.877667034 393.4 -233.7 23.6 0.997 0 0 0.081
1440897379.908672956 393.4 -233.7 23.6 0.997 0 0 0.08
1440897379.938154766 393.4 -233.7 23.6 0.997 0 0 0.078
1440897379.968562507 393.5 -233.7 23.6 0.997 0 0 0.077
1440897379.998373406 393.5 -233.7 23.6 0.997 0 0 0.076
1440897380.028640345 393.5 -233.7 23.6 0.997 0 0 0.074
1440897380.058696841 393.5 -233.7 23.6 0.997 0 0 0.073
1440897380.092077463 393.5 -233.7 23.6 0.997 0 0 0.072
1440897380.118820610 393.5 -233.7 23.6 0.998 0 0 0.07
1440897380.151274431 393.5 -233.7 23.6 0.998 0 0 0.069
1440897380.181537880 393.5 -233.7 23.6 0.998 0 0 0.068
1440897380.215123516 393.5 -233.7 23.6 0.998 0 0 0.067
1440897380.241787003 393.6 -233.7 23.6 0.998 0 0 0.065
1440897380.274269019 393.6 -233.7 23.6 0.998 0 0 0.064
1440897380.304475092 393.6 -233.7 23.6 0.998 0 0 0.062
1440897380.334460779 393.6 -233.7 23.6 0.998 0 0 0.061
1440897380.364429766 393.6 -233.7 23.6 0.998 0 0 0.06
1440897380.397722654 393.6 -233.6 23.6 0.998 0 0 0.058
1440897380.426889914 393.6 -233.6 23.6 0.998 0 0 0.057
1440897380.460325645 393.7 -233.6 23.6 0.998 0 0 0.056
1440897380.487734497 393.7 -233.6 23.6 0.999 0 0 0.054
1440897380.517921969 393.7 -233.6 23.6 0.999 0 0 0.053
1440897380.547710611 393.7 -233.6 23.6 0.999 0 0 0.052
1440897380.577608602 393.7 -233.6 23.6 0.999 0 0 0.051
631.057 48.3198 11.8623 0.112817 -0.00322249 -0.00175115 0.993609
624.017 45.5389 11.6408 0.20238 -0.00277754 -0.00144239 0.979302
114
1440897422.369375209 0.094872 -0.119055
1440897422.373638389 0.100462 -0.11308
1440897422.383878579 0.097647 -0.11825
1440897422.393597405 0.095535 -0.121548
1440897422.403491580 0.094216 -0.115287
1440897422.413409082 0.100438 -0.119771
1440897422.423793942 0.095977 -0.119522
1440897422.433701888 0.10491 -0.115377
1440897422.444025556 0.123509 -0.101183
1440897422.453841812 0.115418 -0.107696
1440897422.463753914 0.112665 -0.115325
1440897422.473704736 0.108706 -0.10183
1440897422.483981241 0.10468 -0.115339
1440897422.493908282 0.102889 -0.109767
1440897422.503627494 0.096037 -0.127262
1440897422.513781886 0.096638 -0.118754
1440897422.523750126 0.099881 -0.121743
1440897422.533719949 0.100665 -0.1155
1440897422.544071361 0.096787 -0.126868
1440897422.553895044 1.26626 1.46173
1440897422.563821490 2.07165 3.54551
1440897422.573669429 1.80466 3.11369
1440897422.583990766 1.67633 2.99831
1440897422.593883213 1.80095 3.15303
1440897422.603802863 1.78198 3.13865
1440897422.614008338 1.5449 2.57015
1440897422.623913289 1.58101 2.65131
1440897422.633764000 1.74849 2.96036
1440897422.643483735 1.63076 2.82692
1440897422.653726089 1.52582 2.71923
1440897422.663801682 1.75334 3.17824
1440897422.673738037 1.60265 2.81129
1440897422.683776034 1.49149 2.81321
1440897422.693772417 1.54286 3.21723
1440897422.703587488 1.51197 3.32243
1440897422.713391458 1.36897 2.93985
1440897422.723719343 1.48284 2.96111
1440897422.733983225 1.50145 2.92383
1440897422.744307695 1.43293 2.90582
1440897422.753870591 1.53181 3.16978
1440897422.763843473 1.5852 3.23029
1440897422.773628542 1.4231 2.88809
1440897422.783963506 1.36442 2.69767
1440897422.793609903 1.5617 3.125
1440897422.803466056 1.47417 2.83178
1440897422.814019031 1.5364 2.9831
1440897422.823801473 1.57943 2.82535
1440897422.833971918 1.68956 2.98541
1440897422.843648060 1.56401 2.74167
1440897422.853745096 1.57301 2.7563
1440897422.863690897 1.67057 2.82526
1440897422.873488949 1.69798 3.04156
1440897422.883760201 1.80778 3.47386
1440897422.893858283 1.63813 3.29566
1440897422.903766721 1.79445 3.47737
1440897422.913789077 1.69761 3.28495
1440897422.923720687 1.66119 3.19118
1440897422.933812008 1.69951 3.40135
1440897422.943645538 1.70437 3.3
1440897422.953990616 1.64042 3.18196
1440897422.963897175 1.76653 3.28041
1440897422.973757117 1.88262 3.44972
1440897422.983969107 1.69362 3.09742
1440897422.993887440 1.68041 3.16341
1440897423.003808963 1.81513 3.35132
1440897423.013796204 1.65496 3.07159
1440897423.024004821 1.80319 3.40829
1440897423.033650754 1.91376 3.50114
1440897423.043507264 1.6867 3.06388
1440897423.054134788 1.73689 3.22001
1440897423.063851634 1.74826 3.3122
1440897423.073718838 1.73321 3.33307
1440897423.083760179 1.72911 3.28543
1440897423.093848829 1.70961 3.18078
1440897423.103755994 1.69031 3.1233
1440897423.113642499 1.77753 3.56001
1440897423.123966607 1.57923 3.19484
1440897423.133706097 1.57482 3.35556
1440897423.143469695 1.64294 3.57124
1440897423.153989176 1.57277 3.39777
1440897423.163872466 1.56816 3.28606
1440897423.173887907 1.80981 3.65296
1440897423.184206755 1.76685 3.3891
1440897423.193708943 1.75219 3.27788
1440897423.203546700 1.82774 3.41817
1440897423.213653517 1.77791 3.35064
1440897423.224006092 1.73834 3.28005
1440897423.233859906 1.80818 3.5161
1440897423.243825426 1.77876 3.3904
1440897423.253775032 1.70383 3.47291
1440897423.263693783 1.6134 3.30711
1440897423.273825297 1.74257 3.59562
1440897423.283623706 1.73479 3.47339
1440897423.293921059 1.68032 3.34387
1440897423.303750464 1.80818 3.61165
1440897423.313571763 1.85152 3.72774
1440897423.323966380 1.69456 3.56331
1440897423.333873956 1.66708 3.42283
1440897423.343603106 1.71863 3.54451
1440897423.354056169 1.74189 3.37244
1440897423.363875055 1.67811 3.17779
1440897423.373670062 1.81766 3.44078
1440897423.384048742 1.80221 3.58173
1440897423.393967190 1.61618 3.39361
1440897423.403747627 1.58175 3.4281
1440897423.413430529 1.59829 3.39236
1440897423.423760988 1.65756 3.40827
1440897423.433607123 1.78695 3.58692
1440897423.443521437 1.62606 3.25817
1440897423.454030733 1.67867 3.61769
1440897423.463919441 1.61581 3.43729
1440897423.473550281 1.68176 3.64759
1440897423.483440367 1.67275 3.43971
1440897423.493834085 1.69245 3.36353
37
1440897422.369359793 665 74.4 24.7 0.113 -0.003 -0.002 0.994
1440897422.406631119 665 74.4 24.7 0.113 -0.003 -0.002 0.994
1440897422.440055596 665 74.4 24.7 0.113 -0.003 -0.002 0.994
1440897422.469964013 665 74.4 24.7 0.113 -0.003 -0.002 0.994
1440897422.497683004 664.9 74.4 24.6 0.113 -0.003 -0.002 0.994
1440897422.530047348 664.9 74.4 24.6 0.115 -0.003 -0.002 0.993
1440897422.559780182 664.9 74.4 24.7 0.116 -0.003 -0.002 0.993
1440897422.593099984 664.9 74.4 24.7 0.117 -0.003 -0.002 0.993
1440897422.620000729 664.9 74.4 24.7 0.119 -0.003 -0.002 0.993
1440897422.652778487 664.9 74.4 24.7 0.12 -0.003 -0.002 0.993
1440897422.680421559 664.9 74.4 24.7 0.121 -0.003 -0.002 0.993
1440897422.712912691 664.9 74.4 24.7 0.122 -0.003 -0.002 0.992
1440897422.740244492 664.9 74.4 24.7 0.124 -0.003 -0.002 0.992
1440897422.773234276 664.9 74.4 24.7 0.125 -0.003 -0.002 0.992
1440897422.799648682 664.8 74.4 24.7 0.126 -0.003 -0.002 0.992
1440897422.830755105 664.8 74.4 24.7 0.128 -0.003 -0.002 0.992
1440897422.860331389 664.8 74.4 24.7 0.129 -0.003 -0.002 0.992
1440897422.890864420 664.8 74.4 24.7 0.13 -0.003 -0.002 0.991
1440897422.920301641 664.8 74.4 24.7 0.132 -0.003 -0.002 0.991
1440897422.950726198 664.8 74.4 24.7 0.133 -0.003 -0.002 0.991
1440897422.980055414 664.8 74.4 24.7 0.134 -0.003 -0.002 0.991
1440897423.013807515 664.8 74.4 24.7 0.136 -0.003 -0.002 0.991
1440897423.043332459 664.7 74.4 24.7 0.137 -0.003 -0.002 0.991
1440897423.073458041 664.7 74.4 24.7 0.138 -0.003 -0.002 0.99
1440897423.102989183 664.7 74.5 24.7 0.14 -0.003 -0.002 0.99
1440897423.133080603 664.7 74.5 24.7 0.141 -0.003 -0.002 0.99
1440897423.162848856 664.7 74.5 24.7 0.142 -0.003 -0.002 0.99
1440897423.193356456 664.7 74.5 24.7 0.143 -0.003 -0.002 0.99
1440897423.220759366 664.6 74.5 24.7 0.145 -0.003 -0.002 0.989
1440897423.252790300 664.6 74.5 24.7 0.146 -0.003 -0.002 0.989
1440897423.283224078 664.6 74.5 24.7 0.147 -0.003 -0.002 0.989
1440897423.313290293 664.6 74.5 24.7 0.149 -0.003 -0.002 0.989
1440897423.343472133 664.6 74.5 24.7 0.15 -0.003 -0.002 0.989
1440897423.376723207 664.6 74.5 24.7 0.151 -0.003 -0.002 0.989
1440897423.409050038 664.6 74.5 24.7 0.153 -0.003 -0.002 0.988
1440897423.438911895 664.6 74.5 24.7 0.154 -0.003 -0.002 0.988
1440897423.469283608 664.5 74.5 24.7 0.155 -0.003 -0.002 0.988
624.02 45.537 11.6475 0.202381 -0.00280662 -0.00145534 0.979302
632.443 40.6114 11.4395 0.269991 -0.00164205 -0.00112385 0.962861
123
1440897465.391514825 0.102369 -0.115267
1440897465.393758224 0.101012 -0.115464
1440897465.403605913 0.098707 -0.117757
1440897465.413740692 0.097788 -0.117152
1440897465.423615371 0.097704 -0.113793
1440897465.433505167 0.10218 -0.11736
1440897465.443729957 0.100883 -0.11545
1440897465.453757912 0.10049 -0.117704
1440897465.463785249 0.09592 -0.126165
1440897465.473971826 0.108123 -0.107113
1440897465.483998513 0.093227 -0.112359
1440897465.493792508 0.110052 -0.130562
1440897465.503673443 0.13637 -0.138343
1440897465.513890013 0.13919 -0.138715
1440897465.523831138 0.127326 -0.125472
1440897465.533634384 0.106134 -0.119537
1440897465.544148387 0.093611 -0.110307
1440897465.553969148 0.14186 -0.090657
1440897465.563850600 0.681856 0.201002
1440897465.573350065 1.53249 0.619114
1440897465.583728384 2.86546 1.18923
1440897465.593594869 3.72674 1.61165
1440897465.603457281 4.03197 1.66465
1440897465.613847141 3.2709 1.25388
1440897465.623632048 2.95346 1.29258
1440897465.633642987 3.02388 1.36528
1440897465.644100545 3.17206 1.40362
1440897465.653874408 3.02781 1.37733
1440897465.663727429 3.06181 1.38067
1440897465.674025954 3.20914 1.41155
1440897465.684007923 2.9422 1.33955
1440897465.693543709 3.00607 1.3445
1440897465.703458431 3.21195 1.42411
1440897465.714083518 2.82469 1.33263
1440897465.723896272 3.07507 1.45264
1440897465.733686352 2.93012 1.37857
1440897465.744159656 2.88062 1.33275
1440897465.753649878 3.12935 1.32566
1440897465.763687437 3.09907 1.33767
1440897465.774134720 3.22504 1.44777
1440897465.783975527 3.14439 1.31842
1440897465.793833900 2.83703 1.23954
1440897465.803822058 2.801 1.33318
1440897465.813638695 3.02257 1.42891
1440897465.823833821 3.02625 1.39317
1440897465.833675466 3.18372 1.46809
1440897465.843668179 3.23508 1.4805
1440897465.853690095 2.92517 1.38687
1440897465.863561826 2.88061 1.37153
1440897465.873421946 2.75044 1.24362
1440897465.884038587 2.6395 1.2327
1440897465.893842930 3.1843 1.46254
1440897465.903797781 2.95805 1.15366
1440897465.913761849 2.93854 1.26301
1440897465.924147506 2.83555 1.34807
1440897465.933723641 2.82556 1.36286
1440897465.943671796 2.8596 1.3269
1440897465.954012479 2.70089 1.25622
1440897465.963785189 2.9011 1.32754
1440897465.973530602 2.97503 1.37545
1440897465.984036033 2.91381 1.38126
1440897465.993800641 2.911 1.32362
1440897466.003660859 2.82046 1.234
1440897466.013992666 2.71095 1.22583
1440897466.023944625 2.70095 1.2493
1440897466.033667079 2.89998 1.40693
1440897466.044228883 3.01611 1.42131
1440897466.053984639 3.00707 1.39793
1440897466.063845873 2.9331 1.31615
1440897466.073550882 2.78295 1.19901
1440897466.083744831 2.61271 1.1737
1440897466.093748010 2.68594 1.30054
1440897466.103547981 3.06055 1.51599
1440897466.113799984 3.10549 1.47788
1440897466.123841957 3.01984 1.3771
1440897466.133803624 2.7835 1.25973
1440897466.144059465 2.7745 1.28177
1440897466.153917743 2.57165 1.23065
1440897466.163881219 2.86511 1.32086
1440897466.173714555 3.14264 1.38984
1440897466.183957175 2.95447 1.26506
1440897466.193899513 2.83209 1.3235
1440897466.203774008 2.89369 1.32688
1440897466.214067662 3.13315 1.11428
1440897466.223865801 2.84507 1.01272
1440897466.233812518 2.82435 1.23379
1440897466.244083395 2.76457 1.28412
1440897466.253734281 3.08669 1.43551
1440897466.263581265 3.01417 1.28991
1440897466.273491151 2.97707 1.15502
1440897466.283421428 2.80167 1.15836
1440897466.293899056 2.79468 1.11042
1440897466.303817683 2.72827 1.08817
1440897466.314022913 2.84176 1.20326
1440897466.323939681 3.14466 1.40313
1440897466.333731891 2.99632 1.30406
1440897466.344077419 2.84861 1.08175
1440897466.354049216 2.54366 0.981762
1440897466.363813250 2.62487 1.17605
1440897466.373668887 2.64099 1.21662
1440897466.383919280 2.9082 1.30962
1440897466.393911088 2.71316 1.27328
1440897466.403673083 2.88012 1.23703
1440897466.414068116 2.84387 1.13292
1440897466.423972806 2.81292 1.08922
1440897466.433857381 2.77326 1.12079
1440897466.444112079 2.81531 1.23391
1440897466.453955823 2.73959 1.20844
1440897466.463830228 2.86724 1.22166
1440897466.473640802 2.68989 1.0866
1440897466.484002748 2.71047 1.1536
1440897466.493932326 2.73292 1.21857
1440897466.503526195 2.83169 1.25963
1440897466.513834581 2.8922 1.20373
1440897466.523672380 2.74067 1.074
1440897466.533944691 2.43237 1.04211
1440897466.543778146 2.64677 1.16985
1440897466.553993560 2.71332 1.19022
1440897466.563597319 2.73132 1.21613
1440897466.573697221 2.68983 1.14592
1440897466.584140179 2.5741 1.11786
1440897466.593826676 2.59151 1.08973
1440897466.603890293 2.67822 1.11045
41
1440897465.391497576 530.9 -10.1 23.5 0.982 0 -0.003 0.188
1440897465.406024553 724 41.4 24.8 0.982 0 -0.003 0.188
1440897465.439314207 724 41.4 24.8 0.982 0 -0.003 0.188
1440897465.469209954 724 41.4 24.8 0.982 0 -0.003 0.188
1440897465.498683333 724 41.3 24.8 0.982 0 -0.003 0.188
1440897465.532366555 724 41.2 24.8 0.982 0 -0.003 0.187
1440897465.559568140 724 41.3 24.8 0.983 0 -0.003 0.186
1440897465.588705957 724 41.4 24.7 0.983 0 -0.003 0.184
1440897465.618849909 724 41.4 24.7 0.983 0 -0.003 0.183
1440897465.649366172 724.1 41.4 24.7 0.983 0 -0.003 0.182
1440897465.679568435 724.1 41.4 24.7 0.984 0 -0.003 0.18
1440897465.709116447 724.1 41.5 24.8 0.984 0 -0.003 0.179
1440897465.739478815 724.1 41.5 24.8 0.984 0 -0.003 0.178
1440897465.769854660 724.1 41.4 24.8 0.984 0 -0.003 0.177
1440897465.799110823 724.2 41.5 24.8 0.985 0 -0.003 0.175
1440897465.832782914 724.2 41.4 24.8 0.985 0 -0.003 0.174
1440897465.861897764 724.2 41.4 24.8 0.985 0 -0.003 0.172
1440897465.892800557 724.2 41.4 24.8 0.985 0 -0.003 0.171
1440897465.922010252 724.2 41.4 24.8 0.985 0 -0.003 0.17
1440897465.952023483 724.2 41.4 24.8 0.986 0 -0.003 0.169
1440897465.982301898 724.2 41.5 24.8 0.986 0 -0.003 0.167
1440897466.011932962 724.3 41.5 24.8 0.986 0 -0.003 0.166
1440897466.041764524 724.3 41.5 24.8 0.986 0 -0.003 0.165
1440897466.075336256 724.3 41.5 24.8 0.987 0 -0.003 0.164
1440897466.105124505 724.3 41.5 24.8 0.987 0 -0.003 0.162
1440897466.138234607 724.3 41.5 24.8 0.987 0 -0.003 0.161
1440897466.165561692 724.3 41.5 24.8 0.987 0 -0.003 0.159
1440897466.198664829 724.4 41.5 24.8 0.987 0 -0.003 0.158
1440897466.225150715 724.4 41.5 24.8 0.988 0 -0.003 0.157
1440897466.257654927 724.4 41.5 24.8 0.988 0 -0.003 0.155
1440897466.291066927 724.4 41.5 24.8 0.988 0 -0.003 0.154
1440897466.323955763 724.4 41.5 24.8 0.988 0 -0.003 0.153
1440897466.351644679 724.4 41.5 24.8 0.988 0 -0.003 0.151
1440897466.383848768 724.4 41.5 24.8 0.989 0 -0.003 0.15
1440897466.411005274 724.5 41.6 24.8 0.989 0 -0.003 0.149
1440897466.444582947 724.5 41.6 24.8 0.989 0 -0.003 0.148
1440897466.471405542 724.5 41.6 24.8 0.989 0 -0.003 0.146
1440897466.504276677 724.5 41.6 24.8 0.989 0 -0.003 0.145
1440897466.531068753 724.5 41.6 24.8 0.99 0 -0.003 0.144
1440897466.563984054 724.5 41.6 24.8 0.99 0 -0.003 0.142
1440897466.591672508 724.5 41.7 24.8 0.99 0 -0.003 0.141
632.449 40.6115 11.4531 0.269991 -0.00171586 -0.00115325 0.962861
620.292 60.0627 11.595 0.188987 -0.00248732 -0.0014315 0.981975
117
1440897505.953961723 0.092923 -0.123582
1440897505.963813939 0.101296 -0.120226
1440897505.973748127 0.093963 -0.120776
1440897505.983638852 0.095339 -0.122671
1440897505.993441682 0.091919 -0.122974
1440897506.003756657 0.106043 -0.120699
1440897506.013655221 0.099575 -0.123675
1440897506.023862689 0.096979 -0.119125
1440897506.034045222 0.089554 -0.11835
1440897506.043782264 0.090521 -0.104296
1440897506.053758174 0.107188 -0.12252
1440897506.064084012 0.08702 -0.11361
1440897506.073632818 0.101609 -0.102581
1440897506.083598816 0.091689 -0.096001
1440897506.093411862 0.086901 -0.103425
1440897506.103838348 0.105595 -0.100215
1440897506.113729009 0.106577 -0.109742
1440897506.123476514 0.099509 -0.121569
1440897506.133765337 0.089366 -0.127112
1440897506.143681299 0.095529 -0.129492
1440897506.153531025 0.093782 -0.123875
1440897506.163490000 0.105392 -0.114705
1440897506.173767468 0.094212 -0.109745
1440897506.183823069 0.100806 -0.11557
1440897506.193504937 0.168993 -0.007799
1440897506.203865119 1.53957 2.68288
1440897506.214033526 1.31424 2.43796
1440897506.223616604 1.06241 2.03985
1440897506.233763579 1.29547 2.3783
1440897506.243912468 1.41776 2.73637
1440897506.253571477 1.4644 2.98519
1440897506.263833755 1.45613 3.03305
1440897506.273707600 1.50775 3.22861
1440897506.283788628 1.54113 3.15599
1440897506.293690216 1.58875 3.11236
1440897506.303949947 1.65295 3.10547
1440897506.313848583 1.66087 3.13984
1440897506.323642763 1.66403 3.09751
1440897506.334008704 1.68916 3.17353
1440897506.343814015 1.82821 3.5033
1440897506.353764746 1.56477 2.95838
1440897506.363741918 1.73152 3.27282
1440897506.373838026 1.65189 3.08776
1440897506.383799322 1.57788 2.99754
1440897506.394112015 1.67012 3.13817
1440897506.404009338 1.54533 3.03951
1440897506.413833236 1.54935 2.94083
1440897506.423705898 1.69307 3.21113
1440897506.433941553 1.66252 3.13215
1440897506.443913558 1.63148 3.00573
1440897506.453728742 1.74437 3.18883
1440897506.464037992 1.62192 2.99448
1440897506.473851211 1.65345 2.94756
1440897506.483580239 1.67377 3.07009
1440897506.493470151 1.59434 2.95547
1440897506.503753216 1.59101 3.00103
1440897506.513831552 1.68493 3.16605
1440897506.523696059 1.63613 3.07214
1440897506.533918777 1.70623 3.2542
1440897506.543958351 1.67361 3.0877
1440897506.553692447 1.68354 3.14003
1440897506.564254777 1.70161 3.19959
1440897506.574143750 1.56493 2.91577
1440897506.583798789 1.75821 3.25749
1440897506.593699766 1.64039 3.09151
1440897506.604177765 1.62131 3.16023
1440897506.613911771 1.6069 3.20755
1440897506.623722404 1.455 3.0118
1440897506.634002948 1.48889 3.21962
1440897506.643887305 1.42575 2.97983
1440897506.653738377 1.44721 3.16607
1440897506.663718296 1.41341 3.06132
1440897506.674029491 1.41646 3.05312
1440897506.683748937 1.563 3.35464
1440897506.693432682 1.51107 3.18353
1440897506.703989985 1.55252 3.25837
1440897506.713922325 1.66746 3.38427
1440897506.723770829 1.58077 3.21081
1440897506.734002636 1.51465 3.05919
1440897506.743883210 1.61473 3.13477
1440897506.753541643 1.71208 3.22072
1440897506.763846265 1.67859 3.191
1440897506.773925810 1.6506 3.02628
1440897506.783756810 1.65801 3.08146
1440897506.793677803 1.66443 3.10065
1440897506.804007219 1.61472 2.94631
1440897506.813621273 1.65548 3.04845
1440897506.823500192 1.71715 3.12992
1440897506.834003522 1.70759 3.14558
1440897506.843869226 1.77539 3.14
1440897506.853788060 1.71575 2.99521
1440897506.864015741 1.73972 3.07767
1440897506.873700146 1.7232 3.13222
1440897506.883555190 1.64245 3.0065
1440897506.893453987 1.68548 3.12958
1440897506.903840285 1.69607 3.20327
1440897506.913663741 1.61508 3.02231
1440897506.923558644 1.69399 3.23072
1440897506.933801955 1.69211 3.16969
1440897506.943650413 1.68522 3.14194
1440897506.953535295 1.72883 3.2187
1440897506.963862790 1.62404 3.01886
1440897506.973796439 1.68011 3.04331
1440897506.983690597 1.73833 3.18173
1440897506.993449383 1.68935 3.00271
1440897507.003670722 1.68843 3.05422
1440897507.013607814 1.6755 3.08127
1440897507.023488029 1.68332 3.12514
1440897507.034015267 1.63524 3.12864
1440897507.043923104 1.58447 3.11132
1440897507.053806621 1.52671 3.07397
1440897507.064065815 1.56363 3.15792
1440897507.073985194 1.57779 3.11506
1440897507.083735998 1.59314 3.16769
1440897507.093525157 1.66901 3.33057
1440897507.104005457 1.59337 3.17893
1440897507.113907902 1.61855 3.16797
39
1440897505.953966242 615.1 10.2 23.8 0.27 -0.002 -0.001 0.963
1440897505.975457670 461 4.6 23.2 0.27 -0.002 -0.001 0.963
1440897506.007694604 461 4.6 23.2 0.27 -0.002 -0.001 0.963
1440897506.041252404 461 4.6 23.2 0.27 -0.002 -0.001 0.963
1440897506.071273394 460.9 4.6 23.2 0.27 -0.002 -0.001 0.963
1440897506.101047460 460.9 4.6 23.2 0.269 -0.002 -0.001 0.963
1440897506.131374541 460.9 4.7 23.2 0.268 -0.002 -0.001 0.964
1440897506.161488842 460.9 4.7 23.2 0.266 -0.002 -0.001 0.964
1440897506.190991853 460.9 4.6 23.2 0.265 -0.002 -0.001 0.964
1440897506.221713933 460.9 4.7 23.2 0.264 -0.002 -0.001 0.965
1440897506.251765106 460.9 4.7 23.2 0.262 -0.002 -0.001 0.965
1440897506.284234248 460.9 4.7 23.2 0.261 -0.002 -0.001 0.965
1440897506.310933944 460.9 4.7 23.2 0.26 -0.002 -0.001 0.966
1440897506.344027453 460.9 4.7 23.2 0.259 -0.002 -0.001 0.966
1440897506.370980057 460.8 4.7 23.2 0.257 -0.002 -0.001 0.966
1440897506.404262082 460.8 4.7 23.2 0.256 -0.002 -0.001 0.967
1440897506.431178684 460.8 4.7 23.2 0.255 -0.002 -0.001 0.967
1440897506.464289574 460.8 4.7 23.2 0.254 -0.002 -0.001 0.967
1440897506.491044866 460.8 4.7 23.2 0.252 -0.002 -0.001 0.968
1440897506.523724419 460.8 4.7 23.2 0.251 -0.002 -0.001 0.968
1440897506.554380732 460.7 4.7 23.2 0.25 -0.002 -0.001 0.968
1440897506.584441424 460.7 4.8 23.2 0.249 -0.002 -0.001 0.969
1440897506.614653550 460.7 4.8 23.2 0.247 -0.002 -0.001 0.969
1440897506.644726550 460.7 4.8 23.2 0.246 -0.002 -0.001 0.969
1440897506.674556864 460.7 4.8 23.2 0.245 -0.002 -0.001 0.97
1440897506.704071048 460.7 4.8 23.2 0.244 -0.002 -0.001 0.97
1440897506.734020637 460.7 4.8 23.2 0.242 -0.002 -0.001 0.97
1440897506.764695358 460.7 4.8 23.2 0.241 -0.002 -0.001 0.971
1440897506.794787507 460.6 4.8 23.2 0.24 -0.002 -0.001 0.971
1440897506.823861313 460.6 4.8 23.2 0.238 -0.002 -0.001 0.971
1440897506.853783123 460.6 4.8 23.2 0.237 -0.002 -0.001 0.971
1440897506.883500336 460.6 4.8 23.2 0.236 -0.002 -0.001 0.972
1440897506.914442539 460.6 4.8 23.2 0.235 -0.002 -0.001 0.972
1440897506.944312641 460.6 4.8 23.2 0.233 -0.002 -0.001 0.972
1440897506.974610910 460.6 4.8 23.2 0.232 -0.002 -0.001 0.973
1440897507.003663706 460.6 4.8 23.2 0.231 -0.002 -0.001 0.973
1440897507.034038335 460.5 4.8 23.2 0.229 -0.002 -0.001 0.973
1440897507.064344945 460.5 4.9 23.2 0.228 -0.002 -0.001 0.974
1440897507.094116002 460.5 4.9 23.2 0.227 -0.002 -0.001 0.974
620.298 60.0613 11.6082 0.188994 -0.0025333 -0.00144775 0.981974
618.071 45.83 10.878 0.26368 0.000745084 4.0028e-05 0.96461
114
1440897556.619736331 0.096698 -0.125558
1440897556.628440703 0.10226 -0.118654
1440897556.638284056 0.096087 -0.116366
1440897556.647899320 0.096888 -0.116702
1440897556.657846982 0.097748 -0.117334
1440897556.668154714 0.088769 -0.120233
1440897556.678181114 0.102223 -0.120901
1440897556.688020378 0.096989 -0.120309
1440897556.698046472 0.100315 -0.107518
1440897556.708291356 0.095641 -0.123933
1440897556.718062071 0.112972 -0.106561
1440897556.728068967 0.121243 -0.123449
1440897556.738231604 0.106355 -0.132948
1440897556.748156035 0.109605 -0.116993
1440897556.758473894 0.097701 -0.129413
1440897556.768321197 0.108951 -0.122204
1440897556.778134722 0.10378 -0.12971
1440897556.788010324 0.103015 -0.125851
1440897556.798393329 0.103511 -0.113718
1440897556.808241726 0.097585 -0.120519
1440897556.818171087 0.09946 -0.120417
1440897556.828577928 1.44652 0.467307
1440897556.838274516 1.52209 0.432794
1440897556.848054338 1.29508 0.292021
1440897556.858059145 1.3346 0.30529
1440897556.868254933 1.46539 0.395717
1440897556.878123920 1.38327 0.3666
1440897556.887957070 1.27811 0.328967
1440897556.898249406 1.40772 0.382115
1440897556.908171657 1.38682 0.368181
1440897556.918079995 1.39683 0.361914
1440897556.928392398 1.33775 0.365874
1440897556.938191058 1.37971 0.37346
1440897556.948244251 1.31324 0.326231
1440897556.958410375 1.33762 0.296976
1440897556.968303279 1.28565 0.282441
1440897556.978137476 1.29682 0.309249
1440897556.987995443 1.35875 0.377679
1440897556.998295947 1.29235 0.373682
1440897557.008339459 1.30575 0.378946
1440897557.018130151 1.34634 0.371631
1440897557.028120403 1.33584 0.323175
1440897557.038062936 1.26201 0.282964
1440897557.047881154 1.30378 0.250333
1440897557.058183117 1.33576 0.216292
1440897557.068066932 1.37826 0.221136
1440897557.077924435 1.31509 0.201774
1440897557.087801080 1.31127 0.188946
1440897557.098099464 1.31335 0.209427
1440897557.107978151 1.33065 0.212086
1440897557.117869009 1.27076 0.219398
1440897557.127811003 1.24915 0.245666
1440897557.138030350 1.31056 0.339599
1440897557.147880852 1.28349 0.366751
1440897557.158417053 1.29143 0.358891
1440897557.168318056 1.32101 0.390308
1440897557.178105204 1.30485 0.378757
1440897557.188150124 1.21983 0.332581
1440897557.198434139 1.23907 0.319869
1440897557.208151142 1.26934 0.313267
1440897557.218009019 1.23318 0.268466
1440897557.228089354 1.299 0.316088
1440897557.238142347 1.31727 0.338237
1440897557.247814303 1.25328 0.3026
1440897557.258440372 1.26826 0.260436
1440897557.268253335 1.2046 0.199247
1440897557.278102742 1.23878 0.246224
1440897557.288062785 1.27353 0.275227
1440897557.298338012 1.30948 0.338388
1440897557.308206353 1.29575 0.341611
1440897557.318058998 1.17698 0.293011
1440897557.328334912 1.28255 0.343801
1440897557.338190377 1.24715 0.321173
1440897557.348159928 1.28295 0.356293
1440897557.358359027 1.32389 0.369729
1440897557.368076623 1.3908 0.415804
1440897557.378157042 1.28166 0.366288
1440897557.388143261 1.21889 0.314714
1440897557.398281019 1.25429 0.343894
1440897557.408436529 1.19446 0.304401
1440897557.418062831 1.1799 0.304048
1440897557.428106483 1.27563 0.312448
1440897557.438356119 1.25183 0.283005
1440897557.448200235 1.16456 0.279037
1440897557.457893977 1.27829 0.335861
1440897557.468389112 1.23806 0.312053
1440897557.478180685 1.26889 0.325325
1440897557.488006198 1.27163 0.317503
1440897557.498388532 1.28841 0.304872
1440897557.508292570 1.28341 0.287921
1440897557.518103879 1.24363 0.239739
1440897557.528094092 1.23294 0.250793
1440897557.538225005 1.2226 0.257789
1440897557.548205220 1.20143 0.230913
1440897557.558169001 1.29182 0.285187
1440897557.568388014 1.31498 0.294553
1440897557.577966609 1.33725 0.265892
1440897557.587828474 1.22259 0.197558
1440897557.598150734 1.29091 0.223315
1440897557.608074907 1.28988 0.256431
1440897557.617889137 1.31296 0.298684
1440897557.628411876 1.28581 0.317585
1440897557.638275310 1.31646 0.298591
1440897557.648164651 1.27202 0.287521
1440897557.658648032 1.29808 0.299071
1440897557.668334158 1.26685 0.279696
1440897557.678275016 1.24321 0.249365
1440897557.688162322 1.28096 0.238053
1440897557.698048965 1.32509 0.299382
1440897557.708018110 1.2581 0.262998
1440897557.717887061 1.20705 0.237119
1440897557.728303570 1.31397 0.280088
1440897557.738280281 1.31394 0.238868
1440897557.748236616 1.20927 0.19552
38
1440897556.619749792 578.1 -48.2 23.7 0.189 -0.003 -0.001 0.982
1440897556.638702372 482.7 71.4 23.4 0.189 -0.003 -0.001 0.982
1440897556.668556370 482.7 71.4 23.4 0.189 -0.003 -0.001 0.982
1440897556.698041300 482.7 71.4 23.4 0.189 -0.003 -0.001 0.982
1440897556.728595749 482.7 71.3 23.4 0.189 -0.003 -0.001 0.982
1440897556.758780608 482.6 71.4 23.3 0.19 -0.003 -0.001 0.982
1440897556.789095878 482.6 71.4 23.4 0.191 -0.003 -0.001 0.982
1440897556.819033640 482.6 71.4 23.4 0.193 -0.003 -0.001 0.981
1440897556.849008293 482.6 71.4 23.4 0.194 -0.003 -0.001 0.981
1440897556.881319018 482.6 71.4 23.4 0.195 -0.003 -0.001 0.981
1440897556.914863333 482.6 71.4 23.4 0.196 -0.003 -0.001 0.981
1440897556.941683132 482.6 71.4 23.4 0.198 -0.003 -0.001 0.98
1440897556.975135760 482.6 71.4 23.4 0.199 -0.003 -0.001 0.98
1440897557.001804925 482.5 71.4 23.4 0.2 -0.003 -0.001 0.98
1440897557.034602995 482.5 71.4 23.4 0.201 -0.003 -0.001 0.98
1440897557.064940754 482.5 71.4 23.4 0.203 -0.003 -0.001 0.979
1440897557.093928743 482.5 71.4 23.4 0.204 -0.002 -0.001 0.979
1440897557.124799622 482.5 71.4 23.4 0.206 -0.002 -0.001 0.979
1440897557.154558473 482.5 71.4 23.4 0.207 -0.002 -0.001 0.978
1440897557.184649255 482.5 71.4 23.4 0.208 -0.003 -0.001 0.978
1440897557.217275699 482.5 71.4 23.4 0.209 -0.003 -0.001 0.978
1440897557.244565930 482.4 71.4 23.4 0.211 -0.002 -0.002 0.978
1440897557.277713879 482.4 71.5 23.4 0.212 -0.002 -0.002 0.977
1440897557.304337279 482.4 71.4 23.4 0.213 -0.002 -0.002 0.977
1440897557.337536502 482.4 71.4 23.4 0.215 -0.003 -0.002 0.977
1440897557.364006177 482.4 71.5 23.4 0.216 -0.003 -0.002 0.976
1440897557.397599113 482.4 71.5 23.4 0.217 -0.002 -0.002 0.976
1440897557.427545659 482.4 71.5 23.4 0.218 -0.002 -0.002 0.976
1440897557.457890449 482.3 71.5 23.4 0.22 -0.002 -0.002 0.976
1440897557.488155328 482.3 71.5 23.4 0.221 -0.002 -0.002 0.975
1440897557.520317725 482.3 71.5 23.4 0.222 -0.002 -0.002 0.975
1440897557.547166409 482.3 71.5 23.4 0.224 -0.002 -0.002 0.975
1440897557.580289090 482.3 71.5 23.4 0.225 -0.002 -0.002 0.974
1440897557.606998071 482.3 71.5 23.4 0.226 -0.002 -0.002 0.974
1440897557.640994313 482.3 71.5 23.4 0.227 -0.002 -0.002 0.974
1440897557.667743397 482.2 71.5 23.4 0.229 -0.002 -0.002 0.973
1440897557.700602292 482.2 71.5 23.4 0.23 -0.002 -0.002 0.973
1440897557.727581962 482.2 71.5 23.4 0.231 -0.002 -0.002 0.973
618.074 45.8308 10.8829 0.263673 0.000707594 2.22545e-05 0.964612
618.454 51.2851 10.5192 0.22326 0.00255852 0.00072379 0.974755
121
1440897599.512074717 0.09958 -0.118283
1440897599.518001130 0.094919 -0.124769
1440897599.528200246 0.096929 -0.120106
1440897599.537978665 0.093896 -0.122962
1440897599.547908842 0.10056 -0.118751
1440897599.558209939 0.100676 -0.117566
1440897599.568093407 0.094011 -0.12194
1440897599.577909254 0.09498 -0.119077
1440897599.587954239 0.107097 -0.107708
1440897599.598225286 0.082115 -0.118795
1440897599.608228750 0.10622 -0.120763
1440897599.617998679 0.095067 -0.093384
1440897599.628128151 0.099113 -0.097644
1440897599.638029533 0.092427 -0.108615
1440897599.647871135 0.083256 -0.109178
1440897599.658365172 0.087056 -0.116919
1440897599.668501026 0.093251 -0.115855
1440897599.678107297 0.105093 -0.122274
1440897599.688021473 0.100498 -0.124266
1440897599.698390056 0.108847 -0.115445
1440897599.708255195 0.1035 -0.119298
1440897599.718022417 0.094209 -0.118641
1440897599.728474317 0.100637 -0.115276
1440897599.738322296 0.09336 -0.114669
1440897599.748171493 0.100605 -0.109741
1440897599.758019522 0.095913 -0.120609
1440897599.768405529 0.103557 -0.114733
1440897599.778256872 0.100865 -0.115474
1440897599.787977727 0.104743 -0.124483
1440897599.798409550 0.103999 -0.119582
1440897599.808322755 0.102174 -0.119749
1440897599.818079544 0.099803 -0.114962
1440897599.828496713 0.095197 -0.120223
1440897599.838399017 0.103353 -0.118031
1440897599.847930871 0.100272 -0.12305
1440897599.858316111 0.10439 -0.11521
1440897599.868349980 0.094308 -0.117548
1440897599.878381779 0.120822 -0.058502
1440897599.888041838 0.387018 0.537626
1440897599.898463208 0.763091 1.31937
1440897599.908024097 0.806866 1.47472
1440897599.917838815 0.711272 1.37187
1440897599.927970014 0.743823 1.37247
1440897599.938335229 0.711854 1.39836
1440897599.948196258 0.714887 1.47772
1440897599.958127038 0.665022 1.38754
1440897599.968136158 0.753633 1.48375
1440897599.978218696 0.704258 1.32895
1440897599.988153271 0.772779 1.42832
1440897599.998338022 0.765734 1.37792
1440897600.008469537 0.813919 1.44072
1440897600.018238639 0.772535 1.39565
1440897600.028433530 0.682369 1.36974
1440897600.038337503 0.679722 1.47297
1440897600.048213181 0.688632 1.5087
1440897600.058034278 0.605868 1.49605
1440897600.068415319 0.539075 1.40144
1440897600.078192650 0.579098 1.41706
1440897600.088088374 0.62239 1.4434
1440897600.098447174 0.70725 1.47775
1440897600.108303823 0.714798 1.41754
1440897600.117931746 0.733046 1.47276
1440897600.127865890 0.713773 1.46425
1440897600.138316263 0.709818 1.53102
1440897600.148237847 0.686471 1.46171
1440897600.158233698 0.652385 1.36097
1440897600.168390305 0.661047 1.33391
1440897600.177985991 0.651501 1.36904
1440897600.187899817 0.669263 1.40602
1440897600.197789680 0.685631 1.47093
1440897600.208178111 0.642046 1.38186
1440897600.218327237 0.696993 1.53892
1440897600.228187580 0.657295 1.46531
1440897600.238099934 0.700977 1.47839
1440897600.248068185 0.696297 1.42881
1440897600.257989939 0.684308 1.46962
1440897600.268433374 0.616023 1.46497
1440897600.278482813 0.616308 1.40909
1440897600.288292604 0.571393 1.43357
1440897600.298029652 0.561549 1.45508
1440897600.308227335 0.658768 1.468
1440897600.318154892 0.673197 1.43165
1440897600.328151244 0.662658 1.42434
1440897600.337792725 0.638526 1.41551
1440897600.348051066 0.659926 1.4647
1440897600.357877081 0.656069 1.47874
1440897600.367886582 0.634453 1.36705
1440897600.378201676 0.68147 1.42551
1440897600.388111620 0.66342 1.4012
1440897600.398105416 0.681532 1.4522
1440897600.408395237 0.624586 1.38328
1440897600.418231884 0.627046 1.36862
1440897600.427992270 0.653499 1.32981
1440897600.438387168 0.663684 1.39339
1440897600.448279797 0.723041 1.52546
1440897600.458013617 0.631183 1.36608
1440897600.468622574 0.621081 1.39347
1440897600.478284167 0.564363 1.38817
1440897600.488228259 0.620341 1.50991
1440897600.498160703 0.629554 1.43405
1440897600.508390124 0.672463 1.39139
1440897600.518188242 0.738725 1.41688
1440897600.528227133 0.737299 1.42562
1440897600.538061776 0.755921 1.43344
1440897600.548211603 0.699349 1.37937
1440897600.557937990 0.64787 1.36444
1440897600.568008699 0.597759 1.37202
1440897600.578308112 0.622977 1.3706
1440897600.588252529 0.642121 1.42726
1440897600.598061172 0.66768 1.4757
1440897600.608286366 0.696035 1.46579
1440897600.617992942 0.703648 1.51938
1440897600.627917825 0.691128 1.53452
1440897600.638007163 0.699557 1.48864
1440897600.648371487 0.678535 1.41993
1440897600.658172231 0.64635 1.35961
1440897600.668063790 0.636087 1.3853
1440897600.678188704 0.599416 1.32773
1440897600.688045030 0.601579 1.39914
1440897600.697821411 0.616279 1.31594
1440897600.708200067 0.703778 1.43228
41
1440897599.512092448 524 -18.2 23.5 0.992 0 0.001 0.126
1440897599.527055355 622 25 23.4 0.992 0 0.001 0.126
1440897599.556612750 622 25 23.4 0.992 0 0.001 0.126
1440897599.582959200 622 25 23.4 0.992 0 0.001 0.126
1440897599.616399078 622 24.9 23.4 0.992 0 0.001 0.126
1440897599.646440795 622 24.9 23.4 0.992 0 0.001 0.126
1440897599.677117760 622.1 25 23.4 0.992 0 0.001 0.128
1440897599.709868472 622.1 25 23.4 0.992 0 0.001 0.129
1440897599.740070976 622.1 25 23.4 0.991 0 0.001 0.13
1440897599.769309393 622.1 25 23.4 0.991 0 0.001 0.132
1440897599.799480689 622.1 25 23.4 0.991 0 0.001 0.133
1440897599.829877713 622.1 25 23.4 0.991 0 0.001 0.134
1440897599.862011418 622.1 25 23.4 0.991 0 0.001 0.136
1440897599.889714063 622.1 25 23.4 0.991 0 0.001 0.137
1440897599.921936961 622.1 25 23.4 0.99 0 0.001 0.138
1440897599.949720856 622.1 25 23.4 0.99 0 0.001 0.14
1440897599.982383725 622.2 25 23.4 0.99 0 0.001 0.141
1440897600.010111972 622.2 25 23.4 0.99 0 0.001 0.142
1440897600.042587858 622.2 25 23.4 0.99 0 0.001 0.143
1440897600.072417321 622.2 25 23.4 0.989 0 0.001 0.145
1440897600.102785067 622.2 25 23.4 0.989 0 0.001 0.146
1440897600.132112045 622.2 25 23.4 0.989 0 0.001 0.147
1440897600.165457213 622.3 25 23.4 0.989 0 0.001 0.149
1440897600.192300311 622.3 25 23.4 0.989 0 0.001 0.15
1440897600.222460376 622.3 25 23.4 0.989 0 0.001 0.151
1440897600.252840624 622.3 25 23.4 0.988 0 0.001 0.153
1440897600.283162761 622.3 25 23.4 0.988 0 0.001 0.154
1440897600.312430095 622.3 25.1 23.4 0.988 0 0.001 0.155
1440897600.345397464 622.3 25 23.4 0.988 0 0.001 0.156
1440897600.375808467 622.4 25 23.4 0.987 0 0.001 0.158
1440897600.405668255 622.4 25 23.4 0.987 0 0.001 0.159
1440897600.435786835 622.4 25.1 23.4 0.987 0 0.001 0.16
1440897600.465562208 622.4 25 23.4 0.987 0 0.001 0.162
1440897600.493117391 622.4 25.1 23.4 0.987 0 0.001 0.163
1440897600.525176955 622.4 25.1 23.4 0.986 0 0.001 0.164
1440897600.555734273 622.5 25.1 23.4 0.986 0 0.001 0.166
1440897600.585332818 622.5 25.1 23.4 0.986 0 0.001 0.167
1440897600.615679661 622.5 25.1 23.4 0.986 0 0.001 0.168
1440897600.648840179 622.5 25.1 23.4 0.986 0 0.001 0.169
1440897600.675855612 622.5 25.1 23.4 0.985 0 0.001 0.171
1440897600.708856014 622.5 25.1 23.4 0.985 0 0.001 0.172
618.403 51.2809 10.4379 0.223263 0.00303364 0.000863554 0.974753
631.048 98.4007 10.9195 0.0683011 0.00156959 -0.00029411 0.997663
123
1440897634.187508973 0.102116 -0.121924
1440897634.193138546 0.09424 -0.117506
1440897634.202750958 0.099244 -0.121418
1440897634.212596260 0.099346 -0.122553
1440897634.222934967 0.095004 -0.120251
1440897634.232865520 0.100135 -0.12203
1440897634.242656513 0.098384 -0.124194
1440897634.253082301 0.096746 -0.123395
1440897634.262851813 0.097048 -0.116857
1440897634.272772547 0.088086 -0.132164
1440897634.283112726 0.123801 -0.130408
1440897634.292917701 0.148592 -0.123898
1440897634.302788637 0.148089 -0.13603
1440897634.312696979 0.139637 -0.142452
1440897634.323048933 0.107966 -0.118326
1440897634.332819593 0.100243 -0.121007
1440897634.342752701 0.590041 0.163967
1440897634.352637795 4.31419 2.11396
1440897634.362857802 3.42539 1.52111
1440897634.372853971 2.20488 0.900365
1440897634.383090173 3.37484 1.40535
1440897634.393001203 2.88481 1.14851
1440897634.402787147 2.66618 1.13113
1440897634.412670629 2.62829 1.07296
1440897634.423060696 2.35688 1.0004
1440897634.432909774 2.68022 1.1128
1440897634.442690572 2.73372 1.20088
1440897634.453023247 2.80599 1.2167
1440897634.462858706 2.70247 1.13051
1440897634.472815829 2.44835 1.03906
1440897634.482597357 2.55548 1.07357
1440897634.492943893 2.97319 1.15607
1440897634.502882637 2.57857 0.998949
1440897634.512713605 2.84247 1.06582
1440897634.522943167 2.35519 0.983974
1440897634.532791567 2.6902 1.08273
1440897634.542697501 2.71562 1.10779
1440897634.553041243 2.54166 1.02394
1440897634.562855654 2.98101 1.17368
1440897634.572743672 2.77339 1.03949
1440897634.582640602 2.56214 1.01525
1440897634.593000995 2.88609 1.0524
1440897634.602780617 2.84897 1.02682
1440897634.612662779 2.71201 1.05898
1440897634.622610507 2.9343 1.11563
1440897634.632839376 2.70652 1.0676
1440897634.642722665 2.69277 0.94844
1440897634.652978138 2.63874 1.00384
1440897634.662994774 2.64998 1.06008
1440897634.672762322 3.39275 1.16529
1440897634.683056874 2.69686 0.957669
1440897634.692965530 2.54736 0.911853
1440897634.702825254 3.18765 1.16385
1440897634.712701935 2.77851 0.940581
1440897634.722967187 2.62903 0.882999
1440897634.732927565 2.91933 0.99907
1440897634.742714577 2.87293 0.961366
1440897634.753111772 2.9295 0.9464
1440897634.762981503 2.94664 0.909735
1440897634.772728882 2.70069 0.855487
1440897634.783065650 3.05056 0.953136
1440897634.793052067 2.67276 0.902777
1440897634.802752242 2.81797 0.886405
1440897634.812678175 3.20812 0.96517
1440897634.822974533 2.75412 0.750015
1440897634.832869021 2.97782 0.822039
1440897634.842695655 3.51113 0.961552
1440897634.853052221 3.1511 0.843627
1440897634.862989255 3.41273 0.855229
1440897634.872804056 3.03244 0.82661
1440897634.883055881 2.83282 0.751685
1440897634.892908352 3.61464 0.903726
1440897634.902799496 3.67679 0.800848
1440897634.912736140 2.87132 0.549895
1440897634.923054761 3.26388 0.786544
1440897634.932905298 3.14933 0.729053
1440897634.942697766 3.58949 0.762381
1440897634.953010118 3.63056 0.78919
1440897634.962903952 3.51524 0.827393
1440897634.972776113 3.36999 0.758179
1440897634.982657149 3.60102 0.641125
1440897634.992884941 3.10079 0.575062
1440897635.002776379 3.32867 0.759371
1440897635.012665061 3.78343 0.835392
1440897635.022913081 3.48933 0.64537
1440897635.032827035 3.79081 0.671168
1440897635.042718203 3.68856 0.726176
1440897635.053019533 3.49896 0.693235
1440897635.062913063 3.6877 0.740724
1440897635.072774043 3.83045 0.701569
1440897635.083004745 3.82614 0.54506
1440897635.092921026 3.45122 0.625349
1440897635.102793870 3.47084 0.600515
1440897635.112680625 3.87313 0.659146
1440897635.123054915 4.1588 0.681056
1440897635.132811475 3.79188 0.722196
1440897635.142685711 3.98154 0.639871
1440897635.152668067 3.82967 0.565266
1440897635.162894227 3.4163 0.54641
1440897635.172717826 3.83827 0.512315
1440897635.182671735 4.27287 0.606179
1440897635.192924015 3.8381 0.571353
1440897635.202717771 4.05465 0.535941
1440897635.212639155 4.20884 0.39359
1440897635.222927634 3.65638 0.399443
1440897635.232820910 3.82872 0.533516
1440897635.242700381 4.44046 0.595885
1440897635.252673719 4.21569 0.486047
1440897635.262903934 3.93832 0.428138
1440897635.272788685 3.89659 0.364131
1440897635.282630553 4.00394 0.394811
1440897635.292965336 3.97969 0.433838
1440897635.302800477 4.20443 0.422872
1440897635.312760055 4.21879 0.345544
1440897635.322965772 3.95483 0.388011
1440897635.332842808 3.98494 0.312098
1440897635.342778095 4.20846 0.148897
1440897635.353008783 4.13078 0.216673
1440897635.363021423 4.03787 0.125938
1440897635.372825399 4.13363 0.091044
1440897635.382707749 3.51804 0.31526
1440897635.393061947 3.84442 0.347971
1440897635.402833800 4.4605 0.236461
40
1440897634.187519984 787 -122.2 22 0.986 0 0.003 0.167
1440897634.224707704 787 -122.2 22 0.986 0 0.003 0.167
1440897634.257515691 787 -122.2 22 0.986 0 0.003 0.167
1440897634.287475985 787 -122.2 21.9 0.986 0 0.003 0.167
1440897634.317362777 787 -122.4 21.9 0.986 0 0.003 0.166
1440897634.347419405 787 -122.3 21.9 0.986 0 0.003 0.165
1440897634.377262384 787 -122.3 21.9 0.987 0 0.003 0.163
1440897634.407050862 787.1 -122.2 21.9 0.987 0 0.003 0.162
1440897634.434935049 787.1 -122.2 21.9 0.987 0 0.003 0.161
1440897634.467283329 787.1 -122.2 21.9 0.987 0 0.003 0.159
1440897634.497193044 787.1 -122.2 21.9 0.987 0 0.003 0.158
1440897634.530347761 787.1 -122.2 21.9 0.988 0 0.003 0.157
1440897634.557003290 787.2 -122.1 21.9 0.988 0 0.003 0.155
1440897634.590237300 787.2 -122.1 21.9 0.988 0 0.003 0.154
1440897634.620463387 787.2 -122.1 21.9 0.988 0 0.003 0.153
1440897634.650680594 787.2 -122.1 21.9 0.988 0 0.003 0.152
1440897634.677612054 787.2 -122.1 21.9 0.989 0 0.003 0.15
1440897634.710036624 787.2 -122.1 21.9 0.989 0 0.003 0.149
1440897634.737552328 787.2 -122.1 21.9 0.989 0 0.003 0.148
1440897634.770605129 787.3 -122.1 21.9 0.989 0 0.003 0.146
1440897634.800593089 787.3 -122.1 21.9 0.989 0 0.003 0.145
1440897634.830386112 787.3 -122.1 21.9 0.99 0 0.003 0.144
1440897634.863313079 787.3 -122.1 21.9 0.99 0 0.003 0.142
1440897634.893330185 787.3 -122.1 21.9 0.99 0 0.003 0.141
1440897634.919923103 787.3 -122.1 21.9 0.99 0 0.003 0.14
1440897634.953015710 787.4 -122.1 21.9 0.99 0 0.003 0.139
1440897634.983103349 787.4 -122 21.9 0.991 0 0.003 0.137
1440897635.013199749 787.4 -122 21.9 0.991 0 0.003 0.136
1440897635.042864873 787.4 -122 21.9 0.991 0 0.003 0.135
1440897635.073792381 787.4 -122 21.9 0.991 0 0.003 0.133
1440897635.103660562 787.4 -122 21.9 0.991 0 0.003 0.132
1440897635.133414266 787.4 -122 21.9 0.991 0 0.003 0.131
1440897635.163039351 787.5 -122 21.9 0.992 0 0.003 0.129
1440897635.196242752 787.5 -122 21.9 0.992 0 0.003 0.128
1440897635.222877220 787.5 -122 21.9 0.992 0 0.003 0.127
1440897635.255936798 787.5 -122 21.9 0.992 0 0.003 0.125
1440897635.283607321 787.5 -122 21.9 0.992 0 0.003 0.124
1440897635.316885145 787.5 -122 21.9 0.992 0 0.003 0.123
1440897635.343471465 787.6 -122 21.9 0.993 0 0.003 0.121
1440897635.376287367 787.6 -121.9 21.9 0.993 0 0.003 0.12
631.046 98.398 10.9043 0.0683045 0.00163169 -0.00026568 0.997663
617.432 105.384 12.3982 0.0857263 -0.00470112 -0.00457794 0.996297
119
1440897677.727385814 0.106269 -0.109758
1440897677.735736734 0.099912 -0.108451
1440897677.746057455 0.109056 -0.110151
1440897677.755714841 0.104982 -0.121301
1440897677.765581804 0.102284 -0.118794
1440897677.776171676 0.09988 -0.118659
1440897677.785841820 0.096263 -0.115385
1440897677.795862010 0.097693 -0.11625
1440897677.805875548 0.117386 -0.103486
1440897677.815979623 0.10364 -0.113963
1440897677.825932344 0.110696 -0.111127
1440897677.835879276 0.096351 -0.114548
1440897677.846165825 0.082536 -0.08558
1440897677.855776627 0.086244 -0.065345
1440897677.865674192 0.074408 -0.076545
1440897677.876220352 0.083072 -0.094809
1440897677.886029657 0.098781 -0.114498
1440897677.895863598 0.105498 -0.137467
1440897677.906302833 0.118769 -0.128925
1440897677.916081522 0.118697 -0.134533
1440897677.926059237 0.106137 -0.124305
1440897677.936307716 0.095863 -0.108387
1440897677.946089477 0.085953 -0.100778
1440897677.955963671 0.10145 -0.068309
1440897677.965686567 1.02512 1.68957
1440897677.976033218 1.97125 3.62225
1440897677.985875274 1.84065 3.46757
1440897677.995730223 1.56579 2.91442
1440897678.006011880 1.68864 3.09066
1440897678.015819080 1.68857 3.47032
1440897678.025921362 1.63736 3.41031
1440897678.035646742 1.52834 3.33117
1440897678.046074306 1.62892 2.94092
1440897678.055878068 1.68463 3.2245
1440897678.065729811 1.71964 3.10428
1440897678.075860505 1.71101 3.11786
1440897678.085676471 1.70133 3.18314
1440897678.095621028 1.64336 3.18655
1440897678.105459131 1.6487 3.29653
1440897678.115810828 1.62856 3.28754
1440897678.125833674 1.57593 3.43205
1440897678.135709927 1.50838 3.26407
1440897678.145958482 1.56274 2.91081
1440897678.155799886 1.62453 3.08033
1440897678.165707073 1.67249 3.4387
1440897678.175971173 1.63378 3.15583
1440897678.185865609 1.58054 3.29968
1440897678.195620855 1.58308 3.5077
1440897678.205877520 1.54997 3.28402
1440897678.216035618 1.56133 3.14099
1440897678.225899905 1.55843 3.32674
1440897678.235722690 1.52958 3.39325
1440897678.245993808 1.56494 3.20829
1440897678.255821917 1.60006 3.21702
1440897678.265696455 1.61668 3.13422
1440897678.276173364 1.59771 3.17998
1440897678.286014743 1.59287 3.3419
1440897678.295894631 1.65098 3.48529
1440897678.306141782 1.64545 3.44559
1440897678.315950179 1.63787 3.30424
1440897678.326038369 1.67297 3.31759
1440897678.335845664 1.69703 3.33669
1440897678.345936079 1.56955 3.74074
1440897678.355740278 1.4339 3.04986
1440897678.365874643 1.50853 3.21353
1440897678.376161371 1.57037 3.16271
1440897678.386213751 1.7186 3.75348
1440897678.396033305 1.62142 3.47185
1440897678.406039137 1.61542 3.32358
1440897678.415939065 1.61743 3.2192
1440897678.425916747 1.62923 3.74953
1440897678.436255546 1.39897 3.31654
1440897678.446262547 1.50634 3.15336
1440897678.456234783 1.48148 3.08545
1440897678.465843424 1.69076 3.43176
1440897678.476157030 1.52149 3.2953
1440897678.486132378 1.54934 3.39138
1440897678.495819730 1.51875 3.38594
1440897678.506223704 1.51507 3.31862
1440897678.516300949 1.55838 3.48107
1440897678.525939569 1.49803 3.55707
1440897678.535707227 1.49696 3.27696
1440897678.545866982 1.4432 3.27221
1440897678.555993364 1.49936 3.31079
1440897678.565619868 1.57392 3.50382
1440897678.576182342 1.50204 3.27772
1440897678.586021716 1.44789 3.54008
1440897678.595842096 1.49869 3.61536
1440897678.606159275 1.54001 3.30509
1440897678.616158133 1.52999 3.44936
1440897678.625793766 1.59105 3.34806
1440897678.635818508 1.55902 3.28424
1440897678.646156109 1.53143 3.33551
1440897678.655941423 1.47012 3.46347
1440897678.665710635 1.44386 3.74467
1440897678.676210522 1.21773 3.84393
1440897678.685771560 1.20084 3.65792
1440897678.695800663 1.35946 3.05005
1440897678.705534227 1.52835 3.33455
1440897678.715853817 1.45863 3.82069
1440897678.725770729 1.39028 3.49275
1440897678.735551920 1.32563 3.1224
1440897678.746005051 1.46541 3.49333
1440897678.755867214 1.55453 3.60356
1440897678.765941127 1.43165 3.61087
1440897678.775738654 1.31225 3.74638
1440897678.785762523 1.26842 4.02459
1440897678.795600207 1.30819 3.74664
1440897678.805576916 1.31655 3.44097
1440897678.815864245 1.24589 3.99473
1440897678.825738384 1.23828 3.71954
1440897678.835714827 1.28065 3.51528
1440897678.846323419 1.29508 3.60238
1440897678.856023275 1.28855 3.73279
1440897678.865841265 1.1981 3.88537
1440897678.875808500 1.21577 3.86044
1440897678.886012823 1.25843 3.5604
1440897678.895879429 1.29286 3.63817
1440897678.905763828 1.32294 3.91085
39
1440897677.727370488 408.3 -43.1 24 0.068 0.002 0 0.998
1440897677.757507032 408.3 -43.1 24 0.068 0.002 0 0.998
1440897677.791256218 408.3 -43.1 24 0.068 0.002 0 0.998
1440897677.817906505 408.3 -43.1 24 0.068 0.002 0 0.998
1440897677.851148663 408.3 -43.1 24 0.068 0.002 0 0.998
1440897677.880730839 408.2 -43.1 24 0.067 0.002 0 0.998
1440897677.910757310 408.2 -43.1 24 0.066 0.002 0 0.998
1440897677.940661395 408.2 -43.1 24 0.064 0.002 0 0.998
1440897677.970728482 408.2 -43.1 24 0.063 0.002 0 0.998
1440897678.000457963 408.2 -43.1 24 0.062 0.002 0 0.998
1440897678.030714541 408.2 -43.1 24 0.061 0.002 0 0.998
1440897678.060486907 408.2 -43.1 24 0.059 0.002 0 0.998
1440897678.090065181 408.2 -43.1 24 0.058 0.002 0 0.998
1440897678.117654397 408.2 -43.1 24 0.056 0.002 0 0.998
1440897678.150966849 408.1 -43.1 24 0.055 0.002 0 0.998
1440897678.180684138 408.1 -43 24 0.054 0.002 0 0.999
1440897678.210077605 408.1 -43.1 24 0.053 0.002 0 0.999
1440897678.237482753 408.1 -43.1 24 0.051 0.002 0 0.999
1440897678.270084150 408.1 -43.1 24 0.05 0.002 0 0.999
1440897678.300770692 408.1 -43.1 24 0.049 0.002 0 0.999
1440897678.331123483 408.1 -43.1 24 0.047 0.002 0 0.999
1440897678.360492462 408 -43.1 24 0.046 0.002 0 0.999
1440897678.394243901 408 -43.1 24 0.045 0.002 0 0.999
1440897678.420486871 408 -43.1 24 0.043 0.002 0 0.999
1440897678.450762645 408 -43 24 0.042 0.002 0 0.999
1440897678.480982249 408 -43 24 0.041 0.002 0 0.999
1440897678.511285098 408 -43 24 0.039 0.002 0 0.999
1440897678.541099226 407.9 -43 24 0.038 0.002 0 0.999
1440897678.570956177 407.9 -43 24 0.037 0.002 0 0.999
1440897678.600415720 407.9 -43 24 0.036 0.002 0 0.999
1440897678.630452750 407.9 -43 24 0.034 0.002 0 0.999
1440897678.660391069 407.9 -43 24 0.033 0.002 0 0.999
1440897678.689894627 407.9 -43 24 0.032 0.002 0 1
1440897678.723318296 407.9 -43 24 0.03 0.002 0 1
1440897678.753246225 407.8 -43 24 0.029 0.002 0 1
1440897678.783642263 407.8 -43 24 0.028 0.002 0 1
1440897678.816727743 407.8 -43 24 0.026 0.002 0 1
1440897678.843484624 407.8 -43 24 0.025 0.002 0 1
1440897678.873471049 407.8 -43 24 0.024 0.002 0 1
617.372 105.37 12.2927 0.0857365 -0.00408716 -0.00435764 0.9963
595.727 111.329 10.7259 0.00848892 0.00174816 0.000697613 0.999962
117
1440897729.995806631 0.097729 -0.114002
1440897730.002562576 0.097745 -0.114073
1440897730.012322156 0.09785 -0.111868
1440897730.022046594 0.096893 -0.115752
1440897730.031976185 0.094799 -0.116948
1440897730.042184025 0.096926 -0.108967
1440897730.052070409 0.095137 -0.11596
1440897730.061951053 0.104126 -0.115358
1440897730.072328009 0.087964 -0.11767
1440897730.082238817 0.100722 -0.119043
1440897730.092002117 0.105203 -0.104641
1440897730.102696034 0.100515 -0.117913
1440897730.112384189 0.091321 -0.10607
1440897730.122402130 0.091568 -0.103934
1440897730.132620771 0.082967 -0.10257
1440897730.142498489 0.089823 -0.107364
1440897730.152301485 0.092291 -0.112186
1440897730.162373030 0.09666 -0.124721
1440897730.172593530 0.097381 -0.128516
1440897730.182390000 0.10939 -0.128411
1440897730.192462759 0.09686 -0.113463
1440897730.202145736 0.09607 -0.116458
1440897730.212162060 0.086622 -0.11138
1440897730.222078184 0.092474 -0.114452
1440897730.232168481 0.092333 -0.115658
1440897730.242529660 0.099457 -0.116111
1440897730.252357483 0.085514 -0.123055
1440897730.262235867 0.099794 -0.122064
1440897730.272343727 1.13361 1.37707
1440897730.282207477 2.48035 3.31834
1440897730.292074110 3.19078 3.10182
1440897730.302618232 3.07726 2.27688
1440897730.312515235 3.18693 2.41008
1440897730.322422445 3.51607 2.40148
1440897730.332212897 3.42741 2.21879
1440897730.342456936 3.35148 2.25803
1440897730.352397570 3.7194 2.34479
1440897730.362226279 3.69209 2.1911
1440897730.372178775 3.51478 2.18381
1440897730.382480853 3.56264 2.27914
1440897730.392210710 3.63852 2.4564
1440897730.402648982 3.56881 2.33675
1440897730.412532037 3.42069 2.16081
1440897730.422333439 3.45572 2.20351
1440897730.431966176 3.64621 2.28537
1440897730.441949851 3.55999 2.30164
1440897730.452077392 3.38699 2.21134
1440897730.462188045 3.42018 2.16725
1440897730.472288989 3.49119 2.19069
1440897730.482439406 3.41716 2.1204
1440897730.492042813 3.26832 2.09174
1440897730.502228194 3.13262 2.15223
1440897730.512462947 3.37279 2.15921
1440897730.522374543 3.3205 2.18654
1440897730.532217124 3.45887 2.30489
1440897730.542119294 3.4338 2.18581
1440897730.552308467 3.42262 2.21186
1440897730.562331009 3.49284 2.17347
1440897730.572200157 3.45508 2.12744
1440897730.582206142 3.30578 2.1102
1440897730.592079278 3.56929 2.19367
1440897730.602170960 3.72286 2.18792
1440897730.612473074 3.48556 2.25812
1440897730.622541072 3.37625 2.34595
1440897730.632311241 3.43829 2.21793
1440897730.642498840 3.32622 2.21526
1440897730.652574295 3.40943 2.28338
1440897730.662286345 3.46475 2.18624
1440897730.672063425 3.51311 2.27756
1440897730.682654000 3.45198 2.29382
1440897730.692372090 3.457 2.30063
1440897730.702220850 3.54515 2.43433
1440897730.712469255 3.50991 2.4277
1440897730.722466608 3.37035 2.26256
1440897730.732251152 3.49725 2.39366
1440897730.742539498 3.56086 2.39398
1440897730.752460391 3.49501 2.3505
1440897730.762025291 3.42628 2.28322
1440897730.772040333 3.45889 2.27192
1440897730.782542406 3.48725 2.32819
1440897730.792326854 3.52536 2.21801
1440897730.802338069 3.51572 2.29228
1440897730.812281716 3.38088 2.14733
1440897730.822371653 3.31044 2.08918
1440897730.832432529 3.29252 2.28946
1440897730.842554892 3.51187 2.39799
1440897730.852413833 3.47231 2.20178
1440897730.862424873 3.44122 2.25428
1440897730.872656318 3.67464 2.36999
1440897730.882480442 3.70872 2.39512
1440897730.892328442 3.64906 2.39765
1440897730.902345381 3.47505 2.1998
1440897730.912436226 3.59589 2.20698
1440897730.922207519 3.49787 2.1791
1440897730.932310702 3.73994 2.34649
1440897730.942189317 3.84749 2.43291
1440897730.952339910 3.64743 2.22657
1440897730.962375938 3.23554 2.14928
1440897730.972177767 3.53256 2.26001
1440897730.982415566 3.56636 2.17892
1440897730.992494775 3.55805 2.08977
1440897731.002313861 3.49837 2.08933
1440897731.012525181 3.69542 2.16878
1440897731.022592842 3.63801 2.06765
1440897731.032333694 3.59123 2.07976
1440897731.041976426 3.58438 2.10204
1440897731.052470501 3.63553 2.17503
1440897731.062347422 3.50189 2.12555
1440897731.072138159 3.51614 2.16596
1440897731.082523298 3.59508 2.13584
1440897731.092496759 3.69628 2.07317
1440897731.102261720 3.64696 2.05965
1440897731.112606292 3.70477 2.02677
1440897731.122538174 3.84091 2.11052
1440897731.132322297 3.73519 2.11648
1440897731.142696988 3.64443 2.08363
1440897731.152544441 3.59594 2.07035
40
1440897729.995791492 608.6 48.9 24.3 0.086 -0.004 -0.004 0.996
1440897730.011833642 567.6 -19.5 23.4 0.086 -0.004 -0.004 0.996
1440897730.038438191 567.6 -19.5 23.4 0.086 -0.004 -0.004 0.996
1440897730.068087621 567.6 -19.5 23.4 0.086 -0.004 -0.004 0.996
1440897730.098894686 567.6 -19.5 23.4 0.086 -0.004 -0.004 0.996
1440897730.125589119 567.6 -19.5 23.3 0.085 -0.004 -0.004 0.996
1440897730.158844577 567.6 -19.5 23.3 0.084 -0.004 -0.004 0.996
1440897730.185883402 567.6 -19.5 23.4 0.082 -0.004 -0.004 0.997
1440897730.218533453 567.5 -19.5 23.4 0.081 -0.004 -0.004 0.997
1440897730.248237373 567.5 -19.5 23.4 0.08 -0.004 -0.004 0.997
1440897730.278719565 567.5 -19.5 23.4 0.078 -0.004 -0.004 0.997
1440897730.308503967 567.5 -19.5 23.4 0.077 -0.004 -0.004 0.997
1440897730.341795729 567.5 -19.5 23.4 0.076 -0.004 -0.004 0.997
1440897730.368581227 567.5 -19.5 23.4 0.074 -0.004 -0.004 0.997
1440897730.401994219 567.5 -19.5 23.4 0.073 -0.004 -0.004 0.997
1440897730.428368176 567.5 -19.5 23.4 0.072 -0.004 -0.004 0.997
1440897730.461815173 567.4 -19.5 23.4 0.07 -0.004 -0.004 0.998
1440897730.488584936 567.4 -19.5 23.4 0.069 -0.004 -0.004 0.998
1440897730.522138663 567.4 -19.5 23.4 0.068 -0.004 -0.004 0.998
1440897730.551302943 567.4 -19.5 23.4 0.066 -0.004 -0.004 0.998
1440897730.581073225 567.4 -19.5 23.4 0.065 -0.004 -0.004 0.998
1440897730.611773276 567.4 -19.5 23.4 0.064 -0.004 -0.004 0.998
1440897730.642009088 567.3 -19.5 23.4 0.063 -0.004 -0.004 0.998
1440897730.671915804 567.3 -19.5 23.4 0.061 -0.004 -0.004 0.998
1440897730.704675808 567.3 -19.5 23.4 0.06 -0.004 -0.004 0.998
1440897730.731573651 567.3 -19.5 23.4 0.059 -0.004 -0.004 0.998
1440897730.764399483 567.3 -19.5 23.4 0.057 -0.004 -0.004 0.998
1440897730.791498289 567.3 -19.5 23.4 0.056 -0.004 -0.004 0.998
1440897730.824798315 567.2 -19.5 23.4 0.055 -0.004 -0.004 0.999
1440897730.851609568 567.2 -19.5 23.4 0.053 -0.004 -0.004 0.999
1440897730.885188148 567.2 -19.5 23.4 0.052 -0.004 -0.004 0.999
1440897730.912215426 567.2 -19.5 23.3 0.051 -0.004 -0.004 0.999
1440897730.944050602 567.2 -19.4 23.3 0.049 -0.004 -0.004 0.999
1440897730.977699490 567.2 -19.4 23.3 0.048 -0.004 -0.004 0.999
1440897731.010635544 567.2 -19.4 23.3 0.047 -0.004 -0.004 0.999
1440897731.037231424 567.1 -19.4 23.4 0.045 -0.004 -0.004 0.999
1440897731.067718176 567.1 -19.4 23.4 0.044 -0.004 -0.004 0.999
1440897731.097834847 567.1 -19.4 23.4 0.043 -0.004 -0.004 0.999
1440897731.130518489 567.1 -19.5 23.4 0.041 -0.004 -0.004 0.999
1440897731.160769645 567.1 -19.5 23.4 0.04 -0.004 -0.004 0.999
595.712 111.32 10.69 0.00850035 0.0018778 0.00078654 0.999962
594.885 139.311 11.2255 -0.0736371 0.00031046 0.00026765 0.997285
111
1440897774.286651633 0.096643 -0.121227
1440897774.292226449 0.101334 -0.118157
1440897774.302486656 0.091336 -0.118297
1440897774.312117225 0.101822 -0.122976
1440897774.322057398 0.097805 -0.116015
1440897774.331907931 0.096702 -0.120085
1440897774.342248397 0.098364 -0.122167
1440897774.352372770 0.098801 -0.114422
1440897774.362210219 0.101202 -0.113714
1440897774.372287344 0.097529 -0.116119
1440897774.382226915 0.102922 -0.129255
1440897774.391972096 0.126206 -0.115087
1440897774.401955209 0.120777 -0.112145
1440897774.412263016 0.128176 -0.115074
1440897774.422270376 0.11348 -0.119249
1440897774.432675372 0.100359 -0.115462
1440897774.442660322 0.095563 -0.116216
1440897774.452274187 0.096575 -0.121185
1440897774.462238143 0.098565 -0.11774
1440897774.472480594 1.31204 0.610884
1440897774.482478328 3.97087 1.96893
1440897774.492205023 3.15599 1.46368
1440897774.502555413 2.35687 1.02901
1440897774.512536389 3.34972 1.61434
1440897774.522256347 2.36171 1.13313
1440897774.532314849 2.49695 1.19317
1440897774.542547601 3.16095 1.55457
1440897774.552193361 2.30753 1.11261
1440897774.562032535 2.55506 1.24617
1440897774.572480718 3.00242 1.40095
1440897774.582365617 2.18743 0.988423
1440897774.592404312 2.51193 1.21882
1440897774.602203889 2.9861 1.44859
1440897774.612457010 2.57386 1.16064
1440897774.622435861 2.54799 1.24985
1440897774.632148814 2.92975 1.46158
1440897774.642492918 2.82572 1.37178
1440897774.652349499 2.5869 1.28809
1440897774.662358414 2.97191 1.39905
1440897774.672563473 2.66542 1.24913
1440897774.682467772 2.39941 1.21191
1440897774.692354557 2.84412 1.4444
1440897774.702526699 2.83227 1.32794
1440897774.712389002 2.38911 1.14776
1440897774.722317346 2.86621 1.41278
1440897774.732213347 2.88015 1.436
1440897774.742558399 2.84439 1.3499
1440897774.752293407 3.07534 1.44678
1440897774.762145240 2.68421 1.28561
1440897774.771977235 2.54855 1.26316
1440897774.782518544 2.66971 1.28136
1440897774.792270957 2.77168 1.32958
1440897774.802477484 3.10464 1.43334
1440897774.812426518 2.99739 1.38509
1440897774.822299118 2.71261 1.30048
1440897774.832154159 2.6848 1.28033
1440897774.842482888 2.85997 1.44646
1440897774.852329325 2.74205 1.32341
1440897774.861958380 3.12392 1.49881
1440897774.871962903 2.77737 1.27378
1440897774.882190967 2.75492 1.24289
1440897774.892398857 2.7604 1.27078
1440897774.902550978 2.7874 1.26556
1440897774.912474502 2.98652 1.3235
1440897774.922051128 2.90838 1.25659
1440897774.931948407 2.75825 1.22175
1440897774.942520930 2.98 1.38039
1440897774.952350427 3.09724 1.4376
1440897774.962148601 2.83461 1.26227
1440897774.972507266 2.98408 1.26568
1440897774.982110079 2.95387 1.21082
1440897774.992041075 2.88309 1.25269
1440897775.002255930 2.84174 1.22552
1440897775.012392071 2.99397 1.26463
1440897775.022307270 3.14457 1.31933
1440897775.032221282 2.87829 1.26747
1440897775.042406064 2.89687 1.25447
1440897775.052367481 3.19827 1.39092
1440897775.062236433 3.35773 1.36778
1440897775.072571633 2.98934 1.23238
1440897775.082504598 2.93337 1.27404
1440897775.092425451 2.85143 1.27938
1440897775.102103583 3.01886 1.29719
1440897775.112450439 3.08626 1.22226
1440897775.122449267 3.06878 1.18674
1440897775.132241663 3.03818 1.29263
1440897775.142250844 3.10866 1.38551
1440897775.152398115 3.018 1.31422
1440897775.162193442 3.22785 1.37279
1440897775.172186703 3.37179 1.2293
1440897775.182462590 3.0813 1.21799
1440897775.192235040 3.00762 1.29217
1440897775.202352265 3.16531 1.32263
1440897775.212358411 3.4057 1.40045
1440897775.222241491 2.86958 1.21821
1440897775.232170558 3.1506 1.36094
1440897775.242499372 3.39556 1.35585
1440897775.252413891 3.34857 1.33301
1440897775.262325842 3.52122 1.48263
1440897775.272542774 3.76495 1.47344
1440897775.282408980 3.40918 1.39535
1440897775.292186768 3.18612 1.33577
1440897775.302273884 3.2529 1.27022
1440897775.312512190 3.60177 1.27329
1440897775.322108886 3.3701 1.25735
1440897775.332035847 3.2952 1.34696
1440897775.342493037 3.663 1.52836
1440897775.352429145 3.60037 1.44258
1440897775.362266759 3.54863 1.40001
1440897775.372621210 3.5974 1.36051
1440897775.382334903 3.68419 1.38741
37
1440897774.286665114 325.7 -5.2 24.4 0.927 0 0.002 0.375
1440897774.324603190 325.7 -5.2 24.4 0.927 0 0.002 0.375
1440897774.357218245 325.7 -5.2 24.4 0.927 0 0.002 0.375
1440897774.390305443 325.7 -5.2 24.4 0.927 0 0.002 0.375
1440897774.417034357 325.8 -5.2 24.4 0.927 0 0.002 0.375
1440897774.450905513 325.8 -5.2 24.4 0.926 0 0.002 0.377
1440897774.477484295 325.8 -5.1 24.4 0.926 0 0.002 0.378
1440897774.510738735 325.8 -5.1 24.4 0.925 0 0.002 0.379
1440897774.537461510 325.8 -5.1 24.4 0.925 0 0.002 0.38
1440897774.567607196 325.8 -5.1 24.4 0.924 0 0.002 0.382
1440897774.597872747 325.8 -5.1 24.4 0.924 0 0.002 0.383
1440897774.630987370 325.8 -5.1 24.4 0.923 0 0.002 0.384
1440897774.657315958 325.8 -5.1 24.4 0.923 0 0.002 0.385
1440897774.690383807 325.8 -5.1 24.4 0.922 0 0.002 0.386
1440897774.717810648 325.8 -5.1 24.4 0.922 0 0.002 0.388
1440897774.750947437 325.8 -5 24.4 0.921 0 0.002 0.389
1440897774.781239373 325.8 -5 24.4 0.921 0 0.002 0.39
1440897774.811011217 325.9 -5 24.4 0.92 0 0.002 0.391
1440897774.840468399 325.9 -5 24.4 0.92 0 0.002 0.393
1440897774.870702003 325.9 -5 24.4 0.919 0 0.002 0.394
1440897774.900354193 325.9 -5 24.4 0.919 0 0.002 0.395
1440897774.930337281 325.9 -5 24.4 0.918 0 0.002 0.396
1440897774.961002047 325.9 -5 24.4 0.918 0 0.002 0.397
1440897774.993468584 325.9 -5 24.4 0.917 0 0.002 0.399
1440897775.021238531 325.9 -5 24.4 0.917 0 0.002 0.4
1440897775.053368183 325.9 -5 24.4 0.916 0 0.002 0.401
1440897775.083142652 326 -4.9 24.4 0.916 0 0.002 0.402
1440897775.113956574 326 -4.9 24.4 0.915 0 0.002 0.403
1440897775.143667763 326 -4.9 24.4 0.914 0 0.002 0.405
1440897775.176691732 326 -4.9 24.4 0.914 0 0.002 0.406
1440897775.203823241 326 -4.9 24.4 0.913 0 0.002 0.407
1440897775.236918222 326 -4.9 24.4 0.913 0 0.002 0.408
1440897775.263839520 326 -4.9 24.4 0.912 0 0.002 0.409
1440897775.296745576 326 -4.9 24.4 0.912 0 0.002 0.411
1440897775.323031126 326 -4.8 24.4 0.911 0 0.002 0.412
1440897775.356896201 326 -4.8 24.4 0.911 0 0.002 0.413
1440897775.383320916 326.1 -4.8 24.4 0.91 0 0.002 0.414
594.917 139.34 11.3038 -0.0736345 -2.83446e-05 7.53654e-06 0.997285
605.192 98.2155 11.3166 0.0178377 -0.000534783 -0.00108331 0.99984
120
1440897814.872519863 0.100521 -0.120046
1440897814.882173769 0.098689 -0.114656
1440897814.892584243 0.101346 -0.117276
1440897814.902405896 0.103161 -0.120449
1440897814.912249706 0.103333 -0.117171
1440897814.921868351 0.100396 -0.121161
1440897814.932402864 0.102403 -0.118901
1440897814.942187774 0.104739 -0.122418
1440897814.952252769 0.104509 -0.105361
1440897814.962254780 0.096701 -0.120248
1440897814.972335171 0.116773 -0.126651
1440897814.982032947 0.116567 -0.118645
1440897814.992323778 0.131478 -0.104544
1440897815.002263296 0.135962 -0.098033
1440897815.012058472 0.117246 -0.094679
1440897815.022426641 4.52558 3.32951
1440897815.032414356 4.2618 3.73992
1440897815.042250744 2.61731 2.07285
1440897815.051951198 2.74433 2.3917
1440897815.062279246 4.02822 4.58593
1440897815.072108167 2.84974 2.81645
1440897815.082239007 2.97596 3.16079
1440897815.092561870 3.55123 3.83706
1440897815.102425740 2.68562 2.81005
1440897815.112408561 2.88883 3.03305
1440897815.122179933 3.32217 3.80738
1440897815.132250267 2.89322 3.22938
1440897815.142096937 2.99126 3.27586
1440897815.152271892 3.44548 3.94511
1440897815.162507266 3.11283 3.41573
1440897815.172474150 3.08892 3.43926
1440897815.182190329 3.25323 3.66187
1440897815.192249220 2.74806 3.00334
1440897815.202202826 3.04139 3.32087
1440897815.212095833 3.3488 3.80879
1440897815.222110571 3.25912 3.24506
1440897815.232448594 3.54848 3.19486
1440897815.242523667 3.88507 3.16711
1440897815.252191771 3.84444 2.9486
1440897815.262292475 3.81094 2.80609
1440897815.272332903 3.98903 2.76186
1440897815.282254211 4.03313 2.66197
1440897815.292495975 4.07196 2.73261
1440897815.302387404 3.98024 2.80633
1440897815.312293799 3.86876 2.87291
1440897815.322070388 4.03084 2.96255
1440897815.332439747 3.97849 2.86826
1440897815.342062830 3.99612 2.88647
1440897815.352220978 4.02335 3.04896
1440897815.362512551 3.94548 3.07368
1440897815.372432817 3.91463 2.91295
1440897815.382267265 4.02899 2.95606
1440897815.392573138 4.12414 3.0327
1440897815.402438968 3.96514 2.90303
1440897815.412246238 3.84101 2.85136
1440897815.422087160 3.87604 2.90189
1440897815.432385391 3.94153 2.83897
1440897815.442192545 4.13171 3.03462
1440897815.452175456 4.12319 2.99773
1440897815.462519125 4.03279 2.91332
1440897815.472087718 4.0899 2.98671
1440897815.482044464 3.91303 2.8602
1440897815.492591865 3.96684 2.83713
1440897815.502396668 3.91154 2.88451
1440897815.512277760 3.6628 2.64817
1440897815.522087896 3.70291 2.59849
1440897815.532394991 3.82963 2.77169
1440897815.542205699 3.82343 2.7541
1440897815.552190505 3.855 2.65809
1440897815.562570949 3.85103 2.61896
1440897815.572467891 3.74567 2.47944
1440897815.582188626 3.75286 2.50751
1440897815.592591513 3.85617 2.61067
1440897815.602398051 3.89036 2.68799
1440897815.612201136 3.79949 2.56708
1440897815.621931834 3.71492 2.4783
1440897815.632204792 3.45671 2.27331
1440897815.642356316 3.45714 2.33054
1440897815.652106825 3.65638 2.43511
1440897815.662499122 3.70422 2.5897
1440897815.672402194 3.65287 2.51672
1440897815.682332884 3.56156 2.48467
1440897815.692495720 3.5578 2.36884
1440897815.702148458 3.53645 2.37925
1440897815.712051349 3.43065 2.31877
1440897815.722122419 3.56908 2.39379
1440897815.732437367 3.56566 2.36959
1440897815.742281066 3.52213 2.46382
1440897815.752028941 3.38157 2.29554
1440897815.762446909 3.51729 2.43931
1440897815.772396775 3.62697 2.51927
1440897815.782185772 3.55 2.50311
1440897815.792510138 3.63122 2.55351
1440897815.802455888 3.71226 2.59856
1440897815.812326053 3.44669 2.37705
1440897815.822151289 3.47758 2.45547
1440897815.832579630 3.39356 2.4892
1440897815.842452261 3.451 2.53878
1440897815.852237515 3.61 2.56806
1440897815.862662542 3.67308 2.65301
1440897815.872419637 3.55145 2.57704
1440897815.882405379 3.77312 2.65843
1440897815.892149679 3.72227 2.65142
1440897815.902201309 3.69205 2.5881
1440897815.912228126 3.77783 2.6239
1440897815.922168909 3.71347 2.53851
1440897815.932529002 3.61892 2.53049
1440897815.942354093 3.79549 2.68368
1440897815.952251277 3.74919 2.63243
1440897815.962338663 3.48908 2.37622
1440897815.972214983 3.55247 2.60613
1440897815.982285140 3.59491 2.71024
1440897815.992180901 3.54102 2.73705
1440897816.002629407 3.62944 2.72092
1440897816.012426433 3.66601 2.71727
1440897816.021901538 3.5912 2.61102
1440897816.032299752 3.51679 2.55546
1440897816.042455677 3.40851 2.37237
1440897816.052101914 3.38646 2.34346
1440897816.062217767 3.31258 2.30342
41
1440897814.872536757 527.9 130.4 23.8 0.757 0 0 -0.653
1440897814.885259299 367.5 59.8 23.8 0.757 0 0 -0.653
1440897814.915032070 367.5 59.8 23.8 0.757 0 0 -0.653
1440897814.942182762 367.5 59.8 23.8 0.757 0 0 -0.653
1440897814.972359146 367.5 59.8 23.8 0.757 0 0 -0.653
1440897815.002269916 367.5 59.9 23.8 0.757 0 0 -0.654
1440897815.032397352 367.5 59.9 23.8 0.756 0 0 -0.655
1440897815.064809009 367.6 59.8 23.8 0.755 0 0 -0.656
1440897815.095098289 367.5 59.8 23.8 0.754 0 0 -0.657
1440897815.125307840 367.6 59.8 23.8 0.753 0 0 -0.658
1440897815.154831977 367.6 59.8 23.8 0.753 0 0 -0.659
1440897815.184776244 367.6 59.7 23.8 0.752 0 0 -0.66
1440897815.217838964 367.6 59.7 23.8 0.751 0 0 -0.661
1440897815.244900980 367.5 59.7 23.8 0.75 0 0 -0.662
1440897815.277819369 367.5 59.7 23.8 0.749 0 0 -0.663
1440897815.305232368 367.6 59.7 23.8 0.748 0 0 -0.664
1440897815.334845274 367.6 59.7 23.8 0.747 0 0 -0.665
1440897815.365522185 367.6 59.7 23.8 0.746 0 0 -0.666
1440897815.394689528 367.6 59.6 23.8 0.746 0 0 -0.667
1440897815.424607835 367.6 59.6 23.8 0.745 0 0 -0.668
1440897815.457972560 367.6 59.6 23.8 0.744 0 0 -0.668
1440897815.485318695 367.6 59.6 23.8 0.743 0 0 -0.67
1440897815.515120052 367.6 59.6 23.8 0.742 0 0 -0.67
1440897815.544680913 367.6 59.5 23.8 0.741 0 0 -0.671
1440897815.574915516 367.6 59.5 23.8 0.74 0 0 -0.672
1440897815.607762200 367.6 59.5 23.8 0.739 0 0 -0.673
1440897815.640893106 367.6 59.5 23.8 0.738 0 0 -0.674
1440897815.668455048 367.6 59.5 23.8 0.737 0 0 -0.675
1440897815.698368900 367.6 59.5 23.8 0.737 0 0 -0.676
1440897815.727908909 367.6 59.4 23.8 0.736 0 0 -0.677
1440897815.760516417 367.6 59.4 23.8 0.735 0 0 -0.678
1440897815.788294328 367.6 59.4 23.8 0.734 0 0 -0.679
1440897815.820623129 367.6 59.4 23.8 0.733 0 0 -0.68
1440897815.848277967 367.6 59.4 23.8 0.732 0 0 -0.681
1440897815.881189154 367.6 59.4 23.8 0.731 0 0 -0.682
1440897815.908303923 367.6 59.4 23.8 0.73 0 0 -0.683
1440897815.940713302 367.6 59.3 23.8 0.729 0 0 -0.684
1440897815.970661582 367.6 59.3 23.8 0.729 0 0 -0.685
1440897816.000600895 367.6 59.3 23.8 0.728 0 0 -0.686
1440897816.027941192 367.6 59.3 23.8 0.727 0 0 -0.687
1440897816.061015114 367.6 59.3 23.8 0.726 0 0 -0.688
