10
TwoPointRotation
75.182 0 0
141.084 6.12095 0
-0 1 -0
-10 1
TwoPointRotation
52.113 97.887 0
119.895 95.8071 0
-0.707107 -0.707107 0
10 1
TwoPointRotation
59.0399 90.9601 0
33.816 163.04 0
-0.707107 -0.707107 0
-10 1
TwoPointRotation
0 76.211 0
-5.25848 34.6079 0
1 -0 -0
-10 1
TwoPointRotation
67.1637 82.8363 0
32.4758 61.3782 0
-0.707107 -0.707107 0
-10 1
TwoPointRotation
0 53.2131 0
25.7555 87.1678 0
1 -0 -0
10 1
TwoPointRotation
38.945 111.055 0
-1.2345 113.633 0
-0.707107 -0.707107 0
-10 1
TwoPointRotation
57.5556 92.4444 0
47.5317 72.5856 0
-0.707107 -0.707107 0
10 1
TwoPointRotation
48.707 101.293 0
-26.4423 117.239 0
-0.707107 -0.707107 0
-10 1
TwoPointRotation
46.4035 103.597 0
-37.1563 146.689 0
-0.707107 -0.707107 0
-10 1
