5
657.876 47.9986 11.0383 0.264646 0.000494136 -0.000270199 0.964346
638.583 12.077 10.8806 0.343379 0.000868476 0.000312125 0.939197
124
1440896778.513856988 0.097785 -0.126388
1440896778.519814092 0.104269 -0.118621
1440896778.529859177 0.105138 -0.11916
1440896778.539524969 0.098737 -0.120031
1440896778.549942994 0.10533 -0.111418
1440896778.559698171 0.103293 -0.114813
1440896778.569565062 0.102484 -0.11089
1440896778.579905262 0.10171 -0.110548
1440896778.589873401 0.104311 -0.115261
1440896778.599667208 0.101987 -0.105228
1440896778.610017855 0.099282 -0.127117
1440896778.619838009 0.109139 -0.10661
1440896778.629685264 0.111553 -0.100225
1440896778.640010339 0.126296 -0.111734
1440896778.649854000 0.122699 -0.123205
1440896778.659693846 0.124584 -0.124178
1440896778.669598202 0.120044 -0.114757
1440896778.679979279 2.48048 1.51404
1440896778.689765693 4.65147 3.62935
1440896778.699679502 2.71532 2.17949
1440896778.709986041 2.81301 2.50345
1440896778.719867818 3.80683 3.06274
1440896778.729680955 2.29337 2.45208
1440896778.739565938 3.6228 2.71541
1440896778.749864934 3.29229 2.72966
1440896778.759661893 2.90609 2.63091
1440896778.769579850 3.4357 2.79485
1440896778.779816457 2.94273 2.48329
1440896778.789736431 3.07157 2.69306
1440896778.799724492 3.32988 2.7499
1440896778.809935371 2.93026 2.55614
1440896778.819790472 3.26405 2.77441
1440896778.829690829 3.26356 2.67082
1440896778.839617130 3.16182 2.64077
1440896778.849904258 3.18089 2.61745
1440896778.859794050 3.05218 2.61296
1440896778.869580091 2.86778 2.5128
1440896778.879977903 2.85896 2.57098
1440896778.889732132 2.9366 2.56423
1440896778.899622397 2.97605 2.6793
1440896778.909878110 3.23765 2.80081
1440896778.919774009 3.0925 2.7793
1440896778.929703076 3.17174 2.65518
1440896778.939543841 3.30652 2.71651
1440896778.949843986 3.26459 2.61398
1440896778.959676122 3.31536 2.71044
1440896778.969586470 3.20876 2.62409
1440896778.980001888 3.05577 2.54058
1440896778.989763449 3.0245 2.5821
1440896778.999611861 3.0389 2.6341
1440896779.009932267 3.1606 2.80706
1440896779.019786145 3.24467 2.77207
1440896779.029730235 3.19725 2.65897
1440896779.040064492 3.18439 2.71456
1440896779.049876212 3.15393 2.66777
1440896779.059738543 3.26157 2.70711
1440896779.069628785 3.26362 2.70524
1440896779.080006677 3.06148 2.6499
1440896779.089803283 2.98252 2.583
1440896779.099676682 2.98733 2.54897
1440896779.109963796 2.9348 2.59848
1440896779.119830996 3.03437 2.58112
1440896779.129711261 2.91336 2.73492
1440896779.140051770 2.97914 2.71562
1440896779.149826810 2.9934 2.68695
1440896779.159808246 2.87148 2.78937
1440896779.169634543 2.89978 2.77325
1440896779.179901100 2.90563 2.78497
1440896779.189882559 2.78014 2.77016
1440896779.199657966 2.90526 2.87977
1440896779.209925292 2.76582 2.84845
1440896779.219824154 2.60237 2.68132
1440896779.229662523 2.79416 2.83021
1440896779.239557235 2.71346 2.71634
1440896779.249934875 2.67241 2.70826
1440896779.259742635 2.73873 2.73062
1440896779.269586136 2.59396 2.81305
1440896779.279928126 2.78129 2.72599
1440896779.289843623 2.75702 2.78876
1440896779.299660407 2.71966 2.5515
1440896779.309959633 2.71611 2.6995
1440896779.319877783 2.87752 2.77169
1440896779.329712480 2.8344 2.76181
1440896779.340045012 2.85511 2.72255
1440896779.349917284 2.77012 2.72065
1440896779.359691696 2.68905 2.64436
1440896779.369662187 2.7796 2.60429
1440896779.379875036 2.73359 2.68503
1440896779.389732779 2.54709 2.55407
1440896779.399664037 2.76236 2.73103
1440896779.409944499 2.76051 2.74767
1440896779.419848948 2.7816 2.81885
1440896779.429812676 2.81867 2.67191
1440896779.439604814 2.81087 2.7227
1440896779.449830244 2.80403 2.63169
1440896779.459820259 2.79646 2.62838
1440896779.469604325 2.93817 2.66244
1440896779.479881802 2.89032 2.60135
1440896779.489827831 2.86757 2.47155
1440896779.499647870 2.90715 2.63991
1440896779.509576010 2.60779 2.48736
1440896779.519880997 2.72057 2.59094
1440896779.529750740 2.65257 2.53202
1440896779.539581142 2.78891 2.76684
1440896779.549785729 2.80713 2.71117
1440896779.559699272 2.90184 2.82416
1440896779.570008447 3.03579 2.74499
1440896779.579882572 2.92741 2.74319
1440896779.589775149 2.98997 2.73199
1440896779.599664616 3.06898 2.69631
1440896779.609508109 3.06477 2.63406
1440896779.619768307 2.99708 2.61895
1440896779.629655765 2.88209 2.72084
1440896779.639537594 2.95863 2.89626
1440896779.649844260 3.0442 2.86544
1440896779.659726711 3.15546 2.90403
1440896779.669617242 3.0121 2.78256
1440896779.679549780 3.11184 2.68155
1440896779.689762573 2.94251 2.74606
1440896779.699646258 2.97531 2.67556
1440896779.709928533 3.0708 2.84819
1440896779.719859507 3.17917 2.7062
1440896779.729689422 3.33075 2.8115
1440896779.739534430 3.14761 2.73509
41
1440896778.513857214 598.7 84.3 23.6 0.495 0 0.001 -0.869
1440896778.525504371 441.4 142.1 23.8 0.495 0 0.001 -0.869
1440896778.558452876 441.4 142.1 23.8 0.495 0 0.001 -0.869
1440896778.588161018 441.4 142.1 23.8 0.495 0 0.001 -0.869
1440896778.621324252 441.4 142.1 23.7 0.495 0 0.001 -0.869
1440896778.648073737 441.4 142.1 23.7 0.494 0 0.001 -0.869
1440896778.681243304 441.4 142.1 23.7 0.493 0 0.001 -0.87
1440896778.711285843 441.4 142.1 23.7 0.492 0 0.001 -0.871
1440896778.741306393 441.4 142.1 23.7 0.491 0 0.001 -0.871
1440896778.771164592 441.4 142.1 23.8 0.49 0 0.001 -0.872
1440896778.804382228 441.4 142.1 23.8 0.489 0 0.001 -0.873
1440896778.831292267 441.4 142 23.8 0.487 0 0.001 -0.873
1440896778.864619725 441.4 142 23.8 0.486 0 0.001 -0.874
1440896778.891326102 441.3 142 23.8 0.485 0 0.001 -0.874
1440896778.924558202 441.3 142 23.8 0.484 0 0.001 -0.875
1440896778.951244584 441.3 142 23.8 0.483 0 0.001 -0.876
1440896778.983616956 441.3 142 23.8 0.482 0 0.001 -0.876
1440896779.011469266 441.3 142 23.8 0.481 0 0.001 -0.877
1440896779.041366599 441.3 142 23.8 0.48 0 0.001 -0.878
1440896779.071530230 441.3 141.9 23.8 0.478 0 0.001 -0.878
1440896779.101671237 441.3 141.9 23.8 0.477 0 0.001 -0.879
1440896779.130855224 441.3 141.9 23.8 0.476 0 0.001 -0.879
1440896779.164105549 441.3 141.9 23.8 0.475 0 0.001 -0.88
1440896779.191127011 441.3 141.9 23.8 0.474 0 0.001 -0.881
1440896779.224451354 441.3 141.9 23.8 0.473 0 0.001 -0.881
1440896779.251335675 441.3 141.8 23.8 0.471 0 0.001 -0.882
1440896779.284663866 441.3 141.8 23.8 0.47 0 0.001 -0.883
1440896779.311555622 441.3 141.8 23.8 0.469 0 0.001 -0.883
1440896779.343789884 441.3 141.8 23.8 0.468 0 0.001 -0.884
1440896779.371473164 441.2 141.8 23.8 0.467 0 0.001 -0.884
1440896779.404488350 441.2 141.8 23.8 0.466 0 0.001 -0.885
1440896779.431156476 441.2 141.8 23.8 0.464 0 0.001 -0.886
1440896779.464356821 441.2 141.8 23.8 0.463 0 0.001 -0.886
1440896779.491412975 441.2 141.7 23.8 0.462 0 0.001 -0.887
1440896779.527043700 441.2 141.7 23.8 0.461 0 0.001 -0.888
1440896779.557230474 441.2 141.7 23.8 0.459 0 0.001 -0.888
1440896779.587415678 441.2 141.7 23.8 0.458 0 0.001 -0.889
1440896779.617646184 441.2 141.7 23.8 0.457 0 0.001 -0.889
1440896779.646612275 441.2 141.6 23.8 0.456 0 0.001 -0.89
1440896779.677544201 441.2 141.6 23.8 0.455 0 0.001 -0.891
1440896779.709817303 441.1 141.6 23.8 0.454 0 0.001 -0.891
638.576 12.0687 10.8654 0.343397 0.000916788 0.00035482 0.93919
649.188 37.8314 10.8873 0.159974 0.000924222 0.00205449 0.987119
116
1440896820.862968135 0.102775 -0.112242
1440896820.869968240 0.104463 -0.114302
1440896820.879813794 0.102718 -0.113221
1440896820.889688659 0.100645 -0.115455
1440896820.899616803 0.104432 -0.11185
1440896820.910128688 0.100832 -0.112071
1440896820.919982375 0.107185 -0.110117
1440896820.929806119 0.102935 -0.114368
1440896820.940194412 0.120052 -0.091313
1440896820.950020971 0.09629 -0.109754
1440896820.959951695 0.112087 -0.113828
1440896820.969856637 0.111869 -0.082389
1440896820.980071087 0.11284 -0.092865
1440896820.990124221 0.098602 -0.099925
1440896820.999824042 0.097411 -0.107045
1440896821.010144278 1.90023 3.11676
1440896821.019871608 2.40114 4.08217
1440896821.029869484 2.10676 3.69061
1440896821.040178437 1.48202 2.67984
1440896821.049776145 1.16599 2.18041
1440896821.059915351 1.51265 2.70151
1440896821.069760423 1.43479 2.66068
1440896821.080013072 1.3859 2.55734
1440896821.089917162 1.44625 2.75112
1440896821.099812339 1.26666 2.58314
1440896821.109870492 1.34128 2.61876
1440896821.119957300 1.26016 2.52519
1440896821.129907526 1.29972 2.71127
1440896821.139847122 1.31442 2.65515
1440896821.149747891 1.2691 2.55501
1440896821.159969289 1.33705 2.60706
1440896821.170187384 1.39999 2.62548
1440896821.180108226 1.39764 2.6302
1440896821.189964610 1.46004 2.5349
1440896821.199513556 1.3896 2.46038
1440896821.210278421 1.47158 2.64858
1440896821.220020214 1.51486 2.72106
1440896821.229829970 1.53363 2.84942
1440896821.239780736 1.32546 2.55602
1440896821.250055077 1.5912 2.84646
1440896821.259827746 1.58722 2.8051
1440896821.269906699 1.45448 2.59068
1440896821.280038158 1.47482 2.52305
1440896821.289961778 1.71041 2.68112
1440896821.299724550 1.82447 2.77398
1440896821.310317886 1.80208 2.70177
1440896821.320013342 1.78821 2.71585
1440896821.329836179 1.74886 2.71021
1440896821.340279569 1.69247 2.64339
1440896821.350046009 1.6484 2.57319
1440896821.359770934 1.6744 2.60503
1440896821.370165081 1.562 2.48248
1440896821.380091631 1.61042 2.53977
1440896821.389909626 1.85502 2.79411
1440896821.399787042 1.71572 2.68789
1440896821.410137138 1.43585 2.27595
1440896821.419914253 1.6778 2.62955
1440896821.430004807 1.6805 2.61416
1440896821.439732769 1.73698 2.58429
1440896821.449976137 1.78002 2.53019
1440896821.459862460 1.83666 2.45642
1440896821.469746206 1.88285 2.35795
1440896821.480080248 1.80316 2.17533
1440896821.489984879 2.06259 2.49204
1440896821.499775651 2.03861 2.48574
1440896821.510134365 2.00175 2.40496
1440896821.519961114 1.99086 2.42205
1440896821.529740742 1.96928 2.32184
1440896821.540086139 2.08825 2.36958
1440896821.550008967 1.9394 2.20669
1440896821.559771302 2.09273 2.3975
1440896821.570140086 2.03738 2.34432
1440896821.580110377 2.12197 2.41188
1440896821.589954522 2.16288 2.45134
1440896821.599775158 2.12758 2.37071
1440896821.610078791 2.06079 2.18305
1440896821.620021538 1.9907 2.01851
1440896821.629798910 2.06758 2.15302
1440896821.640163693 2.18457 2.31365
1440896821.650064209 2.14105 2.25828
1440896821.659818681 2.1404 2.21253
1440896821.670200990 2.17586 2.37511
1440896821.679979007 1.85217 2.06614
1440896821.689924944 1.87757 2.18929
1440896821.700218728 1.89754 2.24542
1440896821.710135305 1.95938 2.26117
1440896821.720017222 1.83104 2.04783
1440896821.729742819 1.94396 2.18688
1440896821.740009295 1.96265 2.12737
1440896821.750042352 1.89818 1.84164
1440896821.759831464 2.1155 1.95636
1440896821.770100222 2.23539 2.16513
1440896821.780037687 2.1837 2.10473
1440896821.789819178 2.08887 2.00487
1440896821.800225377 2.05355 2.0293
1440896821.810069076 2.08412 2.13539
1440896821.819923590 2.01789 2.06637
1440896821.829714908 2.04578 1.99313
1440896821.840232600 2.1091 1.92311
1440896821.849907700 2.18652 2.00011
1440896821.859964386 2.1951 2.07663
1440896821.870119700 2.11584 1.94663
1440896821.879959546 1.94998 1.73751
1440896821.889827832 1.98538 1.70066
1440896821.899745226 2.33701 2.03177
1440896821.909935455 2.40552 2.17104
1440896821.920084386 2.2897 2.05973
1440896821.929895400 2.20291 1.99961
1440896821.940039452 2.12109 1.88879
1440896821.949969932 2.11516 1.87078
1440896821.959896137 2.13471 1.8791
1440896821.969856302 2.32644 2.04896
1440896821.980053231 2.32553 2.07515
1440896821.989716486 2.07637 1.90663
1440896821.999744464 2.10668 1.97266
1440896822.010100858 2.15094 1.86421
39
1440896820.862966982 534.9 -32.2 23.6 0.999 0 0.001 0.042
1440896820.888481705 384.3 -217.6 23.9 0.999 0 0.001 0.042
1440896820.921368778 384.3 -217.6 23.9 0.999 0 0.001 0.042
1440896820.951655492 384.3 -217.6 23.9 0.999 0 0.001 0.042
1440896820.981645731 384.4 -217.6 23.9 0.999 0 0.001 0.042
1440896821.011712782 384.4 -217.6 23.9 0.999 0 0.001 0.041
1440896821.040826797 384.4 -217.6 23.9 0.999 0 0.001 0.04
1440896821.071856541 384.4 -217.6 23.9 0.999 0 0.001 0.038
1440896821.101616228 384.4 -217.6 23.9 0.999 0 0.001 0.037
1440896821.131402640 384.4 -217.6 23.9 0.999 0 0.001 0.036
1440896821.161716506 384.4 -217.6 23.9 0.999 0 0.001 0.034
1440896821.193990376 384.4 -217.6 23.9 0.999 0 0.001 0.033
1440896821.221225390 384.4 -217.6 23.9 1 0 0.001 0.032
1440896821.254675537 384.4 -217.6 23.9 1 0 0.001 0.03
1440896821.281443726 384.5 -217.6 23.9 1 0 0.001 0.029
1440896821.314916130 384.5 -217.6 23.9 1 0 0.001 0.028
1440896821.344373874 384.5 -217.6 23.9 1 0 0.001 0.026
1440896821.377755995 384.5 -217.5 23.9 1 0 0.001 0.025
1440896821.403826491 384.5 -217.5 23.9 1 0 0.001 0.024
1440896821.437097936 384.6 -217.5 23.9 1 0 0.001 0.022
1440896821.464414523 384.6 -217.5 23.9 1 0 0.001 0.021
1440896821.497408291 384.6 -217.5 23.9 1 0 0.001 0.02
1440896821.524498996 384.6 -217.5 23.9 1 0 0.001 0.018
1440896821.557725060 384.6 -217.5 23.9 1 0 0.001 0.017
1440896821.584951333 384.6 -217.5 23.9 1 0 0.001 0.016
1440896821.617496520 384.6 -217.5 23.9 1 0 0.001 0.014
1440896821.647559291 384.6 -217.5 23.9 1 0 0.001 0.013
1440896821.677844766 384.6 -217.5 23.9 1 0 0.001 0.012
1440896821.707805271 384.7 -217.5 23.9 1 0 0.001 0.01
1440896821.739935134 384.7 -217.5 23.9 1 0 0.001 0.009
1440896821.767727103 384.7 -217.5 23.9 1 0 0.001 0.008
1440896821.800721147 384.7 -217.5 23.9 1 0 0.001 0.007
1440896821.827739093 384.7 -217.5 23.9 1 0 0.001 0.005
1440896821.857849480 384.8 -217.5 23.9 1 0 0.001 0.004
1440896821.887862661 384.8 -217.5 23.9 1 0 0.001 0.003
1440896821.920083113 384.8 -217.5 23.9 1 0 0.001 0.001
1440896821.947801913 384.8 -217.5 23.9 1 0 0.001 0
1440896821.983491148 384.8 -217.5 23.9 1 0 0.001 -0.002
1440896822.016657908 384.8 -217.5 23.9 1 0 0.001 -0.003
649.151 37.8572 10.7524 0.160401 0.00168854 0.00110971 0.98705
642.098 43.8216 11.2266 0.231548 -0.000883924 -0.000568465 0.972823
110
1440896863.650410210 0.104343 -0.114195
1440896863.659832156 0.106106 -0.119544
1440896863.669813022 0.103301 -0.118129
1440896863.679878237 0.100376 -0.126563
1440896863.689844354 0.101714 -0.11609
1440896863.699676023 0.104208 -0.117535
1440896863.710311961 0.09986 -0.118505
1440896863.720113302 0.096287 -0.114358
1440896863.729785089 0.109817 -0.122837
1440896863.739922768 0.115086 -0.104554
1440896863.750197528 0.110757 -0.122291
1440896863.759885738 0.112121 -0.098133
1440896863.769794648 0.111805 -0.113659
1440896863.780163587 0.414599 0.411846
1440896863.789956373 1.78387 3.24236
1440896863.799860892 1.8268 3.52546
1440896863.809752412 1.49312 2.64848
1440896863.819952796 1.54472 2.74831
1440896863.829675089 1.74685 3.14199
1440896863.839935817 1.5352 2.73801
1440896863.850107509 1.59254 2.79699
1440896863.860038250 1.68129 2.8727
1440896863.869784138 1.70301 2.95427
1440896863.880152204 1.60713 2.80543
1440896863.890117705 1.65498 2.87955
1440896863.899918595 1.70035 3.00507
1440896863.910090698 1.60022 2.83183
1440896863.920011550 1.47689 2.69095
1440896863.929884803 1.47439 2.80334
1440896863.939751505 1.53029 3.00498
1440896863.950090740 1.41517 2.79498
1440896863.959943319 1.50622 2.9691
1440896863.970147882 1.47502 3.17364
1440896863.980013462 1.28691 3.30848
1440896863.990143849 1.1845 3.28468
1440896863.999776280 1.22594 3.60096
1440896864.010036958 1.19576 3.82918
1440896864.020105060 0.9947 3.58342
1440896864.029932617 1.06812 3.90318
1440896864.039904366 0.964136 3.92762
1440896864.050058003 0.777798 3.66319
1440896864.059869387 0.80436 3.73281
1440896864.070123731 0.817823 3.94373
1440896864.080085652 0.823719 3.87164
1440896864.089996803 0.78333 3.86033
1440896864.099741629 0.813472 3.88105
1440896864.110176234 0.68974 3.58388
1440896864.120048919 0.708591 3.61095
1440896864.129855644 0.643444 3.601
1440896864.140153678 0.764471 3.67985
1440896864.150078174 0.685445 3.68105
1440896864.159619044 0.723563 3.66675
1440896864.169663306 0.751245 3.74182
1440896864.180113060 0.797763 3.37821
1440896864.189924575 0.784193 3.64832
1440896864.200010985 0.722116 3.69883
1440896864.210177039 0.716616 3.66285
1440896864.219720733 0.763309 3.48562
1440896864.230008631 0.775386 3.76222
1440896864.240209425 0.652368 3.49054
1440896864.250043302 0.70597 3.40129
1440896864.259881012 0.675312 3.54143
1440896864.269844163 0.697827 3.5751
1440896864.280155878 0.694497 3.57066
1440896864.289907044 0.785941 3.77818
1440896864.299815407 0.755465 3.65059
1440896864.310056515 0.729621 3.57646
1440896864.320216264 0.645186 3.48727
1440896864.330019731 0.607617 3.54174
1440896864.340242992 0.705568 3.62659
1440896864.350058341 0.752502 3.76138
1440896864.359866728 0.708803 3.44375
1440896864.370207441 0.676086 3.51594
1440896864.379984169 0.729822 3.70266
1440896864.389991753 0.690791 3.54818
1440896864.399882716 0.71992 3.5951
1440896864.410079112 0.756284 3.66067
1440896864.420220043 0.818197 3.80593
1440896864.429925602 0.597634 3.52733
1440896864.440168574 0.829231 3.67254
1440896864.450049876 0.712772 3.72122
1440896864.459878970 0.678712 3.58296
1440896864.469811500 0.674483 3.65851
1440896864.480313440 0.78062 3.68686
1440896864.490033630 0.694435 3.64987
1440896864.499775824 0.734089 3.49795
1440896864.510148185 0.678385 3.62246
1440896864.520046529 0.775408 3.74926
1440896864.529588803 0.636068 3.50401
1440896864.539954480 0.934454 3.75242
1440896864.549843362 0.739784 3.76556
1440896864.559724112 0.755803 3.41958
1440896864.569929442 0.811328 3.62639
1440896864.580111327 0.81251 3.74812
1440896864.589682942 0.794255 3.56455
1440896864.599600316 0.834917 3.7763
1440896864.610094249 0.773181 3.8135
1440896864.620025250 0.693541 3.64589
1440896864.630011353 0.727612 3.51041
1440896864.639758258 0.798924 3.66391
1440896864.649769467 0.728931 3.61791
1440896864.659677392 0.847627 3.73445
1440896864.669874323 0.791953 3.76781
1440896864.680154371 0.837872 3.62092
1440896864.690000005 0.719484 3.51493
1440896864.699778633 0.826915 3.63826
1440896864.710128687 0.814758 3.64374
1440896864.719946807 0.734204 3.63257
1440896864.729825999 0.87027 3.57292
1440896864.739709721 0.890941 3.88605
38
1440896863.650428924 627.6 -29.8 23.4 0.16 0.002 0.001 0.987
1440896863.665306409 685.4 60.6 23 0.16 0.002 0.001 0.987
1440896863.694989182 685.4 60.6 23 0.16 0.002 0.001 0.987
1440896863.722793375 685.4 60.6 23 0.16 0.002 0.001 0.987
1440896863.752763111 685.4 60.5 23 0.161 0.002 0.001 0.987
1440896863.782801426 685.4 60.5 23 0.162 0.002 0.001 0.987
1440896863.815526529 685.4 60.5 23 0.163 0.002 0.001 0.987
1440896863.842717264 685.4 60.5 23 0.164 0.002 0.001 0.986
1440896863.875511551 685.4 60.6 23 0.165 0.002 0.001 0.986
1440896863.902561792 685.3 60.6 23 0.167 0.002 0.001 0.986
1440896863.935215199 685.3 60.6 23 0.168 0.002 0.001 0.986
1440896863.965396153 685.3 60.6 23 0.169 0.002 0.001 0.986
1440896863.995401497 685.3 60.6 23.1 0.17 0.002 0.001 0.985
1440896864.025506230 685.3 60.6 23 0.172 0.002 0.001 0.985
1440896864.055183631 685.3 60.6 23 0.173 0.002 0.001 0.985
1440896864.085247715 685.3 60.6 23 0.175 0.002 0.001 0.985
1440896864.115342305 685.3 60.6 23.1 0.176 0.002 0.001 0.984
1440896864.144951879 685.2 60.6 23.1 0.177 0.002 0.001 0.984
1440896864.178826703 685.2 60.6 23.1 0.178 0.002 0.001 0.984
1440896864.205555791 685.2 60.6 23.1 0.18 0.002 0.001 0.984
1440896864.235113751 685.2 60.6 23.1 0.181 0.002 0.001 0.984
1440896864.265230398 685.2 60.6 23.1 0.182 0.002 0.001 0.983
1440896864.295090054 685.2 60.6 23.1 0.183 0.002 0.001 0.983
1440896864.324881052 685.1 60.6 23 0.185 0.002 0.001 0.983
1440896864.354933575 685.1 60.6 23.1 0.186 0.002 0.001 0.983
1440896864.385656888 685.1 60.6 23.1 0.187 0.002 0.001 0.982
1440896864.415780444 685.1 60.6 23.1 0.189 0.002 0.001 0.982
1440896864.442150618 685.1 60.6 23.1 0.19 0.002 0.001 0.982
1440896864.475375335 685.1 60.6 23.1 0.191 0.002 0.001 0.982
1440896864.505571971 685.1 60.6 23.1 0.192 0.002 0.001 0.981
1440896864.535003581 685.1 60.6 23.1 0.194 0.002 0.001 0.981
1440896864.565247754 685.1 60.7 23.1 0.195 0.002 0.001 0.981
1440896864.598069419 685 60.7 23.1 0.196 0.002 0.001 0.981
1440896864.625117516 685 60.7 23.1 0.198 0.002 0.001 0.98
1440896864.658099227 685 60.7 23.1 0.199 0.002 0.001 0.98
1440896864.684820778 685 60.7 23.1 0.2 0.002 0.001 0.98
1440896864.715795766 685 60.7 23.1 0.201 0.002 0.001 0.98
1440896864.748044216 685 60.7 23.1 0.203 0.002 0.001 0.979
642.084 43.8211 11.2033 0.231538 -0.000742899 -0.000538652 0.972825
650.107 38.0695 11.2401 0.299075 -0.000464853 -0.000885098 0.954229
117
1440896906.411248500 0.101464 -0.11362
1440896906.419961778 0.098959 -0.11671
1440896906.429656490 0.099617 -0.116036
1440896906.439895567 0.098598 -0.115587
1440896906.449796731 0.106884 -0.112213
1440896906.459706060 0.100341 -0.116491
1440896906.469520766 0.098749 -0.114288
1440896906.480191712 0.095006 -0.122479
1440896906.489899062 0.104226 -0.114035
1440896906.499711799 0.103669 -0.11045
1440896906.510038705 0.125787 -0.148371
1440896906.520011878 0.124004 -0.138508
1440896906.529585062 0.128911 -0.125364
1440896906.540022383 0.120337 -0.129722
1440896906.550197909 0.101398 -0.118115
1440896906.559878516 0.101465 -0.108241
1440896906.569732013 0.089645 -0.113942
1440896906.580271170 0.095786 -0.118462
1440896906.589889498 0.099552 -0.119323
1440896906.599792579 0.109746 -0.114781
1440896906.610051954 0.109758 -0.112625
1440896906.619973037 0.100616 -0.111102
1440896906.629823633 0.542212 0.077403
1440896906.639895549 1.26739 0.439024
1440896906.650071671 2.24573 0.906527
1440896906.659850155 3.71593 1.53412
1440896906.669779071 3.73622 1.56658
1440896906.680162934 3.10915 1.36592
1440896906.689788834 2.94544 1.19878
1440896906.699800702 2.90058 1.22149
1440896906.710183447 2.81793 1.2578
1440896906.719905976 3.1462 1.36286
1440896906.729846880 3.08713 1.33812
1440896906.739718714 3.30732 1.41724
1440896906.750000306 3.23619 1.19676
1440896906.759992978 2.63858 1.08392
1440896906.769807947 2.8559 1.21873
1440896906.780023931 3.18318 1.24474
1440896906.789856896 2.94435 1.20289
1440896906.799858384 2.83125 1.24352
1440896906.809843169 3.00928 1.34875
1440896906.819726271 2.91138 1.34828
1440896906.829898383 3.14061 1.39733
1440896906.840143966 2.68197 1.19643
1440896906.849997949 2.67758 1.20825
1440896906.859972977 2.90467 1.32622
1440896906.869685428 3.04427 1.3322
1440896906.880179991 2.8643 1.35363
1440896906.889951673 3.01289 1.22792
1440896906.899843875 2.77955 1.08124
1440896906.909875374 2.89673 1.20365
1440896906.919995170 2.58761 1.14114
1440896906.929895084 2.87521 1.35806
1440896906.939765516 2.89456 1.32267
1440896906.950039574 2.82098 1.28928
1440896906.959917582 2.9064 1.32259
1440896906.969586709 2.88753 1.31807
1440896906.980009396 2.74124 1.26194
1440896906.989978308 2.85844 1.23381
1440896906.999766982 2.72653 1.14927
1440896907.010054963 2.72632 1.19969
1440896907.019959342 2.78892 1.29755
1440896907.029646323 2.72524 1.26496
1440896907.040014979 2.83835 1.23361
1440896907.050027916 2.74618 1.22024
1440896907.059864870 2.84793 1.23098
1440896907.069778055 2.79784 1.16093
1440896907.080103902 2.77249 1.24503
1440896907.090133231 2.64468 1.23656
1440896907.099842014 2.80119 1.29837
1440896907.110087316 2.76202 1.22902
1440896907.119946099 2.69304 1.13264
1440896907.129966507 2.48834 1.07016
1440896907.140215434 2.64982 1.20511
1440896907.149823438 2.75165 1.25139
1440896907.159650891 2.71401 1.17872
1440896907.169756689 2.54495 1.06605
1440896907.180026137 2.62492 1.18718
1440896907.189962070 2.78221 1.2374
1440896907.199900222 2.94459 1.05851
1440896907.209845191 2.6224 0.836927
1440896907.219756938 2.40152 0.947385
1440896907.229619403 2.57294 1.12541
1440896907.240025483 2.77738 1.21661
1440896907.250034599 2.67042 1.05026
1440896907.259913184 2.59912 0.923159
1440896907.270169673 2.47347 0.973333
1440896907.280109594 2.65324 0.998582
1440896907.289981087 2.77239 1.00592
1440896907.299598499 2.62038 1.0134
1440896907.310110006 2.60751 1.06354
1440896907.319996243 2.49457 0.934915
1440896907.329808330 2.6029 0.903108
1440896907.340308231 2.50063 0.949188
1440896907.350070456 2.54609 1.08451
1440896907.359907139 2.68586 1.18917
1440896907.370114884 2.48439 1.01779
1440896907.380097505 2.57381 1.12877
1440896907.389942297 2.59665 1.02509
1440896907.399731525 2.58958 0.932273
1440896907.410146970 2.5181 0.898111
1440896907.420036325 2.6447 0.988092
1440896907.429796076 2.6213 1.09451
1440896907.440225158 2.51738 1.03637
1440896907.450044786 2.56625 1.01759
1440896907.459946895 2.43267 0.892558
1440896907.470251209 2.45126 0.975256
1440896907.479995137 2.61375 1.09957
1440896907.489857154 2.6039 1.08888
1440896907.499692589 2.73853 1.1114
1440896907.509998191 2.58638 0.958309
1440896907.519772266 2.34706 0.939176
1440896907.529963562 2.25784 0.945591
1440896907.540207165 2.42197 1.02198
1440896907.550002117 2.43726 1.06325
1440896907.560001299 2.5886 1.11684
1440896907.569767696 2.45892 1.03639
40
1440896906.411264272 545.8 -6.1 23.5 0.987 0 -0.001 0.158
1440896906.424151862 741.6 33.7 23.9 0.987 0 -0.001 0.158
1440896906.453746089 741.6 33.7 23.9 0.987 0 -0.001 0.158
1440896906.484263343 741.6 33.7 23.9 0.987 0 -0.001 0.158
1440896906.514177578 741.6 33.7 23.9 0.987 0 -0.001 0.158
1440896906.544881355 741.7 33.7 23.9 0.988 0 -0.001 0.157
1440896906.577488169 741.7 33.7 23.9 0.988 0 -0.001 0.156
1440896906.604522979 741.7 33.8 23.8 0.988 0 -0.001 0.155
1440896906.637947974 741.7 33.8 23.8 0.988 0 -0.001 0.153
1440896906.664621831 741.7 33.7 23.8 0.988 0 -0.001 0.152
1440896906.697824145 741.7 33.8 23.8 0.989 0 -0.001 0.151
1440896906.724866708 741.7 33.8 23.8 0.989 0 -0.001 0.15
1440896906.757530344 741.7 33.8 23.8 0.989 0 -0.001 0.148
1440896906.784532158 741.8 33.8 23.9 0.989 0 -0.001 0.147
1440896906.816899336 741.8 33.8 23.9 0.989 0 -0.001 0.146
1440896906.844167322 741.8 33.8 23.8 0.99 0 -0.001 0.144
1440896906.874883824 741.8 33.8 23.8 0.99 0 -0.001 0.143
1440896906.903640372 741.8 33.8 23.9 0.99 0 -0.001 0.142
1440896906.937863762 741.8 33.8 23.9 0.99 0 -0.001 0.141
1440896906.964094790 741.9 33.8 23.9 0.99 0 -0.001 0.139
1440896906.997498951 741.9 33.8 23.9 0.99 0 -0.001 0.138
1440896907.024039948 741.9 33.8 23.9 0.991 0 -0.001 0.137
1440896907.057129736 741.9 33.8 23.9 0.991 0 -0.001 0.135
1440896907.087116069 741.9 33.8 23.9 0.991 0 -0.001 0.134
1440896907.117431139 741.9 33.8 23.9 0.991 0 -0.001 0.133
1440896907.144006674 742 33.8 23.9 0.991 0 -0.001 0.131
1440896907.176967771 742 33.9 23.9 0.992 0 -0.001 0.13
1440896907.207480799 742 33.8 23.9 0.992 0 -0.001 0.129
1440896907.240901983 742 33.9 23.9 0.992 0 -0.001 0.128
1440896907.267633713 742 33.9 23.9 0.992 0 -0.001 0.126
1440896907.297223756 742 33.9 23.9 0.992 0 -0.001 0.125
1440896907.327013853 742 33.9 23.9 0.992 0 -0.001 0.124
1440896907.357136172 742 33.9 23.9 0.993 0 -0.001 0.122
1440896907.387080655 742.1 33.9 23.9 0.993 0 -0.001 0.121
1440896907.420337462 742.1 33.9 23.9 0.993 0 -0.001 0.12
1440896907.446821463 742.1 33.9 23.9 0.993 0 -0.001 0.118
1440896907.480059300 742.1 33.9 23.9 0.993 0 -0.001 0.117
1440896907.507434923 742.1 33.9 23.9 0.993 0 -0.001 0.116
1440896907.540322036 742.1 33.9 23.9 0.993 0 -0.001 0.114
1440896907.569780174 742.2 33.9 23.9 0.994 0 -0.001 0.113
650.138 38.0916 11.3469 0.29908 -0.000692661 -0.00116773 0.954227
638.711 57.7529 10.9024 0.219153 0.000717722 0.000217445 0.97569
116
1440896947.024256318 0.097859 -0.119652
1440896947.033480574 0.093084 -0.116974
1440896947.043798595 0.102159 -0.116323
1440896947.053607413 0.100414 -0.118828
1440896947.063485807 0.1049 -0.119056
1440896947.073819047 0.104338 -0.115308
1440896947.083661037 0.096724 -0.116803
1440896947.093540125 0.094838 -0.115652
1440896947.103686439 0.090392 -0.117715
1440896947.113988473 0.1107 -0.117812
1440896947.123985997 0.095144 -0.109129
1440896947.133791198 0.081539 -0.092741
1440896947.144040123 0.087071 -0.091331
1440896947.153747026 0.087517 -0.08932
1440896947.163762503 0.103048 -0.091193
1440896947.173773407 0.085834 -0.118573
1440896947.183683840 0.094933 -0.120372
1440896947.193636840 0.100788 -0.134585
1440896947.203419790 0.097153 -0.138166
1440896947.214082444 0.105965 -0.12075
1440896947.223844299 0.095012 -0.118011
1440896947.233485653 0.106195 -0.103997
1440896947.243842185 0.103627 -0.112873
1440896947.253830423 1.08073 1.91742
1440896947.263685153 1.21612 2.52553
1440896947.273466729 1.05537 2.23929
1440896947.283887617 1.23012 2.45728
1440896947.293830174 1.48301 3.03521
1440896947.304235176 1.42188 3.01258
1440896947.313951305 1.4132 2.83926
1440896947.323724336 1.48171 3.04492
1440896947.333691801 1.48967 2.98602
1440896947.343970911 1.50105 3.18983
1440896947.353960953 1.43108 2.93263
1440896947.363708431 1.59122 3.21517
1440896947.374032530 1.52053 2.96487
1440896947.384010223 1.50271 2.85095
1440896947.393767799 1.65952 3.17248
1440896947.403737590 1.58066 3.00602
1440896947.413973906 1.57891 2.92464
1440896947.423733546 1.65984 3.18103
1440896947.434161635 1.49623 2.88238
1440896947.444027511 1.46218 2.80545
1440896947.453809147 1.60246 3.14751
1440896947.463844995 1.53725 3.04559
1440896947.474095043 1.53111 2.96775
1440896947.483905245 1.58515 3.07668
1440896947.493945689 1.56652 3.06303
1440896947.504162836 1.54198 2.93276
1440896947.513919840 1.60808 3.04656
1440896947.523908895 1.61413 3.09239
1440896947.533796311 1.57733 3.05312
1440896947.543952146 1.6779 3.20672
1440896947.553610510 1.50483 2.79491
1440896947.563557882 1.54991 2.81617
1440896947.573776301 1.61841 3.06622
1440896947.583877770 1.52456 2.85173
1440896947.593939092 1.62899 3.10801
1440896947.603692188 1.64936 3.18053
1440896947.613851288 1.59993 3.08822
1440896947.623831330 1.63125 3.19306
1440896947.633736576 1.49523 2.93927
1440896947.643957127 1.57393 3.0988
1440896947.653848521 1.67273 3.2676
1440896947.663768180 1.45407 2.78345
1440896947.673466917 1.56765 3.04299
1440896947.683902803 1.54951 3.06806
1440896947.693820914 1.40812 2.97266
1440896947.704018199 1.30624 2.84363
1440896947.714098816 1.38631 3.04413
1440896947.723930182 1.36118 3.06311
1440896947.733623600 1.28569 2.90749
1440896947.743964492 1.31461 2.97583
1440896947.753967214 1.43863 3.11772
1440896947.763728673 1.46762 3.14991
1440896947.773780298 1.5207 3.11959
1440896947.783900791 1.54508 3.07475
1440896947.793771162 1.55814 3.09093
1440896947.804081610 1.49663 2.95167
1440896947.814037314 1.47333 2.98451
1440896947.823859392 1.5322 3.12434
1440896947.833653954 1.53565 3.00004
1440896947.844021638 1.64836 3.14353
1440896947.853863584 1.66232 3.15827
1440896947.863467495 1.6475 3.00807
1440896947.873781600 1.678 3.11166
1440896947.883969384 1.65116 3.02551
1440896947.893730297 1.61951 3.00844
1440896947.904287240 1.6858 3.01722
1440896947.913954697 1.59963 2.89831
1440896947.923662448 1.68537 3.12249
1440896947.933697142 1.54225 2.86492
1440896947.943956827 1.53926 2.91092
1440896947.954050294 1.61695 3.10013
1440896947.963816750 1.48853 2.97317
1440896947.974061766 1.50202 2.94345
1440896947.983945708 1.57049 3.09349
1440896947.993830132 1.57588 3.23015
1440896948.003729991 1.45455 2.86479
1440896948.013872716 1.69019 3.31473
1440896948.023861149 1.65611 3.16173
1440896948.033691944 1.56151 2.95026
1440896948.043883961 1.65339 2.99211
1440896948.053917020 1.62077 3.03906
1440896948.063648214 1.46703 2.72253
1440896948.074003927 1.53878 3.03965
1440896948.084157152 1.47316 2.95064
1440896948.093856577 1.47563 3.06527
1440896948.103621243 1.39009 3.01083
1440896948.114027999 1.35394 2.97737
1440896948.123863138 1.4673 2.96711
1440896948.133635323 1.46203 2.93216
1440896948.144104100 1.46994 3.00004
1440896948.153909051 1.51791 3.05669
1440896948.163733997 1.52097 3.026
1440896948.174100459 1.489 2.82134
38
1440896947.024282489 476.8 12.6 23.5 0.299 -0.001 -0.001 0.954
1440896947.062291977 476.8 12.6 23.5 0.299 -0.001 -0.001 0.954
1440896947.095413377 476.8 12.6 23.5 0.299 -0.001 -0.001 0.954
1440896947.125571837 476.8 12.5 23.5 0.299 -0.001 -0.001 0.954
1440896947.155731291 476.8 12.5 23.5 0.298 -0.001 -0.001 0.954
1440896947.185116946 476.8 12.5 23.5 0.297 -0.001 -0.001 0.955
1440896947.215647881 476.7 12.6 23.5 0.296 -0.001 -0.001 0.955
1440896947.245449068 476.7 12.6 23.5 0.295 -0.001 -0.001 0.956
1440896947.275258357 476.7 12.6 23.5 0.293 -0.001 -0.001 0.956
1440896947.307917914 476.7 12.6 23.5 0.292 -0.001 -0.001 0.956
1440896947.335713447 476.7 12.6 23.5 0.291 -0.001 -0.001 0.957
1440896947.368082582 476.7 12.6 23.5 0.29 -0.001 -0.001 0.957
1440896947.398411544 476.7 12.6 23.5 0.288 -0.001 -0.001 0.958
1440896947.428766665 476.7 12.6 23.5 0.287 -0.001 -0.001 0.958
1440896947.458715754 476.7 12.7 23.5 0.286 -0.001 -0.001 0.958
1440896947.488039813 476.7 12.7 23.5 0.285 -0.001 -0.001 0.959
1440896947.518337322 476.7 12.7 23.5 0.283 -0.001 -0.001 0.959
1440896947.547860934 476.6 12.7 23.5 0.282 -0.001 -0.001 0.959
1440896947.578212701 476.6 12.7 23.5 0.281 -0.001 -0.001 0.96
1440896947.608019852 476.6 12.7 23.5 0.28 -0.001 -0.001 0.96
1440896947.635364462 476.6 12.7 23.5 0.278 -0.001 -0.001 0.96
1440896947.668293440 476.6 12.7 23.5 0.277 -0.001 -0.001 0.961
1440896947.695568156 476.6 12.7 23.5 0.276 -0.001 -0.001 0.961
1440896947.728104422 476.6 12.7 23.5 0.275 -0.001 -0.001 0.962
1440896947.758444885 476.5 12.7 23.5 0.273 -0.001 -0.001 0.962
1440896947.790846495 476.5 12.8 23.5 0.272 -0.001 -0.001 0.962
1440896947.818784236 476.5 12.8 23.5 0.271 -0.001 -0.001 0.963
1440896947.851515874 476.5 12.8 23.5 0.269 -0.001 -0.001 0.963
1440896947.881252091 476.5 12.8 23.5 0.268 -0.001 -0.001 0.963
1440896947.911372500 476.5 12.8 23.5 0.267 -0.001 -0.001 0.964
1440896947.941852521 476.5 12.8 23.5 0.265 -0.001 -0.001 0.964
1440896947.974085226 476.5 12.8 23.5 0.264 -0.001 -0.001 0.964
1440896948.001256632 476.5 12.8 23.5 0.263 -0.001 -0.001 0.965
1440896948.031552871 476.4 12.8 23.5 0.262 -0.001 -0.001 0.965
1440896948.061081399 476.4 12.8 23.4 0.26 -0.001 -0.001 0.966
1440896948.091168757 476.4 12.8 23.4 0.259 -0.001 -0.001 0.966
1440896948.121457806 476.4 12.8 23.4 0.258 -0.001 -0.001 0.966
1440896948.151529111 476.4 12.8 23.4 0.257 -0.001 -0.001 0.966
