15
518.417 -30.3267 8.55322 0.722325 0.00113258 -0.00322728 -0.691545
641.405 -68.4973 24.739 -0.627255 0.186487 0.00909698 0.756102
380
1441382168.949306962 -2.3155 -2.39091
1441382168.957707027 -2.20867 -2.38241
1441382168.967609188 -2.17339 -2.40394
1441382168.977556608 -2.21089 -2.37595
1441382168.987987149 -2.31994 -2.40708
1441382168.997661778 -2.23134 -2.37869
1441382169.007862277 -2.27585 -2.38758
1441382169.018070985 -2.28653 -2.39006
1441382169.027937015 -2.05663 -2.25782
1441382169.037847434 -1.07556 -1.31794
1441382169.047854019 -1.15401 -1.05088
1441382169.058193234 -0.801792 -0.336926
1441382169.067876822 0.065768 1.21951
1441382169.077872895 1.2093 1.58387
1441382169.088015965 1.25625 0.137703
1441382169.097862421 1.13654 -0.898412
1441382169.107589865 1.18834 -1.57039
1441382169.118110841 0.943508 -1.59061
1441382169.128032445 1.05807 -1.43508
1441382169.137902510 1.12174 -1.24439
1441382169.148150002 0.979952 -1.11738
1441382169.157881453 1.11805 -1.0879
1441382169.167717630 1.1595 -1.37767
1441382169.178142501 1.09676 -1.46145
1441382169.188058963 1.01396 -1.51561
1441382169.197849445 0.960978 -1.48594
1441382169.207733247 1.11135 -1.43969
1441382169.218119655 1.15863 -1.44797
1441382169.227893783 1.15137 -1.55925
1441382169.237864126 1.0042 -1.66919
1441382169.248148052 0.895663 -1.58168
1441382169.257875497 1.0034 -1.46804
1441382169.267841193 0.964643 -1.2892
1441382169.278123787 1.03259 -1.13664
1441382169.288027144 1.07949 -1.17981
1441382169.297903474 1.02753 -1.42413
1441382169.307860153 1.0478 -1.32247
1441382169.318107777 0.93397 -1.25067
1441382169.328109010 1.09173 -1.20674
1441382169.337973873 1.09146 -1.32489
1441382169.347713210 1.08669 -1.28856
1441382169.357988313 0.992848 -1.19003
1441382169.367966407 1.00151 -1.21547
1441382169.377529606 1.14424 -1.15385
1441382169.387498516 1.0675 -1.44325
1441382169.397782687 1.15955 -1.35254
1441382169.407805902 1.1269 -1.32449
1441382169.418114741 0.841797 -1.34418
1441382169.428109374 1.07365 -1.19721
1441382169.437868855 1.11039 -1.10408
1441382169.448156208 1.17978 -1.15694
1441382169.458008708 0.900663 -1.23299
1441382169.467911198 1.02296 -1.29283
1441382169.477858883 0.994666 -1.3477
1441382169.488013676 0.98519 -1.32933
1441382169.497851993 0.952023 -1.25327
1441382169.507709909 1.02089 -1.17402
1441382169.518091688 1.10252 -1.18532
1441382169.527892608 1.16156 -1.26767
1441382169.537763079 1.02613 -1.41452
1441382169.548128949 1.06336 -1.47843
1441382169.557997031 1.02671 -1.49231
1441382169.568047447 0.951756 -1.40092
1441382169.578341597 0.993544 -1.29754
1441382169.587987774 1.02884 -1.19208
1441382169.597717426 0.896121 -1.18698
1441382169.607576990 0.925485 -1.10217
1441382169.618198899 0.955917 -1.0394
1441382169.627972125 0.87921 -1.11129
1441382169.637855818 1.05714 -1.01687
1441382169.647770124 0.838878 -0.943421
1441382169.657894858 0.886965 -1.15292
1441382169.667983422 1.09557 -1.26316
1441382169.677719880 0.777693 -1.31138
1441382169.688107390 0.93524 -1.28234
1441382169.697938505 0.808823 -1.30999
1441382169.707808059 0.954803 -1.27303
1441382169.718130029 1.01475 -1.29011
1441382169.727992050 0.939921 -1.38311
1441382169.737821958 1.02439 -1.44966
1441382169.747728467 0.894382 -1.53127
1441382169.758176528 0.781523 -1.45091
1441382169.767973243 0.846855 -1.25831
1441382169.777659509 0.763554 -1.20308
1441382169.787767794 0.941123 -1.0478
1441382169.797899099 0.916498 -1.18852
1441382169.807742622 1.01331 -1.24667
1441382169.817781683 0.876369 -1.29833
1441382169.828112712 0.840089 -1.23623
1441382169.837798468 0.860443 -1.1829
1441382169.847751670 0.868085 -1.19501
1441382169.858136469 0.96403 -1.12844
1441382169.867906823 0.987922 -1.21515
1441382169.877829772 0.874009 -1.40599
1441382169.888060630 0.955502 -1.51701
1441382169.897966383 1.04619 -1.62835
1441382169.907872166 1.05409 -1.56009
1441382169.918105059 1.00889 -1.50733
1441382169.927902371 0.981263 -1.4581
1441382169.937984471 0.987556 -1.40354
1441382169.947903575 1.08621 -1.37354
1441382169.957639861 1.11683 -1.38484
1441382169.968058563 1.01216 -1.47483
1441382169.977885840 1.01941 -1.47713
1441382169.987983316 1.03385 -1.38155
1441382169.997888197 1.0874 -1.27777
1441382170.007961531 1.12004 -1.41229
1441382170.018088760 1.18914 -1.42281
1441382170.028055354 1.14535 -1.61095
1441382170.038011348 1.21646 -1.53111
1441382170.048153551 1.13661 -1.58628
1441382170.058035414 1.1103 -1.45104
1441382170.068041674 0.952519 -1.47691
1441382170.077714098 1.10388 -1.45121
1441382170.088051412 1.01273 -1.3839
1441382170.098171264 1.01805 -1.28057
1441382170.107888792 0.958459 -1.27605
1441382170.118210391 1.11264 -1.23947
1441382170.128180186 1.09905 -1.30422
1441382170.137849277 1.01294 -1.43213
1441382170.147459379 0.945329 -1.33251
1441382170.157743410 0.983651 -1.25477
1441382170.167595247 1.08658 -1.28648
1441382170.177486731 1.05293 -1.37594
1441382170.187918539 1.10068 -1.4591
1441382170.197844188 1.15829 -1.4537
1441382170.207725213 1.21734 -1.53465
1441382170.217607516 1.15169 -1.6842
1441382170.228167887 1.09629 -1.64773
1441382170.237842561 1.22424 -1.61777
1441382170.248196834 1.2576 -1.51071
1441382170.258053799 1.15756 -1.37589
1441382170.267913626 0.97337 -1.30641
1441382170.277870226 1.09293 -1.2341
1441382170.288048874 1.07895 -1.27593
1441382170.297936039 1.1678 -1.3538
1441382170.307858931 1.11338 -1.46976
1441382170.317629306 1.01325 -1.3009
1441382170.328072891 1.01632 -1.1755
1441382170.337932953 1.13917 -1.19286
1441382170.347846409 1.07681 -1.34063
1441382170.358026009 1.0845 -1.44114
1441382170.367904047 1.19566 -1.54585
1441382170.377723015 1.23069 -1.64688
1441382170.387684867 1.1658 -1.65815
1441382170.398085619 1.2562 -1.47262
1441382170.407843714 1.08091 -1.35614
1441382170.418150509 1.14592 -1.18133
1441382170.427839339 1.05228 -1.17298
1441382170.437946619 1.16026 -1.22046
1441382170.448149753 1.24061 -1.30366
1441382170.457985449 1.17391 -1.29562
1441382170.467869913 1.14709 -1.32641
1441382170.477772183 1.05767 -1.26336
1441382170.487779123 1.0991 -1.19816
1441382170.497912126 0.99658 -1.21964
1441382170.507846325 1.11786 -1.24028
1441382170.517732833 1.01919 -1.35084
1441382170.528167623 1.20224 -1.36861
1441382170.537929583 1.15697 -1.41884
1441382170.547661665 1.19733 -1.46727
1441382170.558027435 1.27519 -1.44874
1441382170.567972148 1.12478 -1.51918
1441382170.577761201 1.15003 -1.50155
1441382170.588236640 1.11056 -1.46373
1441382170.598148787 1.12332 -1.43357
1441382170.607847777 1.19949 -1.30195
1441382170.618054340 1.11748 -1.28075
1441382170.628098317 1.11936 -1.26991
1441382170.637599901 1.11986 -1.24406
1441382170.647553363 1.05111 -1.18098
1441382170.658043486 1.13624 -1.14604
1441382170.667896026 1.16053 -1.18114
1441382170.677818227 1.06652 -1.13075
1441382170.688121618 1.18222 -1.1552
1441382170.697820805 1.13922 -1.24987
1441382170.707632082 1.19556 -1.25843
1441382170.718138629 1.08213 -1.35154
1441382170.727984357 1.0938 -1.44127
1441382170.738020616 1.22341 -1.53788
1441382170.747836868 1.17513 -1.51236
1441382170.758042107 1.20316 -1.48967
1441382170.768076607 1.16638 -1.49319
1441382170.777806042 1.00298 -1.40904
1441382170.788108712 1.14351 -1.33596
1441382170.797967862 1.08791 -1.25598
1441382170.807800320 1.16238 -1.29131
1441382170.818139434 1.24679 -1.29262
1441382170.828007695 1.03616 -1.43162
1441382170.837847210 1.11094 -1.38247
1441382170.848229203 1.10673 -1.31167
1441382170.857819025 1.0672 -1.34376
1441382170.867894340 1.10865 -1.21004
1441382170.877878279 1.29206 -1.19767
1441382170.888101419 1.18738 -1.28202
1441382170.897950245 1.11083 -1.40324
1441382170.907834143 0.911716 -1.4992
1441382170.918153987 1.07444 -1.4673
1441382170.928030416 1.07916 -1.27345
1441382170.937793906 0.945937 -1.25893
1441382170.947830606 0.949253 -1.28482
1441382170.958035635 0.970893 -1.26567
1441382170.967901124 0.998477 -1.19392
1441382170.977634093 1.05002 -1.12262
1441382170.988079438 0.950703 -1.11594
1441382170.997971108 0.972823 -1.15596
1441382171.007921232 1.02965 -1.23586
1441382171.018080872 0.922691 -1.34947
1441382171.027988780 1.01446 -1.2711
1441382171.037924316 0.962966 -1.30527
1441382171.047678458 1.01653 -1.25199
1441382171.058015678 1.1107 -1.40463
1441382171.067905800 1.12307 -1.48206
1441382171.077867657 1.10304 -1.5977
1441382171.088060452 1.1106 -1.74355
1441382171.097917723 1.13726 -1.6124
1441382171.107845848 1.11559 -1.43341
1441382171.118136289 1.0953 -1.2725
1441382171.128005296 1.21297 -1.19619
1441382171.137723827 1.00909 -1.27664
1441382171.147553407 0.984517 -1.31373
1441382171.158047004 1.00225 -1.38793
1441382171.167912604 0.972408 -1.30593
1441382171.177869756 1.09538 -1.25355
1441382171.188059489 1.02912 -1.24404
1441382171.197749022 0.955089 -1.27042
1441382171.207950919 1.057 -1.26273
1441382171.218095955 0.971113 -1.31607
1441382171.227946219 1.04727 -1.38156
1441382171.237853070 1.15033 -1.43568
1441382171.248139692 1.1074 -1.44801
1441382171.258015791 1.01465 -1.45685
1441382171.267972231 0.920111 -1.43123
1441382171.277699085 0.93405 -1.30929
1441382171.288084746 0.771035 -1.20195
1441382171.298049225 1.04659 -1.10593
1441382171.307779352 0.923827 -1.1855
1441382171.318059425 0.964269 -1.25271
1441382171.328019647 0.911536 -1.45069
1441382171.337897947 0.93681 -1.43789
1441382171.348121534 0.859808 -1.33055
1441382171.358026024 0.832182 -1.26728
1441382171.367882081 0.999811 -1.19536
1441382171.377706246 0.896966 -1.43582
1441382171.388079629 1.05801 -1.46914
1441382171.397997976 1.00872 -1.55061
1441382171.407544490 0.863543 -1.63002
1441382171.417805457 1.03389 -1.56157
1441382171.428062987 0.956331 -1.46933
1441382171.437883267 0.995516 -1.403
1441382171.447820878 0.888461 -1.4493
1441382171.458009485 1.02546 -1.40543
1441382171.467861097 0.776645 -1.44864
1441382171.477899692 0.937328 -1.3721
1441382171.488158605 0.910274 -1.29279
1441382171.497957872 0.709942 -1.13959
1441382171.507884398 0.741431 -1.19091
1441382171.517728889 0.899774 -1.24652
1441382171.527712745 0.835475 -1.20629
1441382171.537857337 0.786114 -1.21639
1441382171.547821213 0.76419 -1.28069
1441382171.557962706 0.940148 -1.30856
1441382171.568103441 0.795384 -1.3857
1441382171.577818534 0.871591 -1.45707
1441382171.588062838 0.77075 -1.61817
1441382171.597897371 0.933544 -1.5946
1441382171.607860837 0.885559 -1.55905
1441382171.618084846 0.895068 -1.60137
1441382171.628033722 0.911676 -1.56012
1441382171.637877412 0.896373 -1.44637
1441382171.647679815 0.792441 -1.48052
1441382171.658136286 0.847605 -1.46831
1441382171.667953468 0.854598 -1.23809
1441382171.677756614 0.819124 -1.20143
1441382171.688100443 0.798278 -1.24704
1441382171.697966866 0.851967 -1.29212
1441382171.707828592 0.782685 -1.30696
1441382171.717792083 0.850457 -1.30007
1441382171.728243646 0.738704 -1.38406
1441382171.737901131 0.857736 -1.35804
1441382171.747557245 0.862468 -1.36503
1441382171.758112294 0.891868 -1.52304
1441382171.768007041 0.767974 -1.56516
1441382171.777728348 0.871033 -1.62706
1441382171.788107138 0.838695 -1.50872
1441382171.798006025 0.902647 -1.50676
1441382171.807725316 0.891112 -1.51463
1441382171.818141344 0.855147 -1.58909
1441382171.827923922 0.927928 -1.54304
1441382171.837611035 0.890599 -1.38016
1441382171.847536102 0.729193 -1.30554
1441382171.857851709 0.865086 -1.20046
1441382171.867724757 0.863101 -1.29371
1441382171.877617971 0.71185 -1.36197
1441382171.887873992 0.813505 -1.44794
1441382171.897846844 0.784718 -1.36662
1441382171.907976717 0.734295 -1.33532
1441382171.918174319 0.876273 -1.35321
1441382171.928026447 0.751745 -1.24958
1441382171.938048174 0.819977 -1.38905
1441382171.947697824 0.966051 -1.57151
1441382171.957810667 0.858647 -1.62799
1441382171.967845220 0.745892 -1.72629
1441382171.977831249 0.841419 -1.5396
1441382171.988162564 0.792908 -1.47593
1441382171.998179594 0.740379 -1.55742
1441382172.007934257 0.948937 -1.45512
1441382172.018236878 0.918162 -1.36842
1441382172.028009888 0.769012 -1.51305
1441382172.037944317 0.689075 -1.56539
1441382172.047801788 0.710394 -1.49559
1441382172.058238558 0.706864 -1.45531
1441382172.068153321 0.818875 -1.44446
1441382172.077835613 0.718575 -1.43236
1441382172.087754665 0.702385 -1.55534
1441382172.097976715 0.815909 -1.5898
1441382172.107885318 0.685689 -1.54661
1441382172.118108760 0.671539 -1.63574
1441382172.127958944 0.815478 -1.68356
1441382172.137852234 0.660697 -1.63503
1441382172.147831621 0.817859 -1.61487
1441382172.157844431 0.86103 -1.66587
1441382172.167928926 0.783211 -1.65213
1441382172.177516694 0.621049 -1.63083
1441382172.188144721 0.74758 -1.52157
1441382172.197932431 0.687157 -1.51308
1441382172.207806555 0.690435 -1.43756
1441382172.218187211 0.592133 -1.36388
1441382172.228012056 0.622595 -1.4005
1441382172.237862787 0.593591 -1.41673
1441382172.247748989 0.612768 -1.42334
1441382172.258134806 0.692049 -1.45661
1441382172.267969915 0.655755 -1.32458
1441382172.277942713 0.631932 -1.41344
1441382172.288133378 0.689023 -1.36271
1441382172.297698002 0.737135 -1.44754
1441382172.307892488 0.706122 -1.54328
1441382172.317715815 0.766317 -1.65309
1441382172.327950337 0.697345 -1.77121
1441382172.337913654 0.703847 -1.70223
1441382172.347793541 0.804538 -1.67372
1441382172.358017033 0.710173 -1.63565
1441382172.367948048 0.724315 -1.62233
1441382172.377807320 0.756734 -1.45023
1441382172.388090408 0.684396 -1.37141
1441382172.397977182 0.596071 -1.33484
1441382172.407884247 0.803513 -1.34362
1441382172.418072905 0.582956 -1.44763
1441382172.428036225 0.584745 -1.51276
1441382172.437858399 0.679568 -1.48227
1441382172.447732373 0.682642 -1.37495
1441382172.457793020 0.716967 -1.31762
1441382172.468093278 0.788296 -1.41512
1441382172.477823320 0.758321 -1.51238
1441382172.487802386 0.73638 -1.49819
1441382172.497956634 0.741265 -1.50777
1441382172.507859420 0.783901 -1.57931
1441382172.517832793 0.79942 -1.56154
1441382172.528178998 0.713072 -1.64963
1441382172.537890087 0.650513 -1.65527
1441382172.547707184 0.807056 -1.54572
1441382172.558036826 0.688229 -1.47173
1441382172.567950968 0.869829 -1.36271
1441382172.577614267 0.627162 -1.45465
1441382172.587808249 0.707836 -1.47604
1441382172.598034102 0.670826 -1.41916
1441382172.607806150 0.75874 -1.47495
1441382172.618177028 0.897441 -1.36182
1441382172.627935560 0.692751 -1.43459
1441382172.637674640 0.840167 -1.56888
1441382172.647834733 0.740134 -1.57212
1441382172.658126573 0.751093 -1.46078
1441382172.667824450 0.816919 -1.53283
1441382172.677796446 0.916469 -1.48379
1441382172.687701908 0.842412 -1.51172
1441382172.698133782 0.876908 -1.55418
1441382172.707757722 0.82226 -1.59311
1441382172.717590386 0.795659 -1.71699
1441382172.727882146 0.797266 -1.74104
1441382172.737890782 0.707724 -1.70016
126
1441382168.949378242 521.7 -105.3 21.1 1 0 0 0.022
1441382168.952009802 643.7 -260.6 21.1 1 0 0 0.022
1441382168.985570350 643.7 -260.6 21.1 1 0 0 0.022
1441382169.018393344 643.7 -260.6 21.1 1 0 0 0.022
1441382169.048327298 643.7 -260.6 21.1 1 0 0 0.022
1441382169.078244754 643.7 -260.7 21.1 1 0 0 0.021
1441382169.107880788 643.7 -260.8 21.1 1 0 0 0.021
1441382169.138173992 643.7 -260.7 21.1 1 0 0 0.02
1441382169.167720142 643.7 -260.7 21.1 1 0 0 0.02
1441382169.198178395 643.7 -260.7 21.1 1 0 0 0.019
1441382169.228429476 643.7 -260.7 21.1 1 0 0 0.018
1441382169.257557237 643.7 -260.6 21.1 1 0 0 0.018
1441382169.291343892 643.7 -260.6 21.1 1 0 0 0.017
1441382169.318330071 643.7 -260.6 21.1 1 0 0 0.016
1441382169.350848149 643.7 -260.6 21.1 1 0 0 0.016
1441382169.381025606 643.7 -260.6 21.1 1 0 0 0.015
1441382169.410626480 643.7 -260.6 21.1 1 0 0 0.014
1441382169.440614940 643.7 -260.6 21.1 1 0 0 0.014
1441382169.470637482 643.7 -260.7 21.1 1 0 0 0.013
1441382169.500580176 643.7 -260.7 21.1 1 0 0 0.012
1441382169.537373113 643.7 -260.6 21.1 1 0 0 0.012
1441382169.564164240 643.7 -260.6 21.1 1 0 0 0.011
1441382169.597407362 643.7 -260.6 21.1 1 0 0 0.01
1441382169.623840594 643.7 -260.6 21.1 1 0 0 0.01
1441382169.657120007 643.7 -260.7 21.1 1 0 0 0.009
1441382169.683918086 643.7 -260.7 21.1 1 0 0 0.008
1441382169.714444013 643.7 -260.7 21.1 1 0 0 0.008
1441382169.744575021 643.7 -260.6 21.1 1 0 0 0.007
1441382169.777014193 643.7 -260.6 21.1 1 0 0 0.006
1441382169.803884799 643.7 -260.7 21.1 1 0 0 0.006
1441382169.837444570 643.7 -260.7 21.1 1 0 0 0.005
1441382169.864216602 643.7 -260.7 21.1 1 0 0 0.004
1441382169.896955623 643.7 -260.7 21.1 1 0 0 0.004
1441382169.927157144 643.7 -260.6 21.1 1 0 0 0.003
1441382169.957453416 643.7 -260.6 21.1 1 0 0 0.002
1441382169.987617425 643.7 -260.6 21.1 1 0 0 0.002
1441382170.016894331 643.7 -260.6 21.1 1 0 0 0.001
1441382170.047004226 643.7 -260.6 21.1 1 0 0 0
1441382170.077360856 643.7 -260.6 21.1 1 0 0 0
1441382170.104054863 643.7 -260.6 21.1 1 0 0 -0.001
1441382170.137207093 643.7 -260.7 21.1 1 0 0 -0.002
1441382170.166766492 643.7 -260.7 21.1 1 0 0 -0.002
1441382170.197058397 643.7 -260.7 21.1 1 0 0 -0.003
1441382170.224662988 643.7 -260.6 21.1 1 0 0 -0.003
1441382170.256948545 643.7 -260.6 21.1 1 0 0 -0.004
1441382170.283930087 643.7 -260.6 21.1 1 0 0 -0.005
1441382170.317266733 643.7 -260.6 21.1 1 0 0 -0.005
1441382170.343831607 643.7 -260.6 21.1 1 0 0 -0.006
1441382170.376926159 643.7 -260.6 21.1 1 0 0 -0.007
1441382170.404634746 643.7 -260.6 21.1 1 0 0 -0.007
1441382170.437183636 643.7 -260.6 21.1 1 0 0 -0.008
1441382170.463914885 643.7 -260.6 21.1 1 0 0 -0.009
1441382170.497059862 643.7 -260.6 21.1 1 0 0 -0.009
1441382170.524022350 643.7 -260.6 21.1 1 0 0 -0.01
1441382170.557439818 643.7 -260.6 21.1 1 0 0 -0.011
1441382170.587263426 643.7 -260.6 21.1 1 0 0 -0.011
1441382170.619630641 643.7 -260.6 21.1 1 0 0 -0.012
1441382170.646549063 643.7 -260.6 21.1 1 0 0 -0.013
1441382170.680149703 643.7 -260.7 21.1 1 0 0 -0.013
1441382170.706927259 643.7 -260.7 21.1 1 0 0 -0.014
1441382170.740270424 643.7 -260.7 21.1 1 0 0 -0.015
1441382170.770544504 643.7 -260.6 21.1 1 0 0 -0.015
1441382170.802936823 643.7 -260.6 21.1 1 0 0 -0.016
1441382170.833074538 643.7 -260.6 21.1 1 0 0 -0.017
1441382170.866117836 643.7 -260.6 21.1 1 0 0 -0.017
1441382170.892669835 643.7 -260.6 21.1 1 0 0 -0.018
1441382170.923698934 643.7 -260.6 21.1 1 0 0 -0.019
1441382170.953673221 643.7 -260.6 21.1 1 0 0 -0.019
1441382170.983238669 643.7 -260.6 21.1 1 0 0 -0.02
1441382171.013408291 643.7 -260.7 21.1 1 0 0 -0.021
1441382171.043518030 643.7 -260.7 21.1 1 0 0 -0.021
1441382171.073492152 643.7 -260.6 21.1 1 0 0 -0.022
1441382171.103638066 643.7 -260.6 21.1 1 0 0 -0.023
1441382171.133368758 643.7 -260.6 21.1 1 0 0 -0.023
1441382171.166618429 643.7 -260.6 21.1 1 0 0 -0.024
1441382171.196272230 643.7 -260.6 21.1 1 0 0 -0.025
1441382171.226287723 643.7 -260.6 21.1 1 0 0 -0.025
1441382171.255583857 643.7 -260.6 21.1 1 0 0 -0.026
1441382171.288850070 643.7 -260.6 21.1 1 0 0 -0.027
1441382171.315884795 643.7 -260.6 21.1 1 0 0 -0.027
1441382171.349149184 643.7 -260.6 21.1 1 0 0 -0.028
1441382171.375970770 643.7 -260.6 21.1 1 0 0 -0.029
1441382171.408648826 643.7 -260.6 21.1 1 0 0 -0.029
1441382171.436500107 643.7 -260.6 21.1 1 0 0 -0.03
1441382171.469305655 643.7 -260.6 21.1 1 0 0 -0.031
1441382171.496277864 643.7 -260.6 21.1 1 0 0 -0.031
1441382171.529097749 643.7 -260.6 21.1 1 0 0 -0.032
1441382171.561961986 643.7 -260.7 21.1 0.999 0 0 -0.033
1441382171.592235309 643.7 -260.6 21.1 0.999 0 0 -0.033
1441382171.622096485 643.7 -260.6 21.1 0.999 0 0 -0.034
1441382171.655522561 643.7 -260.6 21.1 0.999 0 0 -0.035
1441382171.682132419 643.7 -260.6 21.1 0.999 0 0 -0.035
1441382171.714809075 643.7 -260.6 21.1 0.999 0 0 -0.036
1441382171.741613812 643.7 -260.6 21.1 0.999 0 0 -0.037
1441382171.774563330 643.7 -260.6 21.1 0.999 0 0 -0.037
1441382171.802553357 643.7 -260.6 21.1 0.999 0 0 -0.038
1441382171.834337248 643.7 -260.6 21.1 0.999 0 0 -0.039
1441382171.861944491 643.7 -260.6 21.1 0.999 0 0 -0.039
1441382171.895218397 643.7 -260.6 21.1 0.999 0 0 -0.04
1441382171.921811768 643.7 -260.7 21.1 0.999 0 0 -0.041
1441382171.955093166 643.7 -260.6 21.1 0.999 0 0 -0.041
1441382171.985462962 643.7 -260.6 21.1 0.999 0 0 -0.042
1441382172.015393793 643.7 -260.6 21.1 0.999 0 0 -0.042
1441382172.045256943 643.7 -260.6 21.1 0.999 0 0 -0.043
1441382172.075191503 643.7 -260.6 21.1 0.999 0 0 -0.044
1441382172.105179206 643.7 -260.6 21.1 0.999 0 0 -0.044
1441382172.135034378 643.7 -260.6 21.1 0.999 0 0 -0.045
1441382172.164933145 643.7 -260.6 21.1 0.999 0 0 -0.046
1441382172.195317614 643.7 -260.6 21.1 0.999 0 0 -0.046
1441382172.224964220 643.7 -260.6 21.1 0.999 0 0 -0.047
1441382172.258274013 643.7 -260.6 21.1 0.999 0 0 -0.048
1441382172.285384658 643.7 -260.6 21.1 0.999 0 0 -0.048
1441382172.318563318 643.7 -260.6 21.1 0.999 0 0 -0.049
1441382172.348029757 643.7 -260.6 21.1 0.999 0 0 -0.05
1441382172.377830618 643.7 -260.6 21.1 0.999 0 0 -0.05
1441382172.405730281 643.7 -260.6 21.1 0.999 0 0 -0.051
1441382172.437880521 643.7 -260.6 21.1 0.999 0 0 -0.052
1441382172.465614692 643.7 -260.6 21.1 0.999 0 0 -0.052
1441382172.498114319 643.7 -260.6 21.1 0.999 0 0 -0.053
1441382172.528201099 643.7 -260.6 21.1 0.999 0 0 -0.054
1441382172.558281958 643.7 -260.6 21.1 0.999 0 0 -0.054
1441382172.585720366 643.7 -260.6 21.1 0.999 0 0 -0.055
1441382172.618194153 643.7 -260.6 21.1 0.998 0 0 -0.056
1441382172.645531346 643.7 -260.6 21.1 0.998 0 0 -0.056
1441382172.677813425 643.7 -260.6 21.1 0.998 0 0 -0.057
1441382172.705658823 643.7 -260.6 21.1 0.998 0 0 -0.058
