20
575.224 -125.112 10.6611 0.901559 0.00071344 -0.0021293 0.432651
592.569 -136.036 10.7181 0.863706 0.000760046 -0.00192591 0.503991
177
1441244265.900286698 0.088951 -0.109516
1441244265.910166504 0.084582 -0.104858
1441244265.920075198 0.081943 -0.095722
1441244265.930112749 0.089157 -0.107332
1441244265.940282717 0.085312 -0.107555
1441244265.950081652 0.083622 -0.100959
1441244265.960369521 0.091866 -0.107776
1441244265.970280601 0.089209 -0.107465
1441244265.980288789 0.080085 -0.099087
1441244265.990034405 0.086263 -0.104784
1441244266.000342665 0.085425 -0.099864
1441244266.010202368 0.082649 -0.102802
1441244266.020115850 0.084658 -0.090532
1441244266.030137437 0.079508 -0.092022
1441244266.040162869 0.0909 -0.104989
1441244266.050141869 0.087442 -0.097511
1441244266.060105871 0.082571 -0.106099
1441244266.070285144 0.091818 -0.10217
1441244266.080225952 0.083728 -0.106699
1441244266.089981236 0.084799 -0.099403
1441244266.100320680 0.081762 -0.10124
1441244266.110211808 0.088239 -0.106905
1441244266.120059481 0.087264 -0.10421
1441244266.130087265 0.088306 -0.103523
1441244266.140317280 0.08378 -0.1
1441244266.150109083 0.083535 -0.107772
1441244266.160421112 0.084706 -0.100497
1441244266.170015820 0.086158 -0.10699
1441244266.179872834 0.085931 -0.097716
1441244266.189774710 0.089015 -0.108538
1441244266.200054671 0.083675 -0.102206
1441244266.209952036 0.084862 -0.098248
1441244266.219783825 0.092859 -0.107201
1441244266.230117561 0.085394 -0.104245
1441244266.240007394 0.083685 -0.102113
1441244266.249894290 0.088381 -0.102452
1441244266.259711467 0.100837 -0.086314
1441244266.270026074 0.367536 0.268758
1441244266.279949015 0.780153 0.96455
1441244266.289817689 1.64316 2.01535
1441244266.300101789 2.51434 3.06319
1441244266.309992451 2.93235 2.77615
1441244266.319889844 3.12427 2.42638
1441244266.330161321 3.40881 2.53767
1441244266.340000163 3.4165 2.41659
1441244266.349886691 3.29788 2.17676
1441244266.359727509 3.38138 2.02149
1441244266.370008109 3.25417 1.86557
1441244266.379898472 3.30592 1.71473
1441244266.389797713 3.52327 1.77552
1441244266.400073435 3.54951 1.70409
1441244266.409925154 3.66619 1.68997
1441244266.419837348 3.5157 1.57238
1441244266.430143452 3.44284 1.51678
1441244266.440035911 3.50817 1.59888
1441244266.449874279 3.51236 1.48778
1441244266.460181273 3.69771 1.6226
1441244266.470088589 3.62637 1.48893
1441244266.479914248 3.6374 1.443
1441244266.489730679 3.79435 1.44556
1441244266.500067988 3.77052 1.35741
1441244266.509931995 3.78011 1.35183
1441244266.519796109 3.61647 1.32089
1441244266.530155456 3.56438 1.45029
1441244266.539948259 3.57378 1.38553
1441244266.549863176 3.57023 1.35611
1441244266.560133220 3.62756 1.36993
1441244266.570031812 3.70662 1.42632
1441244266.579907705 3.61373 1.48552
1441244266.590193386 3.59807 1.24084
1441244266.600063650 3.46084 1.33425
1441244266.609935568 3.58243 1.37856
1441244266.619846711 3.73004 1.35214
1441244266.630046403 3.46659 1.12891
1441244266.639942684 3.60781 1.30885
1441244266.649864835 3.73963 1.29342
1441244266.660157288 3.67205 1.17673
1441244266.669988407 3.59859 1.16959
1441244266.679856990 3.81235 1.2071
1441244266.689780702 3.54199 1.08279
1441244266.700032536 3.47714 1.26556
1441244266.709885017 3.78239 1.40914
1441244266.719853733 3.50102 1.26564
1441244266.730054783 3.28986 1.36756
1441244266.739993612 3.46123 1.54862
1441244266.749851189 3.53053 1.46698
1441244266.760176680 3.486 1.35494
1441244266.769978397 3.42434 1.37921
1441244266.779840350 3.63031 1.37899
1441244266.789756202 3.51215 1.38411
1441244266.800020825 3.60887 1.33003
1441244266.809883827 3.6851 1.26065
1441244266.819764382 3.62721 1.25445
1441244266.830098534 3.4905 1.32034
1441244266.839950377 3.50639 1.31452
1441244266.849812684 3.45271 1.31221
1441244266.860135785 3.48669 1.34702
1441244266.870006089 3.50832 1.41524
1441244266.879854177 3.73032 1.36765
1441244266.889737763 3.47281 1.31516
1441244266.900059995 3.54366 1.27177
1441244266.909918797 3.63434 1.32654
1441244266.919777897 3.63677 1.2056
1441244266.930039420 3.59049 1.22507
1441244266.939956470 3.54241 1.34567
1441244266.949810966 3.64788 1.30482
1441244266.960155843 3.52879 1.22423
1441244266.969996362 3.67551 1.3083
1441244266.979897367 3.68615 1.33932
1441244266.989722110 3.6305 1.23133
1441244267.000039804 3.57314 1.14094
1441244267.009935130 3.60217 1.19703
1441244267.019789932 3.47091 1.20367
1441244267.030090870 3.53845 1.23066
1441244267.039982402 3.479 1.27448
1441244267.049790037 3.46384 1.20464
1441244267.060067812 3.33899 1.21134
1441244267.069979930 3.52203 1.31056
1441244267.079869308 3.53127 1.31755
1441244267.090134061 3.60878 1.24342
1441244267.100025659 3.45754 1.332
1441244267.109891518 3.38869 1.13626
1441244267.119736361 3.36874 1.10209
1441244267.130017825 3.42109 1.20871
1441244267.139884661 3.59292 1.34331
1441244267.149785223 3.60999 1.32756
1441244267.160125798 3.60825 1.26908
1441244267.169965083 3.49645 1.24797
1441244267.179858550 3.48667 1.19801
1441244267.190131782 3.49202 1.21812
1441244267.199982193 3.51541 1.15703
1441244267.209880170 3.46824 1.18994
1441244267.219736084 3.49617 1.16614
1441244267.230028005 3.48422 1.16984
1441244267.239931323 3.63949 1.20491
1441244267.249771743 3.51669 1.14176
1441244267.260080387 3.5518 1.19697
1441244267.269957854 3.63994 1.25686
1441244267.279832876 3.49408 1.12156
1441244267.290104769 3.64473 1.1598
1441244267.299950242 3.58547 1.17063
1441244267.309857340 3.49449 1.0289
1441244267.319714541 3.48868 1.11601
1441244267.329981341 3.45923 1.22339
1441244267.339919088 3.46161 1.23981
1441244267.349791686 3.42129 1.16946
1441244267.360063976 3.27738 1.08279
1441244267.369933862 3.42726 1.16186
1441244267.379796301 3.49273 1.12745
1441244267.390162250 3.5332 1.09024
1441244267.400042466 3.31502 0.99785
1441244267.409867879 3.46253 1.11131
1441244267.419692392 3.38816 1.16457
1441244267.430081899 3.3935 1.0702
1441244267.439897414 3.33798 1.2025
1441244267.449806634 3.41108 1.07615
1441244267.460039479 3.34603 1.27197
1441244267.469926411 3.51017 1.25992
1441244267.479809202 3.43409 1.18157
1441244267.490160786 3.43123 1.17344
1441244267.499977255 3.41432 1.15516
1441244267.509841377 3.41318 1.22062
1441244267.519706575 3.49382 1.29811
1441244267.530059325 3.49673 1.16631
1441244267.539881579 3.4139 1.06952
1441244267.549752053 3.40411 1.07538
1441244267.560055456 3.51779 1.21187
1441244267.569901744 3.4482 1.13073
1441244267.579787246 3.52227 1.17127
1441244267.590110666 3.52676 1.18894
1441244267.600077907 3.5276 1.11004
1441244267.609910119 3.63949 1.19325
1441244267.620110461 3.5215 1.07798
1441244267.630008104 3.52001 1.06231
1441244267.639952695 3.45068 1.13833
1441244267.649801807 3.42619 1.00616
1441244267.660075121 3.55873 1.07555
59
1441244265.900293388 563.6 -19.2 23.2 0.745 0 0 -0.667
1441244265.914358973 647.9 -19.8 23.2 0.745 0 0 -0.667
1441244265.944020023 647.9 -19.7 23.2 0.745 0 0 -0.667
1441244265.971616748 647.9 -19.7 23.2 0.745 0 0 -0.667
1441244266.001893936 647.9 -19.8 23.2 0.745 0 0 -0.667
1441244266.031406810 647.9 -19.7 23.2 0.745 0 0 -0.667
1441244266.061447606 647.9 -19.7 23.2 0.745 0 0 -0.667
1441244266.091898196 647.9 -19.7 23.2 0.746 0 0 -0.666
1441244266.121914393 647.9 -19.7 23.2 0.746 0 0 -0.666
1441244266.151218958 647.9 -19.8 23.2 0.747 0 0 -0.665
1441244266.184219929 647.9 -19.8 23.2 0.747 0 0 -0.665
1441244266.211735487 647.9 -19.8 23.2 0.748 0 0 -0.664
1441244266.241244480 647.9 -19.8 23.2 0.748 0 0 -0.664
1441244266.271088813 647.9 -19.8 23.2 0.748 0 0 -0.663
1441244266.301046803 647.9 -19.8 23.2 0.749 0 0 -0.663
1441244266.331065071 647.9 -19.8 23.2 0.749 0 0 -0.662
1441244266.360940838 647.9 -19.8 23.2 0.75 0 0 -0.662
1441244266.391559193 647.9 -19.8 23.2 0.75 0 0 -0.661
1441244266.421372340 647.9 -19.8 23.2 0.751 0 0 -0.661
1441244266.451339220 647.9 -19.8 23.2 0.751 0 0 -0.66
1441244266.481299052 647.9 -19.8 23.2 0.751 0 0 -0.66
1441244266.510904281 647.9 -19.8 23.2 0.752 0 0 -0.659
1441244266.544579010 647.9 -19.8 23.2 0.752 0 0 -0.659
1441244266.571168174 647.9 -19.8 23.2 0.753 0 0 -0.658
1441244266.604218566 647.9 -19.8 23.2 0.753 0 0 -0.658
1441244266.631557005 647.9 -19.8 23.2 0.754 0 0 -0.657
1441244266.664390929 647.9 -19.8 23.2 0.754 0 0 -0.657
1441244266.690974764 647.9 -19.8 23.2 0.754 0 0 -0.656
1441244266.724110451 647.9 -19.8 23.2 0.755 0 0 -0.656
1441244266.751491877 647.9 -19.8 23.2 0.755 0 0 -0.655
1441244266.784362332 647.9 -19.8 23.2 0.756 0 0 -0.655
1441244266.811100195 647.9 -19.8 23.2 0.756 0 0 -0.654
1441244266.843820900 647.9 -19.9 23.2 0.757 0 0 -0.654
1441244266.871371081 647.9 -19.9 23.2 0.757 0 0 -0.653
1441244266.904097598 647.9 -19.9 23.2 0.757 0 0 -0.653
1441244266.930860716 647.9 -19.9 23.2 0.758 0 0 -0.652
1441244266.964084389 647.9 -19.8 23.2 0.758 0 0 -0.652
1441244266.990793452 647.9 -19.9 23.2 0.759 0 0 -0.651
1441244267.023892899 647.9 -19.9 23.2 0.759 0 0 -0.651
1441244267.051755526 647.9 -19.9 23.2 0.76 0 0 -0.65
1441244267.083778342 647.9 -19.9 23.2 0.76 0 0 -0.65
1441244267.111203907 647.9 -19.9 23.2 0.761 0 0 -0.649
1441244267.144314397 647.9 -19.9 23.2 0.761 0 0 -0.649
1441244267.174226567 647.9 -19.9 23.2 0.761 0 0 -0.648
1441244267.206917517 647.9 -19.9 23.2 0.762 0 0 -0.648
1441244267.234673563 647.9 -19.9 23.2 0.762 0 0 -0.647
1441244267.264292470 647.9 -19.9 23.2 0.763 0 0 -0.647
1441244267.294645768 647.9 -19.9 23.2 0.763 0 0 -0.646
1441244267.324788976 647.9 -19.9 23.2 0.763 0 0 -0.646
1441244267.357626792 647.9 -19.9 23.2 0.764 0 0 -0.645
1441244267.390536880 647.9 -19.9 23.2 0.764 0 0 -0.645
1441244267.417134689 647.9 -19.9 23.2 0.765 0 0 -0.644
1441244267.450112636 647.9 -19.9 23.2 0.765 0 0 -0.644
1441244267.477713902 647.9 -19.9 23.2 0.766 0 0 -0.643
1441244267.510733957 647.9 -19.9 23.2 0.766 0 0 -0.643
1441244267.540752176 647.9 -19.9 23.2 0.767 0 0 -0.642
1441244267.570289934 647.9 -19.9 23.2 0.767 0 0 -0.642
1441244267.600080335 647.9 -19.9 23.2 0.767 0 0 -0.641
1441244267.630625117 647.9 -19.9 23.2 0.768 0 0 -0.641
592.562 -136.045 10.7296 0.863728 0.0007387 -0.0018881 0.503955
579.561 -153.524 10.4238 0.906286 0.00249735 -0.0020943 0.422651
175
1441244297.170372604 0.087722 -0.104334
1441244297.179996113 0.086768 -0.102908
1441244297.189839895 0.088383 -0.106989
1441244297.199760646 0.090677 -0.111556
1441244297.210089125 0.093884 -0.108846
1441244297.219934203 0.094056 -0.104536
1441244297.229736873 0.085746 -0.102214
1441244297.240119415 0.08474 -0.1039
1441244297.249943469 0.087464 -0.103139
1441244297.259876647 0.087411 -0.105477
1441244297.270182233 0.079252 -0.097577
1441244297.280024546 0.077276 -0.101012
1441244297.289872894 0.091143 -0.104143
1441244297.299765039 0.089611 -0.098558
1441244297.310067304 0.083847 -0.103451
1441244297.319880129 0.09305 -0.09939
1441244297.329829925 0.08465 -0.1049
1441244297.340042726 0.092558 -0.092506
1441244297.349932679 0.084022 -0.102401
1441244297.359824168 0.088295 -0.102502
1441244297.370147075 0.091254 -0.105185
1441244297.380017600 0.08813 -0.10809
1441244297.389899339 0.090446 -0.100326
1441244297.399801824 0.08365 -0.099918
1441244297.410069582 0.0821 -0.100143
1441244297.419977982 0.084222 -0.097974
1441244297.429797267 0.091697 -0.117738
1441244297.440114625 0.724089 0.707714
1441244297.450040822 1.60142 1.99211
1441244297.459820263 2.09273 2.89383
1441244297.470167765 1.82894 3.04448
1441244297.479975218 1.64467 2.89578
1441244297.489897466 1.59986 2.75926
1441244297.499761293 1.60547 2.81913
1441244297.510016233 1.52578 2.75691
1441244297.519889871 1.4629 2.67733
1441244297.529761500 1.49955 2.6707
1441244297.540123317 1.52444 2.66334
1441244297.549947764 1.49785 2.53702
1441244297.559794608 1.60148 2.7059
1441244297.570137032 1.64661 2.69527
1441244297.579990215 1.63985 2.74438
1441244297.589872021 1.59439 2.69715
1441244297.599736833 1.56667 2.62418
1441244297.610086199 1.61683 2.76038
1441244297.619906770 1.55276 2.67794
1441244297.629823392 1.56066 2.76752
1441244297.640104378 1.52693 2.66803
1441244297.649967434 1.55896 2.84849
1441244297.659794096 1.51036 2.72121
1441244297.670121096 1.4875 2.72425
1441244297.680004410 1.427 2.62446
1441244297.689863443 1.44649 2.65004
1441244297.699764473 1.4142 2.45659
1441244297.710012917 1.46432 2.74935
1441244297.720008541 1.38269 2.47684
1441244297.729746042 1.41806 2.5716
1441244297.740092874 1.41589 2.48371
1441244297.749909351 1.41656 2.59925
1441244297.759841717 1.34106 2.40806
1441244297.770145286 1.40211 2.46571
1441244297.779989765 1.48093 2.72224
1441244297.789863955 1.35781 2.40833
1441244297.799710451 1.4161 2.49142
1441244297.809998789 1.51224 2.8225
1441244297.819927975 1.34566 2.38578
1441244297.829789141 1.44077 2.55258
1441244297.840091744 1.49634 2.64173
1441244297.849974127 1.43556 2.54475
1441244297.859846777 1.39072 2.4346
1441244297.870125977 1.51625 2.64084
1441244297.880007226 1.49939 2.53794
1441244297.889888747 1.40012 2.3495
1441244297.899740137 1.52239 2.6022
1441244297.910055649 1.55109 2.67991
1441244297.919934137 1.38299 2.38426
1441244297.929805741 1.43297 2.56161
1441244297.940082629 1.50871 2.64086
1441244297.949981120 1.44385 2.49585
1441244297.959855513 1.45763 2.51913
1441244297.970156396 1.52103 2.59937
1441244297.980025704 1.52834 2.59932
1441244297.989898559 1.46926 2.5449
1441244297.999773188 1.41656 2.46451
1441244298.010044679 1.48672 2.73464
1441244298.019900036 1.47955 2.63143
1441244298.029818075 1.43765 2.56019
1441244298.040092120 1.49762 2.68756
1441244298.049992506 1.48944 2.72262
1441244298.059862683 1.40622 2.58173
1441244298.070166440 1.49432 2.77235
1441244298.080022998 1.51634 2.74196
1441244298.089910997 1.5237 2.81158
1441244298.099754577 1.47754 2.6941
1441244298.110082848 1.43501 2.65059
1441244298.119953120 1.4659 2.72264
1441244298.129826928 1.40987 2.62871
1441244298.140088774 1.39489 2.54793
1441244298.149999981 1.49793 2.78953
1441244298.159861234 1.54313 2.95589
1441244298.170173919 1.56383 3.02186
1441244298.180032170 1.58428 3.08478
1441244298.189914692 1.54678 2.84626
1441244298.199786134 1.59456 2.92832
1441244298.210089026 1.60851 3.03966
1441244298.219953297 1.51967 2.84685
1441244298.229860160 1.48859 2.75354
1441244298.240114927 1.47803 2.75196
1441244298.250029949 1.46823 2.64867
1441244298.259896593 1.53598 2.82924
1441244298.269767064 1.54473 2.84385
1441244298.280037053 1.50626 2.80725
1441244298.289898326 1.54519 2.9034
1441244298.299751520 1.59357 2.93748
1441244298.310118074 1.55571 2.95702
1441244298.320002619 1.4984 2.84581
1441244298.329874557 1.55345 2.96681
1441244298.340213690 1.50672 2.9745
1441244298.350056288 1.48971 2.84499
1441244298.360024001 1.58761 3.0917
1441244298.370388311 1.49924 2.96668
1441244298.380255062 1.46893 2.85603
1441244298.390169670 1.56885 3.0744
1441244298.399940595 1.55321 2.99694
1441244298.410489227 1.52589 3.02658
1441244298.420237730 1.54112 3.02433
1441244298.430075293 1.54266 2.97733
1441244298.440373723 1.5014 3.01316
1441244298.450248093 1.4357 2.81073
1441244298.460049231 1.51187 3.04476
1441244298.470143310 1.4433 2.91336
1441244298.480250595 1.47824 2.9326
1441244298.490217664 1.53695 3.0355
1441244298.499971079 1.41004 2.80817
1441244298.510331110 1.39339 2.77612
1441244298.520276043 1.48076 3.00879
1441244298.529784157 1.40043 2.763
1441244298.540220795 1.4017 2.74982
1441244298.550246413 1.4986 2.96968
1441244298.560064808 1.49774 2.8717
1441244298.570096671 1.54447 3.04904
1441244298.580277298 1.51534 2.92294
1441244298.590197637 1.61281 3.03124
1441244298.599998552 1.6184 3.13762
1441244298.610327171 1.54832 2.99087
1441244298.620085701 1.6247 3.0813
1441244298.630074928 1.62483 3.20668
1441244298.640353875 1.52229 2.86298
1441244298.650139725 1.53566 2.91963
1441244298.660197217 1.53832 2.9004
1441244298.670372738 1.52383 2.77523
1441244298.680225993 1.56009 2.89095
1441244298.690107689 1.5659 2.86755
1441244298.700644034 1.60754 2.97166
1441244298.710355847 1.57996 2.97305
1441244298.720248262 1.46461 2.70092
1441244298.730072812 1.55597 2.92516
1441244298.740329815 1.6105 3.1265
1441244298.749993130 1.54189 3.02258
1441244298.760220050 1.47743 2.80945
1441244298.769996182 1.5299 2.89103
1441244298.780231309 1.49218 2.91952
1441244298.790155581 1.44214 2.754
1441244298.800022410 1.45208 2.74659
1441244298.810263572 1.52817 2.91036
1441244298.820299264 1.50953 2.80448
1441244298.830121052 1.52252 2.72574
1441244298.840280289 1.54867 2.80308
1441244298.850307657 1.55993 2.77085
1441244298.860164616 1.58926 2.92431
1441244298.870352054 1.58243 2.93655
1441244298.880253871 1.56584 2.83029
1441244298.890216375 1.6275 2.97263
1441244298.899901707 1.64206 3.02223
1441244298.910480773 1.58189 2.86765
59
1441244297.170371090 564 -33.4 23.2 0.796 0 0 -0.605
1441244297.195538123 476.5 -36.2 23.2 0.796 0 0 -0.605
1441244297.225356582 476.5 -36.2 23.2 0.796 0 0 -0.605
1441244297.255105222 476.5 -36.2 23.2 0.796 0 0 -0.605
1441244297.288112310 476.5 -36.2 23.2 0.796 0 0 -0.605
1441244297.314903038 476.5 -36.2 23.2 0.796 0 0 -0.605
1441244297.345645591 476.5 -36.2 23.2 0.796 0 0 -0.606
1441244297.375439546 476.5 -36.2 23.2 0.795 0 0 -0.606
1441244297.408366635 476.5 -36.2 23.2 0.795 0 0 -0.607
1441244297.435808094 476.5 -36.2 23.2 0.794 0 0 -0.608
1441244297.468661023 476.5 -36.2 23.2 0.794 0 0 -0.608
1441244297.495258634 476.5 -36.2 23.2 0.794 0 0 -0.609
1441244297.528099003 476.5 -36.2 23.2 0.793 0 0 -0.609
1441244297.554757610 476.5 -36.2 23.2 0.793 0 0 -0.61
1441244297.588438644 476.5 -36.2 23.2 0.792 0 0 -0.61
1441244297.614922851 476.5 -36.2 23.2 0.792 0 0 -0.611
1441244297.648476101 476.5 -36.2 23.2 0.792 0 0 -0.611
1441244297.678167770 476.5 -36.2 23.2 0.791 0 0 -0.612
1441244297.708119390 476.5 -36.2 23.2 0.791 0 0 -0.612
1441244297.735730005 476.5 -36.3 23.2 0.79 0 0 -0.613
1441244297.768581945 476.5 -36.3 23.2 0.79 0 0 -0.613
1441244297.795060882 476.5 -36.3 23.2 0.789 0 0 -0.614
1441244297.827898763 476.5 -36.3 23.2 0.789 0 0 -0.614
1441244297.858564950 476.5 -36.3 23.2 0.789 0 0 -0.615
1441244297.888322946 476.5 -36.3 23.2 0.788 0 0 -0.615
1441244297.918046935 476.5 -36.3 23.2 0.788 0 0 -0.616
1441244297.950934873 476.5 -36.3 23.2 0.787 0 0 -0.616
1441244297.978618611 476.5 -36.3 23.2 0.787 0 0 -0.617
1441244298.011523651 476.5 -36.3 23.2 0.787 0 0 -0.617
1441244298.041308691 476.5 -36.3 23.2 0.786 0 0 -0.618
1441244298.071238581 476.5 -36.3 23.2 0.786 0 0 -0.618
1441244298.101212343 476.5 -36.3 23.2 0.785 0 0 -0.619
1441244298.131060545 476.5 -36.3 23.2 0.785 0 0 -0.619
1441244298.160990300 476.5 -36.3 23.2 0.785 0 0 -0.62
1441244298.190706160 476.5 -36.3 23.2 0.784 0 0 -0.621
1441244298.221483634 476.5 -36.3 23.2 0.784 0 0 -0.621
1441244298.251314278 476.5 -36.3 23.2 0.783 0 0 -0.622
1441244298.281305622 476.5 -36.3 23.2 0.783 0 0 -0.622
1441244298.314599242 476.5 -36.3 23.2 0.783 0 0 -0.623
1441244298.341270199 476.5 -36.3 23.2 0.782 0 0 -0.623
1441244298.374915774 476.5 -36.3 23.2 0.782 0 0 -0.624
1441244298.404883684 476.5 -36.3 23.2 0.781 0 0 -0.624
1441244298.434367161 476.6 -36.3 23.2 0.781 0 0 -0.625
1441244298.464197008 476.6 -36.3 23.2 0.78 0 0 -0.625
1441244298.494538905 476.6 -36.4 23.2 0.78 0 0 -0.626
1441244298.521717374 476.6 -36.4 23.2 0.78 0 0 -0.626
1441244298.554653813 476.6 -36.4 23.2 0.779 0 0 -0.627
1441244298.581753294 476.6 -36.4 23.2 0.779 0 0 -0.627
1441244298.617823900 476.6 -36.4 23.2 0.778 0 0 -0.628
1441244298.644809512 476.6 -36.4 23.2 0.778 0 0 -0.628
1441244298.677450519 476.6 -36.4 23.2 0.778 0 0 -0.629
1441244298.704373456 476.6 -36.4 23.2 0.777 0 0 -0.629
1441244298.737715188 476.6 -36.4 23.2 0.777 0 0 -0.63
1441244298.767583673 476.6 -36.4 23.2 0.776 0 0 -0.63
1441244298.797950673 476.6 -36.4 23.2 0.776 0 0 -0.631
1441244298.828079599 476.6 -36.4 23.2 0.776 0 0 -0.631
1441244298.857288360 476.6 -36.4 23.2 0.775 0 0 -0.632
1441244298.885125635 476.6 -36.4 23.2 0.775 0 0 -0.632
1441244298.917683876 476.6 -36.4 23.2 0.774 0 0 -0.633
579.549 -153.507 10.3866 0.906304 0.00272202 -0.00210605 0.422613
588.994 -157.986 9.79435 0.874381 0.00575599 -0.00307832 0.485195
176
1441244329.419336444 0.087323 -0.107591
1441244329.419985073 0.085493 -0.102038
1441244329.430359809 0.084786 -0.098314
1441244329.440222445 0.092022 -0.10895
1441244329.450192284 0.088081 -0.104617
1441244329.460458546 0.083833 -0.104494
1441244329.470407230 0.085718 -0.097698
1441244329.480206130 0.090792 -0.112844
1441244329.490165466 0.082884 -0.097255
1441244329.500253503 0.096096 -0.12467
1441244329.510247138 0.090479 -0.092428
1441244329.520101771 0.077976 -0.10809
1441244329.530374752 0.085456 -0.101039
1441244329.540276324 0.083782 -0.099838
1441244329.550148473 0.092436 -0.108008
1441244329.559904609 0.093291 -0.114113
1441244329.570498301 0.08281 -0.09944
1441244329.580299575 0.090198 -0.10587
1441244329.590061721 0.086671 -0.101597
1441244329.600304259 0.086311 -0.100312
1441244329.610232298 0.094945 -0.099334
1441244329.620024483 0.082981 -0.099571
1441244329.630573820 0.085446 -0.104378
1441244329.640261836 0.086682 -0.102618
1441244329.650183914 0.08728 -0.110951
1441244329.660073488 0.091985 -0.107774
1441244329.670502900 0.086529 -0.106049
1441244329.680199052 0.080189 -0.097044
1441244329.690114972 0.089083 -0.105157
1441244329.700553114 0.089046 -0.107404
1441244329.710169563 0.085582 -0.104284
1441244329.719978571 0.091012 -0.108341
1441244329.730362628 0.083675 -0.102206
1441244329.740173109 0.086639 -0.099308
1441244329.750054164 0.087383 -0.100962
1441244329.759988475 0.082879 -0.099482
1441244329.770253914 0.087206 -0.10519
1441244329.780361428 0.090207 -0.102354
1441244329.790152453 0.082827 -0.10618
1441244329.800294562 0.08631 -0.099198
1441244329.810294811 0.085707 -0.099923
1441244329.820117280 0.084598 -0.107076
1441244329.830348303 0.09112 -0.104071
1441244329.840347105 0.082847 -0.104025
1441244329.850218297 0.090933 -0.107278
1441244329.860078318 0.083735 -0.098823
1441244329.870067526 0.083732 -0.104473
1441244329.879923246 0.085941 -0.094377
1441244329.889761126 0.082649 -0.106048
1441244329.900426336 0.088224 -0.104864
1441244329.910204708 0.083545 -0.107679
1441244329.919847286 0.086374 -0.104712
1441244329.930162287 0.087323 -0.107591
1441244329.940050217 0.085394 -0.104245
1441244329.949878081 0.089156 -0.102972
1441244329.960277785 0.083567 -0.103229
1441244329.970432795 0.088246 -0.10366
1441244329.980144905 0.088264 -0.103637
1441244329.990025914 0.081863 -0.104507
1441244330.000320901 0.092828 -0.108335
1441244330.010287874 0.107991 -0.065371
1441244330.020013645 0.368169 0.450028
1441244330.030046515 0.758044 1.19837
1441244330.040209997 1.17073 1.97956
1441244330.049998027 1.28 2.34618
1441244330.060109554 1.10904 2.28541
1441244330.070440093 1.10825 2.37059
1441244330.080176832 1.01752 2.24398
1441244330.090097786 0.987473 2.17808
1441244330.100316544 1.1219 2.27037
1441244330.110129417 1.04757 2.20012
1441244330.120048410 0.952356 2.18876
1441244330.130330535 1.09467 2.28954
1441244330.140313891 0.983421 2.22697
1441244330.150147867 0.974023 2.11134
1441244330.160542955 1.00516 2.23618
1441244330.170284382 0.949994 2.16293
1441244330.180150592 0.999234 2.2587
1441244330.190175579 0.899802 2.21964
1441244330.200225579 0.886362 2.2448
1441244330.209962965 1.00472 2.30762
1441244330.220051130 0.942674 2.32368
1441244330.230432496 0.804069 2.22406
1441244330.240333891 0.771997 2.15812
1441244330.250097737 0.806443 2.17892
1441244330.260454369 0.965387 2.30212
1441244330.270241477 0.945022 2.13763
1441244330.280155594 0.928523 2.1162
1441244330.289964044 0.948104 2.20957
1441244330.300272371 0.931985 2.20313
1441244330.310416840 1.01175 2.2945
1441244330.320022237 0.923433 2.24256
1441244330.330329512 0.816622 2.14039
1441244330.340303010 0.964343 2.23806
1441244330.350135102 0.879484 2.18633
1441244330.359963740 0.956418 2.15617
1441244330.370478705 0.941253 2.13385
1441244330.380227990 0.892146 2.11846
1441244330.390066571 0.919716 2.18567
1441244330.400541903 0.834846 2.20194
1441244330.410136648 0.827696 2.12929
1441244330.420173926 0.731516 2.18272
1441244330.430583068 0.753402 2.20042
1441244330.440197315 0.734236 2.20791
1441244330.450040231 0.736196 2.24307
1441244330.460143539 0.924771 2.32265
1441244330.470477741 0.919729 2.26551
1441244330.480232785 0.922194 2.31194
1441244330.490004191 0.929894 2.3163
1441244330.500553866 0.858597 2.26025
1441244330.510218631 0.982904 2.25554
1441244330.520215758 0.893077 2.17733
1441244330.530390357 0.977935 2.16002
1441244330.540188289 0.969513 2.23312
1441244330.550156675 0.805112 2.1324
1441244330.560444780 0.885933 2.24771
1441244330.570301585 0.813802 2.09935
1441244330.580206126 0.863759 2.17474
1441244330.590138657 1.0291 2.32411
1441244330.600295272 0.941888 2.19157
1441244330.610248764 0.97926 2.17552
1441244330.620108088 0.892502 2.08993
1441244330.630292053 0.962246 2.10254
1441244330.640224732 1.01618 2.20282
1441244330.650236078 0.986815 2.03177
1441244330.660083449 1.07609 2.14639
1441244330.670322191 0.947505 2.03615
1441244330.680204478 0.98791 2.06477
1441244330.690056391 1.0062 2.12576
1441244330.700284407 1.30432 2.16738
1441244330.710369462 1.05166 2.2033
1441244330.720127278 1.10906 2.18644
1441244330.730355484 0.931693 2.01715
1441244330.740232388 0.859904 2.10465
1441244330.750138964 0.99064 2.1624
1441244330.759970292 0.932548 2.10243
1441244330.770057999 0.913757 2.1055
1441244330.779898724 0.860686 2.19688
1441244330.789775032 0.953232 2.14818
1441244330.799751164 0.827246 1.96287
1441244330.810215637 1.00023 2.14131
1441244330.820091484 0.971904 2.07969
1441244330.830339457 0.936238 1.92069
1441244330.840276305 1.0204 2.08999
1441244330.850102709 0.94743 2.08017
1441244330.860608723 1.01035 2.12285
1441244330.870464467 1.06975 2.17824
1441244330.880096001 0.853318 1.92782
1441244330.889991469 0.915176 2.04048
1441244330.900327755 0.858712 2.03913
1441244330.910149244 0.892918 1.91277
1441244330.919827250 1.07712 2.16652
1441244330.930378711 0.950572 1.97444
1441244330.940339590 0.892329 1.98557
1441244330.950104742 0.917844 2.08065
1441244330.960582571 0.869083 2.00493
1441244330.970259449 0.923675 2.18657
1441244330.979921622 0.825565 2.08245
1441244330.989990537 0.796786 1.99172
1441244331.000334586 0.901975 2.05155
1441244331.010210063 1.06815 2.20149
1441244331.020092716 0.989638 2.05061
1441244331.030406364 0.913822 2.04612
1441244331.040236573 0.906229 2.0355
1441244331.050150201 0.929847 2.08871
1441244331.060487903 0.955585 2.08541
1441244331.070280623 0.92495 2.15788
1441244331.080136813 0.889889 2.18283
1441244331.090456126 0.873933 2.11878
1441244331.100346196 0.779941 2.00544
1441244331.110190406 0.856732 2.10123
1441244331.120139794 0.80885 1.97415
1441244331.130444307 0.851935 1.91357
1441244331.140304724 0.859734 2.03002
1441244331.150096763 0.886244 2.03393
1441244331.159895943 0.951776 2.07485
58
1441244329.419360946 570.3 -47.3 22.9 0.737 0 0 -0.676
1441244329.433245889 610.3 -92.1 22.9 0.737 0 0 -0.676
1441244329.466246561 610.3 -92.1 22.9 0.737 0 0 -0.676
1441244329.499849234 610.3 -92.1 22.9 0.737 0 0 -0.676
1441244329.527011509 610.3 -92.1 22.9 0.737 0 0 -0.676
1441244329.559445423 610.3 -92 22.9 0.738 0 0 -0.675
1441244329.586217136 610.3 -92 22.9 0.738 0 0 -0.675
1441244329.619542013 610.3 -92 22.9 0.739 0 0 -0.674
1441244329.646630533 610.3 -92 22.9 0.739 0 0 -0.674
1441244329.679548353 610.3 -92 22.9 0.739 0 0 -0.673
1441244329.709867264 610.3 -92 22.9 0.74 0 0 -0.673
1441244329.739427241 610.3 -92.1 22.9 0.74 0 0 -0.672
1441244329.769441145 610.3 -92.1 22.9 0.741 0 0 -0.672
1441244329.799573271 610.3 -92.1 22.9 0.741 0 0 -0.671
1441244329.829722888 610.3 -92.1 22.9 0.742 0 0 -0.671
1441244329.860081826 610.3 -92.1 22.9 0.742 0 0 -0.67
1441244329.888859091 610.3 -92.1 22.9 0.743 0 0 -0.67
1441244329.925721325 610.3 -92.1 22.9 0.743 0 0 -0.669
1441244329.955399520 610.3 -92.1 22.9 0.744 0 0 -0.669
1441244329.988646637 610.3 -92.1 22.9 0.744 0 0 -0.668
1441244330.015278011 610.3 -92.1 22.9 0.744 0 0 -0.668
1441244330.048652112 610.3 -92.1 22.9 0.745 0 0 -0.667
1441244330.075625430 610.3 -92.1 22.9 0.745 0 0 -0.667
1441244330.109014465 610.3 -92.1 22.9 0.746 0 0 -0.666
1441244330.136089714 610.3 -92.1 22.9 0.746 0 0 -0.666
1441244330.168629673 610.3 -92.2 22.9 0.747 0 0 -0.665
1441244330.195911475 610.3 -92.2 22.9 0.747 0 0 -0.665
1441244330.228671086 610.3 -92.2 22.9 0.747 0 0 -0.664
1441244330.255657370 610.3 -92.2 22.9 0.748 0 0 -0.664
1441244330.288372526 610.3 -92.2 22.9 0.748 0 0 -0.663
1441244330.318692379 610.3 -92.2 22.9 0.749 0 0 -0.663
1441244330.348920580 610.3 -92.2 22.9 0.749 0 0 -0.662
1441244330.375745847 610.3 -92.2 22.9 0.75 0 0 -0.662
1441244330.408812598 610.3 -92.2 22.9 0.75 0 0 -0.661
1441244330.438679077 610.3 -92.2 22.9 0.751 0 0 -0.661
1441244330.468853608 610.3 -92.2 22.9 0.751 0 0 -0.66
1441244330.498762516 610.3 -92.2 22.9 0.751 0 0 -0.66
1441244330.529084860 610.3 -92.2 22.9 0.752 0 0 -0.659
1441244330.558025949 610.3 -92.2 22.9 0.752 0 0 -0.659
1441244330.591325645 610.3 -92.2 22.9 0.753 0 0 -0.658
1441244330.618273388 610.3 -92.2 22.9 0.753 0 0 -0.658
1441244330.651361885 610.3 -92.2 22.9 0.754 0 0 -0.657
1441244330.678303801 610.3 -92.2 22.9 0.754 0 0 -0.657
1441244330.711669641 610.3 -92.2 22.9 0.754 0 0 -0.656
1441244330.738306578 610.3 -92.2 22.9 0.755 0 0 -0.656
1441244330.771013808 610.3 -92.2 22.9 0.755 0 0 -0.655
1441244330.798825846 610.3 -92.2 22.9 0.756 0 0 -0.655
1441244330.831208500 610.3 -92.3 22.9 0.756 0 0 -0.654
1441244330.858947519 610.3 -92.2 22.9 0.757 0 0 -0.654
1441244330.891528235 610.3 -92.3 22.9 0.757 0 0 -0.653
1441244330.921120218 610.3 -92.3 22.9 0.757 0 0 -0.653
1441244330.954327300 610.3 -92.3 22.9 0.758 0 0 -0.652
1441244330.981690576 610.3 -92.3 22.9 0.758 0 0 -0.652
1441244331.011924044 610.3 -92.3 22.9 0.759 0 0 -0.651
1441244331.040990185 610.3 -92.3 22.9 0.759 0 0 -0.651
1441244331.074641855 610.3 -92.3 22.9 0.76 0 0 -0.65
1441244331.101497196 610.3 -92.3 22.9 0.76 0 0 -0.65
1441244331.134837750 610.3 -92.3 22.9 0.76 0 0 -0.649
554.991 -105.093 10.7048 0.910336 0.000249663 -0.00143096 0.413867
538.243 -124.351 10.5827 0.944591 0.000840209 -0.0019622 0.328244
177
1441244361.403404585 0.087234 -0.109705
1441244361.410088541 0.083874 -0.10002
1441244361.419893416 0.08659 -0.106021
1441244361.430217844 0.087422 -0.106498
1441244361.440151020 0.086582 -0.099351
1441244361.449931187 0.085668 -0.100988
1441244361.460142690 0.082873 -0.100594
1441244361.470168819 0.086493 -0.101464
1441244361.479997738 0.088179 -0.110287
1441244361.490365828 0.090027 -0.108985
1441244361.500251498 0.086779 -0.097097
1441244361.510091794 0.079403 -0.094227
1441244361.519755508 0.08053 -0.097076
1441244361.530132424 0.090324 -0.109116
1441244361.540133950 0.09073 -0.090376
1441244361.549959913 0.096141 -0.102224
1441244361.560220709 0.095351 -0.091786
1441244361.570191194 0.085731 -0.102143
1441244361.579983891 0.093888 -0.10431
1441244361.590339516 0.086307 -0.104848
1441244361.600300787 0.083619 -0.106608
1441244361.610045717 0.084387 -0.104817
1441244361.620630567 0.08657 -0.101576
1441244361.630314140 0.085801 -0.096697
1441244361.640171129 0.085665 -0.100037
1441244361.650131387 0.165178 0.001679
1441244361.660366114 1.67853 1.96895
1441244361.670299801 2.12393 3.16886
1441244361.680070530 1.79414 2.84714
1441244361.690464054 1.98246 3.23841
1441244361.700220902 1.93274 3.21521
1441244361.710178323 1.728 2.94752
1441244361.720496366 1.76461 3.05812
1441244361.730355611 1.78806 3.15078
1441244361.740219492 1.58647 2.75655
1441244361.749950382 1.70404 3.00047
1441244361.760195044 1.71073 3.00429
1441244361.770193809 1.72896 3.02051
1441244361.779975695 1.75226 3.03834
1441244361.789918738 1.78917 3.09461
1441244361.800446707 1.69595 2.98376
1441244361.810159944 1.61201 2.80453
1441244361.820412487 1.69278 2.96387
1441244361.830458609 1.69576 3.01673
1441244361.840131392 1.71981 3.08386
1441244361.849959955 1.65362 2.88186
1441244361.860429014 1.71231 2.96091
1441244361.870284805 1.73696 2.93278
1441244361.880079584 1.7557 2.98406
1441244361.890073279 1.79002 3.01442
1441244361.900219277 1.68349 2.91628
1441244361.910190368 1.58739 2.71299
1441244361.920526126 1.57581 2.64042
1441244361.930474699 1.72538 2.97718
1441244361.940195288 1.74508 2.90723
1441244361.950110016 1.66067 2.72123
1441244361.960545933 1.65427 2.84343
1441244361.970218125 1.65818 2.86629
1441244361.980135308 1.65253 2.93681
1441244361.989882709 1.67522 3.0125
1441244362.000254372 1.68211 2.99283
1441244362.010194799 1.81216 3.23057
1441244362.020431511 1.92085 3.51332
1441244362.030380988 1.8937 3.61861
1441244362.040089342 1.79423 3.30686
1441244362.050091422 1.80344 3.31746
1441244362.060374662 1.79014 3.34928
1441244362.070159167 1.73195 3.16305
1441244362.080138440 1.90081 3.45615
1441244362.090436657 1.78596 3.1693
1441244362.100267932 1.75468 3.08928
1441244362.110303864 1.87572 3.35099
1441244362.119979119 1.80919 3.28371
1441244362.130190129 1.78065 3.20409
1441244362.139886974 1.90385 3.42129
1441244362.150032265 1.84571 3.29994
1441244362.160298490 1.83187 3.28615
1441244362.170223165 1.84865 3.38862
1441244362.180078099 1.79214 3.27535
1441244362.190317147 1.83548 3.40554
1441244362.200173447 1.80602 3.28167
1441244362.210237161 1.92912 3.6195
1441244362.220414754 1.84005 3.46178
1441244362.230470007 1.82136 3.42466
1441244362.240138506 1.83693 3.51486
1441244362.249931987 1.6919 3.33317
1441244362.260333790 1.69909 3.29428
1441244362.270205092 1.80112 3.43451
1441244362.280043278 1.76706 3.37886
1441244362.290099938 1.77749 3.37702
1441244362.300261296 1.79995 3.35338
1441244362.310191003 1.76047 3.2938
1441244362.320359747 1.77707 3.24866
1441244362.330284233 1.87562 3.39146
1441244362.340125986 1.83417 3.32454
1441244362.349852207 1.81844 3.27664
1441244362.360095312 1.78493 3.1984
1441244362.370235333 1.8285 3.34042
1441244362.380164051 1.86091 3.42688
1441244362.390380155 1.85195 3.39135
1441244362.400352863 1.86169 3.5165
1441244362.410095751 1.86633 3.42628
1441244362.420619947 1.82697 3.29885
1441244362.430399377 1.7713 3.20643
1441244362.440141716 1.81237 3.2496
1441244362.450139425 1.883 3.43332
1441244362.460435430 1.84137 3.27815
1441244362.470385819 1.81528 3.18432
1441244362.480126344 1.82897 3.26005
1441244362.490492154 1.81071 3.24655
1441244362.500305156 1.8386 3.29767
1441244362.510173701 1.83437 3.3576
1441244362.520009004 1.80278 3.249
1441244362.530228408 1.79141 3.2294
1441244362.540158699 1.839 3.26576
1441244362.550095179 1.8646 3.32044
1441244362.560109551 1.85156 3.25799
1441244362.569992819 1.87877 3.32899
1441244362.579929392 1.85126 3.3112
1441244362.590336245 1.86016 3.32502
1441244362.600214238 1.86998 3.3589
1441244362.610155298 1.851 3.45676
1441244362.619745333 1.78147 3.18664
1441244362.630077900 1.82722 3.34915
1441244362.639941274 1.80072 3.36175
1441244362.649918838 1.77617 3.30778
1441244362.660251127 1.82395 3.48567
1441244362.670040591 1.74158 3.31905
1441244362.679848735 1.75385 3.2641
1441244362.690439301 1.85752 3.45681
1441244362.700277334 1.7949 3.34879
1441244362.710187924 1.73273 3.14507
1441244362.720690123 1.84617 3.35546
1441244362.730322026 1.78574 3.28567
1441244362.740225643 1.72997 3.0928
1441244362.749872753 1.80289 3.1637
1441244362.760130314 1.78659 3.24978
1441244362.770170930 1.73691 3.06577
1441244362.780124041 1.8696 3.2895
1441244362.790411074 1.85539 3.33103
1441244362.800267752 1.78336 3.11411
1441244362.810092197 1.90647 3.32113
1441244362.820585451 1.86949 3.33578
1441244362.830363030 1.85375 3.24743
1441244362.840113283 1.86584 3.25314
1441244362.850046699 1.85474 3.32912
1441244362.860445745 1.78558 3.10457
1441244362.870180027 1.87926 3.266
1441244362.880194006 1.8055 3.18662
1441244362.889973592 1.74162 3.09336
1441244362.900141745 1.79968 3.25663
1441244362.910113274 1.83694 3.37949
1441244362.920080573 1.7369 3.1653
1441244362.930262322 1.74988 3.22078
1441244362.940348285 1.7374 3.23598
1441244362.950156848 1.74531 3.29864
1441244362.960322720 1.79475 3.33451
1441244362.970218955 1.75782 3.19558
1441244362.980184746 1.79365 3.24231
1441244362.990075396 1.82867 3.34968
1441244363.000257713 1.74932 3.24766
1441244363.010239761 1.72561 3.18924
1441244363.020425123 1.78411 3.34168
1441244363.030459008 1.70693 3.19087
1441244363.040210561 1.6821 3.06864
1441244363.049983350 1.85219 3.40678
1441244363.060355996 1.79265 3.26097
1441244363.070233813 1.77483 3.18811
1441244363.080027546 1.86781 3.38008
1441244363.090400367 1.74497 3.1834
1441244363.100267304 1.6975 3.14283
1441244363.110084421 1.77601 3.28523
1441244363.120095070 1.76309 3.31256
1441244363.130310418 1.75352 3.23277
1441244363.140116559 1.77187 3.18845
1441244363.150174997 1.76446 3.23635
1441244363.160546943 1.70794 3.0644
59
1441244361.403394752 547.7 1.2 23.2 0.731 0 0 -0.683
1441244361.419416584 433.8 39.7 23.2 0.731 0 0 -0.683
1441244361.446968751 433.8 39.7 23.2 0.731 0 0 -0.683
1441244361.476763423 433.8 39.7 23.2 0.731 0 0 -0.683
1441244361.509248605 433.8 39.7 23.2 0.731 0 0 -0.683
1441244361.536787412 433.8 39.7 23.2 0.731 0 0 -0.683
1441244361.569738924 433.8 39.7 23.2 0.73 0 0 -0.683
1441244361.596133455 433.8 39.7 23.2 0.73 0 0 -0.684
1441244361.629539756 433.8 39.7 23.2 0.729 0 0 -0.684
1441244361.656378329 433.8 39.7 23.2 0.729 0 0 -0.685
1441244361.689802571 433.8 39.7 23.2 0.728 0 0 -0.685
1441244361.716845460 433.8 39.6 23.2 0.728 0 0 -0.686
1441244361.746897442 433.8 39.6 23.2 0.727 0 0 -0.686
1441244361.776633366 433.8 39.6 23.2 0.727 0 0 -0.687
1441244361.809974982 433.8 39.6 23.2 0.726 0 0 -0.687
1441244361.836700604 433.8 39.6 23.2 0.726 0 0 -0.688
1441244361.866538157 433.8 39.6 23.2 0.726 0 0 -0.688
1441244361.897024435 433.8 39.6 23.2 0.725 0 0 -0.689
1441244361.929589238 433.8 39.6 23.2 0.725 0 0 -0.689
1441244361.956277589 433.8 39.6 23.2 0.724 0 0 -0.69
1441244361.989865509 433.8 39.6 23.2 0.724 0 0 -0.69
1441244362.019025431 433.8 39.6 23.2 0.723 0 0 -0.691
1441244362.050073761 433.8 39.6 23.2 0.723 0 0 -0.691
1441244362.079460243 433.8 39.6 23.2 0.722 0 0 -0.692
1441244362.112874580 433.8 39.6 23.2 0.722 0 0 -0.692
1441244362.138979905 433.8 39.6 23.2 0.721 0 0 -0.692
1441244362.172430246 433.8 39.6 23.2 0.721 0 0 -0.693
1441244362.199105910 433.8 39.6 23.2 0.721 0 0 -0.693
1441244362.232435059 433.8 39.6 23.2 0.72 0 0 -0.694
1441244362.260031261 433.8 39.6 23.2 0.72 0 0 -0.694
1441244362.292513090 433.8 39.6 23.2 0.719 0 0 -0.695
1441244362.320068394 433.8 39.6 23.2 0.719 0 0 -0.695
1441244362.349485231 433.8 39.6 23.2 0.718 0 0 -0.696
1441244362.379713069 433.8 39.5 23.2 0.718 0 0 -0.696
1441244362.409859505 433.8 39.5 23.2 0.717 0 0 -0.697
1441244362.439806291 433.8 39.5 23.2 0.717 0 0 -0.697
1441244362.472614365 433.8 39.5 23.2 0.716 0 0 -0.698
1441244362.502987560 433.8 39.5 23.2 0.716 0 0 -0.698
1441244362.532017352 433.8 39.5 23.2 0.716 0 0 -0.699
1441244362.562002574 433.8 39.5 23.2 0.715 0 0 -0.699
1441244362.592186176 433.8 39.5 23.2 0.715 0 0 -0.7
1441244362.622696018 433.8 39.5 23.2 0.714 0 0 -0.7
1441244362.652733764 433.8 39.5 23.2 0.714 0 0 -0.7
1441244362.679726967 433.8 39.5 23.2 0.713 0 0 -0.701
1441244362.712094816 433.8 39.5 23.2 0.713 0 0 -0.701
1441244362.742213246 433.8 39.5 23.2 0.712 0 0 -0.702
1441244362.775810698 433.8 39.5 23.2 0.712 0 0 -0.702
1441244362.802538570 433.8 39.5 23.2 0.711 0 0 -0.703
1441244362.835150834 433.8 39.5 23.2 0.711 0 0 -0.703
1441244362.862947016 433.8 39.5 23.2 0.71 0 0 -0.704
1441244362.894927994 433.8 39.5 23.2 0.71 0 0 -0.704
1441244362.925993287 433.8 39.5 23.2 0.709 0 0 -0.705
1441244362.955116970 433.8 39.5 23.2 0.709 0 0 -0.705
1441244362.985032293 433.8 39.5 23.2 0.709 0 0 -0.706
1441244363.014954390 433.8 39.5 23.2 0.708 0 0 -0.706
1441244363.045202407 433.8 39.5 23.2 0.708 0 0 -0.707
1441244363.075331825 433.8 39.5 23.2 0.707 0 0 -0.707
1441244363.105451645 433.8 39.5 23.2 0.707 0 0 -0.708
1441244363.135588976 433.8 39.5 23.2 0.706 0 0 -0.708
