20
TwoPointRotation
75 75 0
-162.572 305.048 0
-0.707107 -0.707107 0
-10 0.5
TwoPointRotation
75 75 0
-116.139 223.673 0
-0.707107 -0.707107 0
-10 0.5
TwoPointRotation
75 75 0
-165.202 299.838 0
-0.707107 -0.707107 0
-10 0.5
TwoPointRotation
75 75 0
-148.761 245.505 0
-0.707107 -0.707107 0
-10 0.5
TwoPointRotation
75 75 0
169.605 -87.4827 0
-0.707107 -0.707107 0
10 0.5
TwoPointRotation
75 75 0
-91.5314 206.236 0
-0.707107 -0.707107 0
-10 0.5
TwoPointRotation
75 75 0
84.6096 -2.46113 0
-0.707107 -0.707107 0
10 0.5
TwoPointRotation
75 75 0
-125.719 293.346 0
-0.707107 -0.707107 0
-10 0.5
TwoPointRotation
75 75 0
70.0368 -11.9093 0
-0.707107 -0.707107 0
10 0.5
TwoPointRotation
75 75 0
247.171 -170.055 0
-0.707107 -0.707107 0
10 0.5
TwoPointRotation
75 75 0
226.33 -125.523 0
-0.707107 -0.707107 0
10 0.5
TwoPointRotation
75 75 0
70.9062 206.437 0
-0.707107 -0.707107 0
-10 0.5
TwoPointRotation
75 75 0
84.5911 -50.0083 0
-0.707107 -0.707107 0
10 0.5
TwoPointRotation
75 75 0
104.055 -77.1244 0
-0.707107 -0.707107 0
10 0.5
TwoPointRotation
75 75 0
150.874 -59.2407 0
-0.707107 -0.707107 0
10 0.5
TwoPointRotation
75 75 0
127.902 -81.1268 0
-0.707107 -0.707107 0
10 0.5
TwoPointRotation
75 75 0
228.473 -257.994 0
-0.707107 -0.707107 0
10 0.5
TwoPointRotation
75 75 0
233.941 -225.774 0
-0.707107 -0.707107 0
10 0.5
TwoPointRotation
75 75 0
153.511 -153.263 0
-0.707107 -0.707107 0
10 0.5
