25
TwoPointRotation
69.4271 0 0
333.034 48.9676 0
-0 1 -0
-5 1
TwoPointRotation
39.1661 110.834 0
441.699 233.918 0
-0.707107 -0.707107 0
5 1
TwoPointRotation
0 71.0382 0
-42.0678 -95.3743 0
1 -0 -0
-5 1
TwoPointRotation
62.7309 87.2691 0
-188.313 -110.855 0
-0.707107 -0.707107 0
-5 1
TwoPointRotation
0 35.0308 0
206.044 170.85 0
1 -0 -0
5 1
TwoPointRotation
0 116.233 0
212.705 -4.70482 0
1 -0 -0
-5 1
TwoPointRotation
47.6875 102.312 0
-52.1734 -36.8883 0
-0.707107 -0.707107 0
5 1
TwoPointRotation
0 113.805 0
323.887 204.547 0
1 -0 -0
5 1
TwoPointRotation
0 57.1792 0
45.9507 176.253 0
1 -0 -0
5 1
TwoPointRotation
36.21 113.79 0
405.987 124.336 0
-0.707107 -0.707107 0
5 1
TwoPointRotation
67.574 0 0
338.018 74.0168 0
-0 1 -0
-5 1
TwoPointRotation
108.426 0 0
-39.8794 -145.808 0
-0 1 -0
5 1
TwoPointRotation
55.0477 94.9523 0
-248.925 -92.1317 0
-0.707107 -0.707107 0
-5 1
TwoPointRotation
69.7657 0 0
217.515 87.4589 0
-0 1 -0
-5 1
TwoPointRotation
0 42.1886 0
372.648 93.1956 0
1 -0 -0
5 1
TwoPointRotation
48.6626 101.337 0
103.319 -101.504 0
-0.707107 -0.707107 0
5 1
TwoPointRotation
91.5189 58.4811 0
270.136 -65.9697 0
-0.707107 -0.707107 0
5 1
TwoPointRotation
29.2985 120.701 0
-86.5851 162.76 0
-0.707107 -0.707107 0
-5 1
TwoPointRotation
0 104.383 0
-105.811 -91.2068 0
1 -0 -0
-5 1
TwoPointRotation
84.0596 65.9404 0
-347.64 -14.5239 0
-0.707107 -0.707107 0
-5 1
TwoPointRotation
127.869 22.1308 0
-196.535 97.6859 0
-0.707107 -0.707107 0
-5 1
TwoPointRotation
126.385 23.6151 0
-196.6 139.27 0
-0.707107 -0.707107 0
-5 1
TwoPointRotation
57.959 92.041 0
-241.666 137.038 0
-0.707107 -0.707107 0
-5 1
TwoPointRotation
42.4478 107.552 0
159.968 496.611 0
-0.707107 -0.707107 0
-5 1
TwoPointRotation
0 65.1664 0
10.9334 -164.686 0
1 -0 -0
-5 1
