1435292539.57
500.0 0.0 15.0 1.0 0.0 0.0 0.0
1435292539.6
500.0 0.0 15.0 1.0 0.0 0.0 0.0
1435292539.63
500.0 0.0 15.0 1.0 0.0 0.0 0.0
1435292539.66
500.0 0.0 15.0 1.0 0.0 0.0 0.0
1435292539.69
500.0 0.0 15.0 1.0 0.0 0.0 0.0
1435292539.72
500.0 0.0 15.0 1.0 0.0 0.0 0.0
1435292539.75
500.0 0.0 15.0 1.0 0.0 0.0 0.0
1435292539.78
500.0 0.0 15.0 1.0 0.0 0.0 0.0
1435292539.81
500.0 0.0 15.0 1.0 0.0 0.0 0.0
1435292539.84
500.0 0.0 15.0 1.0 0.0 0.0 0.0
1435292539.87
500.0 0.0 15.0 1.0 0.0 0.0 0.0
1435292539.9
500.0 0.0 15.0 1.0 0.0 0.0 0.0
1435292539.93
500.0 0.0 15.0 1.0 0.0 0.0 0.0
1435292539.96
500.0 0.0 15.0 1.0 0.0 0.0 0.0
1435292539.99
500.0 0.0 15.0 1.0 0.0 0.0 0.0
1435292540.02
500.0 0.0 15.0 1.0 0.0 0.0 0.0
1435292540.05
500.0 0.0 15.0 1.0 0.0 0.0 0.0
1435292540.08
500.0 0.0 15.0 1.0 0.0 0.0 0.0
1435292540.11
500.0 0.0 15.0 1.0 0.0 0.0 0.0
1435292540.14
500.0 0.0 15.0 1.0 0.0 0.0 0.0
1435292540.17
500.0 0.0 15.0 1.0 0.0 0.0 0.0
1435292540.2
500.0 0.0 15.0 1.0 0.0 0.0 0.0
1435292540.23
500.0 0.0 15.0 1.0 0.0 0.0 0.0
1435292540.26
500.0 0.0 15.0 1.0 0.0 0.0 0.0
1435292540.29
500.0 0.0 15.0 1.0 0.0 0.0 0.0
1435292540.32
500.0 0.0 15.0 1.0 0.0 0.0 0.0
1435292540.35
500.0 0.0 15.0 1.0 0.0 0.0 0.0
1435292540.38
500.0 0.0 15.0 1.0 0.0 0.0 0.0
1435292540.41
500.0 0.0 15.0 1.0 0.0 0.0 0.0
1435292540.44
500.0 0.0 15.0 1.0 0.0 0.0 0.0
1435292540.47
500.0 0.0 15.0 1.0 0.0 0.0 0.0
1435292540.5
500.0 0.0 15.0 1.0 0.0 0.0 0.0
1435292540.53
500.0 0.0 15.0 1.0 0.0 0.0 0.0
1435292540.56
500.0 0.0 15.0 1.0 0.0 0.0 0.0
1435292540.59
500.0 0.0 15.0 1.0 0.0 0.0 0.0
1435292540.62
500.0 0.0 15.0 1.0 0.0 0.0 0.0
1435292540.65
500.0 0.0 15.0 1.0 0.0 0.0 0.0
1435292540.68
500.0 0.0 15.0 1.0 0.0 0.0 0.0
1435292540.71
500.0 0.0 15.0 1.0 0.0 0.0 0.0
1435292540.74
500.0 0.0 15.0 1.0 0.0 0.0 0.0
1435292540.77
500.0 0.0 15.0 1.0 0.0 0.0 0.0
1435292540.8
500.0 0.0 15.0 1.0 0.0 0.0 0.0
1435292540.83
500.0 0.0 15.0 1.0 0.0 0.0 0.0
1435292540.86
500.0 0.0 15.0 1.0 0.0 0.0 0.0
1435292540.9
500.0 0.0 15.0 1.0 0.0 0.0 0.0
1435292540.92
500.1 0.0 15.0 1.0 0.0 0.0 0.0
1435292540.96
500.2 0.0 15.0 1.0 0.0 0.0 0.0
1435292540.99
500.3 -0.1 15.0 1.0 0.0 0.0 0.0
1435292541.02
500.5 -0.1 15.0 1.0 0.0 0.0 0.0
1435292541.05
500.6 -0.2 15.0 1.0 0.0 0.0 0.0
1435292541.08
500.7 -0.2 15.0 1.0 0.0 0.0 0.0
1435292541.11
500.9 -0.3 15.0 1.0 0.0 0.0 0.0
1435292541.14
501.0 -0.3 15.0 1.0 0.0 0.0 0.0
1435292541.17
501.2 -0.4 15.0 1.0 0.0 0.0 0.0
1435292541.2
501.3 -0.5 15.0 1.0 0.0 0.0 0.0
1435292541.23
501.4 -0.5 15.0 1.0 0.0 0.0 0.0
1435292541.26
501.6 -0.6 15.0 1.0 0.0 0.0 0.0
1435292541.29
501.7 -0.6 15.0 1.0 0.0 0.0 0.0
1435292541.32
501.9 -0.7 15.0 1.0 0.0 0.0 0.0
1435292541.35
502.0 -0.7 15.0 1.0 0.0 0.0 0.0
1435292541.38
502.1 -0.8 15.0 1.0 0.0 0.0 0.0
1435292541.41
502.3 -0.8 15.0 1.0 0.0 0.0 0.0
1435292541.44
502.4 -0.9 15.0 1.0 0.0 0.0 0.0
1435292541.47
502.6 -0.9 15.0 1.0 0.0 0.0 0.0
1435292541.5
502.7 -1.0 15.0 1.0 0.0 0.0 0.0
1435292541.53
502.9 -1.0 15.0 1.0 0.0 0.0 0.0
1435292541.56
503.0 -1.1 15.0 1.0 0.0 0.0 0.0
1435292541.59
503.1 -1.1 15.0 1.0 0.0 0.0 0.0
1435292541.62
503.3 -1.2 15.0 1.0 0.0 0.0 0.0
1435292541.65
503.4 -1.2 15.0 1.0 0.0 0.0 0.0
1435292541.68
503.6 -1.3 15.0 1.0 0.0 0.0 0.0
1435292541.71
503.7 -1.4 15.0 1.0 0.0 0.0 0.0
1435292541.74
503.9 -1.4 15.0 1.0 0.0 0.0 0.0
1435292541.77
504.0 -1.5 15.0 1.0 0.0 0.0 0.0
1435292541.8
504.1 -1.5 15.0 1.0 0.0 0.0 0.0
1435292541.83
504.3 -1.6 15.0 1.0 0.0 0.0 0.0
1435292541.86
504.4 -1.6 15.0 1.0 0.0 0.0 0.0
1435292541.89
504.6 -1.7 15.0 1.0 0.0 0.0 0.0
1435292541.92
504.7 -1.7 15.0 1.0 0.0 0.0 0.0
1435292541.95
504.8 -1.8 15.0 1.0 0.0 0.0 0.0
1435292541.98
505.0 -1.8 15.0 1.0 0.0 0.0 0.0
1435292542.01
505.1 -1.9 15.0 1.0 0.0 0.0 0.0
1435292542.04
505.3 -1.9 15.0 1.0 0.0 0.0 0.0
1435292542.07
505.4 -2.0 15.0 1.0 0.0 0.0 0.0
1435292542.11
505.6 -2.0 15.0 1.0 0.0 0.0 0.0
1435292542.13
505.7 -2.1 15.0 1.0 0.0 0.0 0.0
1435292542.17
505.8 -2.1 15.0 1.0 0.0 0.0 0.0
1435292542.2
506.0 -2.2 15.0 1.0 0.0 0.0 0.0
1435292542.23
506.2 -2.3 15.0 1.0 0.0 0.0 0.0
1435292542.26
506.3 -2.3 15.0 1.0 0.0 0.0 0.0
1435292542.29
506.4 -2.4 15.0 1.0 0.0 0.0 0.0
1435292542.32
506.6 -2.4 15.0 1.0 0.0 0.0 0.0
1435292542.35
506.7 -2.5 15.0 1.0 0.0 0.0 0.0
1435292542.38
506.9 -2.5 15.0 1.0 0.0 0.0 0.0
1435292542.41
507.0 -2.6 15.0 1.0 0.0 0.0 0.0
1435292542.44
507.1 -2.6 15.0 1.0 0.0 0.0 0.0
1435292542.47
507.3 -2.7 15.0 1.0 0.0 0.0 0.0
1435292542.5
507.4 -2.7 15.0 1.0 0.0 0.0 0.0
1435292542.53
507.5 -2.8 15.0 1.0 0.0 0.0 0.0
1435292542.56
507.7 -2.8 15.0 1.0 0.0 0.0 0.0
1435292542.59
507.8 -2.9 15.0 1.0 0.0 0.0 0.0
1435292542.62
508.0 -2.9 15.0 1.0 0.0 0.0 0.0
1435292542.65
508.1 -3.0 15.0 1.0 0.0 0.0 0.0
1435292542.68
508.3 -3.0 15.0 1.0 0.0 0.0 0.0
1435292542.71
508.4 -3.1 15.0 1.0 0.0 0.0 0.0
1435292542.74
508.6 -3.1 15.0 1.0 0.0 0.0 0.0
1435292542.77
508.7 -3.2 15.0 1.0 0.0 0.0 0.0
1435292542.8
508.8 -3.2 15.0 1.0 0.0 0.0 0.0
1435292542.84
509.0 -3.3 15.0 1.0 0.0 0.0 0.0
1435292542.86
509.1 -3.3 15.0 1.0 0.0 0.0 0.0
1435292542.89
509.2 -3.4 15.0 1.0 0.0 0.0 0.0
1435292542.93
509.4 -3.4 15.0 1.0 0.0 0.0 0.0
1435292542.96
509.5 -3.5 15.0 1.0 0.0 0.0 0.0
1435292542.99
509.7 -3.5 15.0 1.0 0.0 0.0 0.0
1435292543.02
509.9 -3.6 15.0 1.0 0.0 0.0 0.0
1435292543.05
510.0 -3.7 15.0 1.0 0.0 0.0 0.0
1435292543.08
510.1 -3.7 15.0 1.0 0.0 0.0 0.0
1435292543.11
510.3 -3.8 15.0 1.0 0.0 0.0 0.0
1435292543.14
510.4 -3.8 15.0 1.0 0.0 0.0 0.0
1435292543.17
510.5 -3.9 15.0 1.0 0.0 0.0 0.0
1435292543.2
510.7 -3.9 15.0 1.0 0.0 0.0 0.0
1435292543.23
510.8 -4.0 15.0 1.0 0.0 0.0 0.0
1435292543.26
511.0 -4.0 15.0 1.0 0.0 0.0 0.0
1435292543.29
511.1 -4.1 15.0 1.0 0.0 0.0 0.0
1435292543.32
511.2 -4.1 15.0 1.0 0.0 0.0 0.0
1435292543.35
511.2 -4.1 15.0 1.0 0.0 0.0 0.0
1435292543.38
511.2 -4.1 15.0 1.0 0.0 0.0 0.0
1435292543.41
511.2 -4.1 15.0 1.0 0.0 0.0 0.0
1435292543.44
511.2 -4.1 15.0 1.0 0.0 0.0 0.0
1435292543.48
511.2 -4.1 15.0 1.0 0.0 0.0 0.0
1435292543.5
511.2 -4.1 15.0 1.0 0.0 0.0 0.0
1435292543.53
511.2 -4.1 15.0 1.0 0.0 0.0 0.0
1435292543.56
511.2 -4.1 15.0 1.0 0.0 0.0 0.0
1435292543.59
511.2 -4.1 15.0 1.0 0.0 0.0 0.0
1435292543.62
511.2 -4.1 15.0 1.0 0.0 0.0 0.0
1435292543.65
511.2 -4.1 15.0 1.0 0.0 0.0 0.0
1435292543.68
511.2 -4.1 15.0 1.0 0.0 0.0 0.0
1435292543.71
511.2 -4.1 15.0 1.0 0.0 0.0 0.0
1435292543.74
511.2 -4.1 15.0 1.0 0.0 0.0 0.0
1435292543.77
511.2 -4.1 15.0 1.0 0.0 0.0 0.0
1435292543.8
511.2 -4.1 15.0 1.0 0.0 0.0 0.0
1435292543.83
511.2 -4.1 15.0 1.0 0.0 0.0 0.0
1435292543.86
511.2 -4.1 15.0 1.0 0.0 0.0 0.0
1435292543.89
511.2 -4.1 15.0 1.0 0.0 0.0 0.0
1435292543.92
511.2 -4.1 15.0 1.0 0.0 0.0 0.0
1435292543.96
511.2 -4.1 15.0 1.0 0.0 0.0 0.0
1435292543.98
511.2 -4.1 15.0 1.0 0.0 0.0 0.0
1435292544.01
511.2 -4.1 15.0 1.0 0.0 0.0 0.0
1435292544.04
511.1 -4.1 15.0 1.0 0.0 0.0 0.0
1435292544.07
511.0 -4.1 15.0 1.0 0.0 0.0 0.0
1435292544.1
510.8 -4.0 15.0 1.0 0.0 0.0 0.0
1435292544.14
510.7 -4.0 15.0 1.0 0.0 0.0 0.0
1435292544.16
510.5 -3.9 15.0 1.0 0.0 0.0 0.0
1435292544.2
510.4 -3.9 15.0 1.0 0.0 0.0 0.0
1435292544.23
510.3 -3.8 15.0 1.0 0.0 0.0 0.0
1435292544.26
510.1 -3.8 15.0 1.0 0.0 0.0 0.0
1435292544.29
510.0 -3.7 15.0 1.0 0.0 0.0 0.0
1435292544.32
509.9 -3.7 15.0 1.0 0.0 0.0 0.0
1435292544.35
509.8 -3.6 15.0 1.0 0.0 0.0 0.0
1435292544.38
509.8 -3.5 15.0 1.0 0.0 0.0 0.0
1435292544.4
509.9 -3.4 15.0 1.0 0.0 0.0 0.0
1435292544.44
510.0 -3.3 15.0 1.0 0.0 0.0 0.0
1435292544.46
510.1 -3.1 15.0 1.0 0.0 0.0 0.0
1435292544.5
510.2 -3.0 15.0 1.0 0.0 0.0 0.0
1435292544.52
510.3 -2.9 15.0 1.0 0.0 0.0 0.0
1435292544.56
510.4 -2.8 15.0 1.0 0.0 0.0 0.0
1435292544.59
510.5 -2.7 15.0 1.0 0.0 0.0 0.0
1435292544.62
510.5 -2.6 15.0 1.0 0.0 0.0 0.0
1435292544.65
510.6 -2.4 15.0 1.0 0.0 0.0 0.0
1435292544.68
510.7 -2.3 15.0 1.0 0.0 0.0 0.0
1435292544.71
510.8 -2.2 15.0 1.0 0.0 0.0 0.0
1435292544.74
510.9 -2.1 15.0 1.0 0.0 0.0 0.0
1435292544.77
511.0 -2.0 15.0 1.0 0.0 0.0 0.0
1435292544.8
511.1 -1.8 15.0 1.0 0.0 0.0 0.0
1435292544.83
511.2 -1.7 15.0 1.0 0.0 0.0 0.0
1435292544.87
511.3 -1.6 15.0 1.0 0.0 0.0 0.0
1435292544.9
511.4 -1.5 15.0 1.0 0.0 0.0 0.0
1435292544.93
511.5 -1.4 15.0 1.0 0.0 0.0 0.0
1435292544.96
511.6 -1.3 15.0 1.0 0.0 0.0 0.0
1435292544.99
511.7 -1.1 15.0 1.0 0.0 0.0 0.0
1435292545.02
511.8 -1.0 15.0 1.0 0.0 0.0 0.0
1435292545.05
511.9 -0.9 15.0 1.0 0.0 0.0 0.0
1435292545.08
512.0 -0.8 15.0 1.0 0.0 0.0 0.0
1435292545.1
512.1 -0.6 15.0 1.0 0.0 0.0 0.0
1435292545.14
512.2 -0.5 15.0 1.0 0.0 0.0 0.0
1435292545.16
512.3 -0.4 15.0 1.0 0.0 0.0 0.0
1435292545.2
512.4 -0.3 15.0 1.0 0.0 0.0 0.0
1435292545.22
512.4 -0.2 15.0 1.0 0.0 0.0 0.0
1435292545.26
512.5 -0.1 15.0 1.0 0.0 0.0 0.0
1435292545.28
512.5 -0.1 15.0 1.0 0.0 0.0 0.0
1435292545.32
512.5 -0.1 15.0 1.0 0.0 0.0 0.0
1435292545.35
512.5 -0.1 15.0 1.0 0.0 0.0 0.0
1435292545.38
512.5 -0.1 15.0 1.0 0.0 0.0 0.0
1435292545.41
512.5 -0.1 15.0 1.0 0.0 0.0 0.0
1435292545.44
512.5 -0.1 15.0 1.0 0.0 0.0 0.0
1435292545.47
512.5 -0.1 15.0 1.0 0.0 0.0 0.0
1435292545.5
512.5 -0.1 15.0 1.0 0.0 0.0 0.0
1435292545.53
512.5 -0.1 15.0 1.0 0.0 0.0 0.0
1435292545.56
512.5 -0.1 15.0 1.0 0.0 0.0 0.0
1435292545.59
512.5 -0.1 15.0 1.0 0.0 0.0 0.0
1435292545.62
512.5 -0.1 15.0 1.0 0.0 0.0 0.0
1435292545.65
512.5 -0.1 15.0 1.0 0.0 0.0 0.0
1435292545.68
512.5 -0.1 15.0 1.0 0.0 0.0 0.0
1435292545.71
512.5 -0.1 15.0 1.0 0.0 0.0 0.0
1435292545.74
512.5 -0.1 15.0 1.0 0.0 0.0 0.0
1435292545.77
512.5 -0.1 15.0 1.0 0.0 0.0 0.0
1435292545.8
512.5 -0.1 15.0 1.0 0.0 0.0 0.0
1435292545.83
512.5 -0.1 15.0 1.0 0.0 0.0 0.0
1435292545.87
512.5 -0.1 15.0 1.0 0.0 0.0 0.0
1435292545.9
512.5 -0.1 15.0 1.0 0.0 0.0 0.0
1435292545.93
512.5 -0.1 15.0 1.0 0.0 0.0 0.0
1435292545.96
512.5 -0.1 15.0 1.0 0.0 0.0 0.0
1435292545.99
512.5 -0.2 15.0 1.0 0.0 0.0 0.0
1435292546.02
512.4 -0.3 15.0 1.0 0.0 0.0 0.0
1435292546.05
512.4 -0.4 15.0 1.0 0.0 0.0 0.0
1435292546.08
512.4 -0.5 15.0 1.0 0.0 0.0 0.0
1435292546.11
512.4 -0.6 15.0 1.0 0.0 0.0 0.0
1435292546.14
512.5 -0.7 15.0 1.0 0.0 0.0 0.0
1435292546.17
512.7 -0.8 15.0 1.0 0.0 0.0 0.0
1435292546.2
512.8 -0.9 15.0 1.0 0.0 0.0 0.0
1435292546.23
512.9 -1.0 15.0 1.0 0.0 0.0 0.0
1435292546.26
513.0 -1.1 15.0 1.0 0.0 0.0 0.0
1435292546.29
513.2 -1.1 15.0 1.0 0.0 0.0 0.0
1435292546.32
513.3 -1.2 15.0 1.0 0.0 0.0 0.0
1435292546.35
513.4 -1.3 15.0 1.0 0.0 0.0 0.0
1435292546.38
513.5 -1.4 15.0 1.0 0.0 0.0 0.0
1435292546.41
513.7 -1.4 15.0 1.0 0.0 0.0 0.0
1435292546.44
513.8 -1.5 15.0 1.0 0.0 0.0 0.0
1435292546.47
513.9 -1.6 15.0 1.0 0.0 0.0 0.0
1435292546.51
514.0 -1.7 15.0 1.0 0.0 0.0 0.0
1435292546.53
514.2 -1.8 15.0 1.0 0.0 0.0 0.0
1435292546.57
514.3 -1.9 15.0 1.0 0.0 0.0 0.0
1435292546.59
514.4 -1.9 15.0 1.0 0.0 0.0 0.0
1435292546.63
514.6 -2.0 15.0 1.0 0.0 0.0 0.0
1435292546.65
514.7 -2.1 15.0 1.0 0.0 0.0 0.0
1435292546.69
514.8 -2.2 15.0 1.0 0.0 0.0 0.0
1435292546.71
514.9 -2.3 15.0 1.0 0.0 0.0 0.0
1435292546.75
515.1 -2.3 15.0 1.0 0.0 0.0 0.0
1435292546.77
515.2 -2.4 15.0 1.0 0.0 0.0 0.0
1435292546.81
515.3 -2.5 15.0 1.0 0.0 0.0 0.0
1435292546.83
515.4 -2.6 15.0 1.0 0.0 0.0 0.0
1435292546.87
515.6 -2.6 15.0 1.0 0.0 0.0 0.0
1435292546.89
515.7 -2.7 15.0 1.0 0.0 0.0 0.0
1435292546.93
515.8 -2.8 15.0 1.0 0.0 0.0 0.0
1435292546.95
516.0 -2.9 15.0 1.0 0.0 0.0 0.0
1435292546.99
516.1 -3.0 15.0 1.0 0.0 0.0 0.0
1435292547.02
516.2 -3.1 15.0 1.0 0.0 0.0 0.0
1435292547.05
516.3 -3.1 15.0 1.0 0.0 0.0 0.0
1435292547.08
516.5 -3.2 15.0 1.0 0.0 0.0 0.0
1435292547.11
516.6 -3.3 15.0 1.0 0.0 0.0 0.0
1435292547.14
516.7 -3.4 15.0 1.0 0.0 0.0 0.0
1435292547.17
516.8 -3.5 15.0 1.0 0.0 0.0 0.0
1435292547.2
517.0 -3.5 15.0 1.0 0.0 0.0 0.0
1435292547.23
517.1 -3.6 15.0 1.0 0.0 0.0 0.0
1435292547.25
517.2 -3.7 15.0 1.0 0.0 0.0 0.0
1435292547.29
517.3 -3.8 15.0 1.0 0.0 0.0 0.0
1435292547.31
517.5 -3.9 15.0 1.0 0.0 0.0 0.0
1435292547.35
517.6 -3.9 15.0 1.0 0.0 0.0 0.0
1435292547.38
517.7 -4.0 15.0 1.0 0.0 0.0 0.0
1435292547.41
517.9 -4.1 15.0 1.0 0.0 0.0 0.0
1435292547.44
518.0 -4.2 15.0 1.0 0.0 0.0 0.0
1435292547.47
518.1 -4.2 15.0 1.0 0.0 0.0 0.0
1435292547.49
518.2 -4.3 15.0 1.0 0.0 0.0 0.0
1435292547.53
518.4 -4.4 15.0 1.0 0.0 0.0 0.0
1435292547.56
518.5 -4.5 15.0 1.0 0.0 0.0 0.0
1435292547.59
518.6 -4.6 15.0 1.0 0.0 0.0 0.0
1435292547.62
518.8 -4.7 15.0 1.0 0.0 0.0 0.0
1435292547.65
518.9 -4.7 15.0 1.0 0.0 0.0 0.0
1435292547.67
519.0 -4.8 15.0 1.0 0.0 0.0 0.0
1435292547.71
519.1 -4.9 15.0 1.0 0.0 0.0 0.0
1435292547.74
519.3 -5.0 15.0 1.0 0.0 0.0 0.0
1435292547.77
519.4 -5.1 15.0 1.0 0.0 0.0 0.0
1435292547.8
519.5 -5.1 15.0 1.0 0.0 0.0 0.0
1435292547.83
519.6 -5.2 15.0 1.0 0.0 0.0 0.0
1435292547.86
519.8 -5.3 15.0 1.0 0.0 0.0 0.0
1435292547.89
519.9 -5.4 15.0 1.0 0.0 0.0 0.0
1435292547.91
520.0 -5.4 15.0 1.0 0.0 0.0 0.0
1435292547.95
520.2 -5.5 15.0 1.0 0.0 0.0 0.0
1435292547.98
520.3 -5.6 15.0 1.0 0.0 0.0 0.0
1435292548.01
520.4 -5.7 15.0 1.0 0.0 0.0 0.0
1435292548.04
520.5 -5.8 15.0 1.0 0.0 0.0 0.0
1435292548.07
520.7 -5.8 15.0 1.0 0.0 0.0 0.0
1435292548.1
520.8 -5.9 15.0 1.0 0.0 0.0 0.0
1435292548.13
520.9 -6.0 15.0 1.0 0.0 0.0 0.0
1435292548.16
521.1 -6.1 15.0 1.0 0.0 0.0 0.0
1435292548.19
521.2 -6.2 15.0 1.0 0.0 0.0 0.0
1435292548.22
521.3 -6.3 15.0 1.0 0.0 0.0 0.0
1435292548.25
521.4 -6.3 15.0 1.0 0.0 0.0 0.0
1435292548.28
521.6 -6.4 15.0 1.0 0.0 0.0 0.0
1435292548.31
521.7 -6.5 15.0 1.0 0.0 0.0 0.0
1435292548.34
521.7 -6.5 15.0 1.0 0.0 0.0 0.0
1435292548.37
521.7 -6.5 15.0 1.0 0.0 0.0 0.0
1435292548.4
521.7 -6.5 15.0 1.0 0.0 0.0 0.0
1435292548.43
521.7 -6.5 15.0 1.0 0.0 0.0 0.0
1435292548.46
521.7 -6.5 15.0 1.0 0.0 0.0 0.0
1435292548.49
521.7 -6.5 15.0 1.0 0.0 0.0 0.0
1435292548.51
521.7 -6.5 15.0 1.0 0.0 0.0 0.0
1435292548.55
521.7 -6.5 15.0 1.0 0.0 0.0 0.0
1435292548.57
521.7 -6.5 15.0 1.0 0.0 0.0 0.0
1435292548.61
521.7 -6.5 15.0 1.0 0.0 0.0 0.0
1435292548.63
521.7 -6.5 15.0 1.0 0.0 0.0 0.0
1435292548.67
521.7 -6.5 15.0 1.0 0.0 0.0 0.0
1435292548.7
521.7 -6.5 15.0 1.0 0.0 0.0 0.0
1435292548.73
521.7 -6.5 15.0 1.0 0.0 0.0 0.0
1435292548.76
521.7 -6.5 15.0 1.0 0.0 0.0 0.0
1435292548.79
521.7 -6.5 15.0 1.0 0.0 0.0 0.0
1435292548.82
521.7 -6.5 15.0 1.0 0.0 0.0 0.0
1435292548.85
521.7 -6.5 15.0 1.0 0.0 0.0 0.0
1435292548.88
521.7 -6.5 15.0 1.0 0.0 0.0 0.0
1435292548.91
521.7 -6.5 15.0 1.0 0.0 0.0 0.0
1435292548.95
521.7 -6.5 15.0 1.0 0.0 0.0 0.0
1435292548.98
521.7 -6.5 15.0 1.0 0.0 0.0 0.0
1435292549.01
521.7 -6.5 15.0 1.0 0.0 0.0 0.0
1435292549.04
521.7 -6.5 15.0 1.0 0.0 0.0 0.0
1435292549.07
521.5 -6.4 15.0 1.0 0.0 0.0 0.0
1435292549.1
521.4 -6.3 15.0 1.0 0.0 0.0 0.0
1435292549.14
521.3 -6.3 15.0 1.0 0.0 0.0 0.0
1435292549.16
521.2 -6.1 15.0 1.0 0.0 0.0 0.0
1435292549.19
521.0 -6.0 15.0 1.0 0.0 0.0 0.0
1435292549.23
520.9 -5.9 15.0 1.0 0.0 0.0 0.0
1435292549.26
520.8 -5.8 15.0 1.0 0.0 0.0 0.0
1435292549.29
520.7 -5.7 15.0 1.0 0.0 0.0 0.0
1435292549.32
520.6 -5.6 15.0 1.0 0.0 0.0 0.0
1435292549.34
520.6 -5.5 15.0 1.0 0.0 0.0 0.0
1435292549.38
520.7 -5.4 15.0 1.0 0.0 0.0 0.0
1435292549.4
520.8 -5.3 15.0 1.0 0.0 0.0 0.0
1435292549.43
520.9 -5.2 15.0 1.0 0.0 0.0 0.0
1435292549.46
521.0 -5.1 15.0 1.0 0.0 0.0 0.0
1435292549.5
521.1 -5.0 15.0 1.0 0.0 0.0 0.0
1435292549.52
521.2 -4.9 15.0 1.0 0.0 0.0 0.0
1435292549.56
521.3 -4.8 15.0 1.0 0.0 0.0 0.0
1435292549.58
521.4 -4.7 15.0 1.0 0.0 0.0 0.0
1435292549.62
521.5 -4.6 15.0 1.0 0.0 0.0 0.0
1435292549.65
521.6 -4.4 15.0 1.0 0.0 0.0 0.0
1435292549.68
521.6 -4.3 15.0 1.0 0.0 0.0 0.0
1435292549.71
521.8 -4.2 15.0 1.0 0.0 0.0 0.0
1435292549.74
521.9 -4.1 15.0 1.0 0.0 0.0 0.0
1435292549.77
522.0 -4.0 15.0 1.0 0.0 0.0 0.0
1435292549.8
522.1 -3.9 15.0 1.0 0.0 0.0 0.0
1435292549.83
522.2 -3.8 15.0 1.0 0.0 0.0 0.0
1435292549.86
522.3 -3.7 15.0 1.0 0.0 0.0 0.0
1435292549.88
522.4 -3.6 15.0 1.0 0.0 0.0 0.0
1435292549.92
522.5 -3.4 15.0 1.0 0.0 0.0 0.0
1435292549.94
522.6 -3.3 15.0 1.0 0.0 0.0 0.0
1435292549.98
522.7 -3.2 15.0 1.0 0.0 0.0 0.0
1435292550.01
522.8 -3.1 15.0 1.0 0.0 0.0 0.0
1435292550.04
522.9 -3.0 15.0 1.0 0.0 0.0 0.0
1435292550.07
523.0 -2.9 15.0 1.0 0.0 0.0 0.0
1435292550.1
523.1 -2.8 15.0 1.0 0.0 0.0 0.0
1435292550.13
523.2 -2.7 15.0 1.0 0.0 0.0 0.0
1435292550.16
523.3 -2.6 15.0 1.0 0.0 0.0 0.0
1435292550.19
523.4 -2.4 15.0 1.0 0.0 0.0 0.0
1435292550.22
523.5 -2.3 15.0 1.0 0.0 0.0 0.0
1435292550.25
523.6 -2.2 15.0 1.0 0.0 0.0 0.0
1435292550.28
523.7 -2.1 15.0 1.0 0.0 0.0 0.0
1435292550.31
523.8 -2.0 15.0 1.0 0.0 0.0 0.0
1435292550.34
523.8 -2.0 15.0 1.0 0.0 0.0 0.0
1435292550.37
523.8 -2.0 15.0 1.0 0.0 0.0 0.0
1435292550.4
523.8 -2.0 15.0 1.0 0.0 0.0 0.0
1435292550.43
523.8 -2.0 15.0 1.0 0.0 0.0 0.0
1435292550.46
523.8 -2.0 15.0 1.0 0.0 0.0 0.0
1435292550.49
523.8 -2.0 15.0 1.0 0.0 0.0 0.0
1435292550.52
523.8 -2.0 15.0 1.0 0.0 0.0 0.0
1435292550.55
523.8 -2.0 15.0 1.0 0.0 0.0 0.0
1435292550.58
523.8 -2.0 15.0 1.0 0.0 0.0 0.0
1435292550.61
523.8 -2.0 15.0 1.0 0.0 0.0 0.0
1435292550.64
523.8 -2.0 15.0 1.0 0.0 0.0 0.0
1435292550.67
523.8 -2.0 15.0 1.0 0.0 0.0 0.0
1435292550.71
523.8 -2.0 15.0 1.0 0.0 0.0 0.0
1435292550.73
523.8 -2.0 15.0 1.0 0.0 0.0 0.0
1435292550.77
523.8 -2.0 15.0 1.0 0.0 0.0 0.0
1435292550.79
523.8 -2.0 15.0 1.0 0.0 0.0 0.0
1435292550.83
523.8 -2.0 15.0 1.0 0.0 0.0 0.0
1435292550.85
523.8 -2.0 15.0 1.0 0.0 0.0 0.0
1435292550.88
523.8 -2.0 15.0 1.0 0.0 0.0 0.0
1435292550.92
523.8 -2.0 15.0 1.0 0.0 0.0 0.0
1435292550.95
523.8 -2.0 15.0 1.0 0.0 0.0 0.0
1435292550.98
523.8 -2.0 15.0 1.0 0.0 0.0 0.0
1435292551.01
523.8 -2.0 15.0 1.0 0.0 0.0 0.0
1435292551.04
523.8 -2.1 15.0 1.0 0.0 0.0 0.0
1435292551.08
523.7 -2.2 15.0 1.0 0.0 0.0 0.0
1435292551.11
523.6 -2.3 15.0 1.0 0.0 0.0 0.0
1435292551.14
523.6 -2.4 15.0 1.0 0.0 0.0 0.0
1435292551.16
523.6 -2.5 15.0 1.0 0.0 0.0 0.0
1435292551.2
523.7 -2.6 15.0 1.0 0.0 0.0 0.0
1435292551.22
523.8 -2.6 15.0 1.0 0.0 0.0 0.0
1435292551.25
524.0 -2.6 15.0 1.0 0.0 0.0 0.0
1435292551.28
524.1 -2.6 15.0 1.0 0.0 0.0 0.0
1435292551.32
524.2 -2.6 15.0 1.0 0.0 0.0 0.0
1435292551.34
524.4 -2.6 15.0 1.0 0.0 0.0 0.0
1435292551.38
524.5 -2.6 15.0 1.0 0.0 0.0 0.0
1435292551.4
524.7 -2.6 15.0 1.0 0.0 0.0 0.0
1435292551.44
524.9 -2.6 15.0 1.0 0.0 0.0 0.0
1435292551.47
525.0 -2.6 15.0 1.0 0.0 0.0 0.0
1435292551.5
525.2 -2.6 15.0 1.0 0.0 0.0 0.0
1435292551.53
525.3 -2.6 15.0 1.0 0.0 0.0 0.0
1435292551.56
525.5 -2.6 15.0 1.0 0.0 0.0 0.0
1435292551.59
525.6 -2.6 15.0 1.0 0.0 0.0 0.0
1435292551.62
525.8 -2.6 15.0 1.0 0.0 0.0 0.0
1435292551.65
525.9 -2.6 15.0 1.0 0.0 0.0 0.0
1435292551.68
526.1 -2.6 15.0 1.0 0.0 0.0 0.0
1435292551.71
526.2 -2.6 15.0 1.0 0.0 0.0 0.0
1435292551.74
526.4 -2.6 15.0 1.0 0.0 0.0 0.0
1435292551.77
526.5 -2.6 15.0 1.0 0.0 0.0 0.0
1435292551.8
526.7 -2.6 15.0 1.0 0.0 0.0 0.0
1435292551.83
526.8 -2.6 15.0 1.0 0.0 0.0 0.0
1435292551.86
527.0 -2.6 15.0 1.0 0.0 0.0 0.0
1435292551.89
527.1 -2.7 15.0 1.0 0.0 0.0 0.0
1435292551.92
527.3 -2.7 15.0 1.0 0.0 0.0 0.0
1435292551.95
527.4 -2.7 15.0 1.0 0.0 0.0 0.0
1435292551.98
527.6 -2.7 15.0 1.0 0.0 0.0 0.0
1435292552.01
527.7 -2.7 15.0 1.0 0.0 0.0 0.0
1435292552.04
527.9 -2.7 15.0 1.0 0.0 0.0 0.0
1435292552.07
528.0 -2.7 15.0 1.0 0.0 0.0 0.0
1435292552.1
528.2 -2.7 15.0 1.0 0.0 0.0 0.0
1435292552.13
528.3 -2.7 15.0 1.0 0.0 0.0 0.0
1435292552.16
528.5 -2.7 15.0 1.0 0.0 0.0 0.0
1435292552.19
528.6 -2.7 15.0 1.0 0.0 0.0 0.0
1435292552.22
528.8 -2.7 15.0 1.0 0.0 0.0 0.0
1435292552.25
528.9 -2.7 15.0 1.0 0.0 0.0 0.0
1435292552.28
529.1 -2.7 15.0 1.0 0.0 0.0 0.0
1435292552.31
529.2 -2.7 15.0 1.0 0.0 0.0 0.0
1435292552.34
529.4 -2.7 15.0 1.0 0.0 0.0 0.0
1435292552.37
529.5 -2.7 15.0 1.0 0.0 0.0 0.0
1435292552.4
529.7 -2.7 15.0 1.0 0.0 0.0 0.0
1435292552.44
529.8 -2.7 15.0 1.0 0.0 0.0 0.0
1435292552.47
530.0 -2.7 15.0 1.0 0.0 0.0 0.0
1435292552.5
530.1 -2.7 15.0 1.0 0.0 0.0 0.0
1435292552.53
530.3 -2.7 15.0 1.0 0.0 0.0 0.0
1435292552.56
530.4 -2.7 15.0 1.0 0.0 0.0 0.0
1435292552.58
530.6 -2.7 15.0 1.0 0.0 0.0 0.0
1435292552.62
530.7 -2.7 15.0 1.0 0.0 0.0 0.0
1435292552.65
530.9 -2.7 15.0 1.0 0.0 0.0 0.0
1435292552.67
531.0 -2.7 15.0 1.0 0.0 0.0 0.0
1435292552.7
531.2 -2.7 15.0 1.0 0.0 0.0 0.0
1435292552.73
531.3 -2.7 15.0 1.0 0.0 0.0 0.0
1435292552.77
531.5 -2.7 15.0 1.0 0.0 0.0 0.0
1435292552.79
531.5 -2.7 15.0 1.0 0.0 0.0 0.0
1435292552.83
531.5 -2.7 15.0 1.0 0.0 0.0 0.0
1435292552.86
531.5 -2.7 15.0 1.0 0.0 0.0 0.0
1435292552.88
531.5 -2.7 15.0 1.0 0.0 0.0 0.0
1435292552.92
531.5 -2.7 15.0 1.0 0.0 0.0 0.0
1435292552.95
531.5 -2.7 15.0 1.0 0.0 0.0 0.0
1435292552.98
531.5 -2.7 15.0 1.0 0.0 0.0 0.0
1435292553.0
531.5 -2.7 15.0 1.0 0.0 0.0 0.0
1435292553.03
531.5 -2.7 15.0 1.0 0.0 0.0 0.0
1435292553.07
531.5 -2.7 15.0 1.0 0.0 0.0 0.0
1435292553.1
531.5 -2.7 15.0 1.0 0.0 0.0 0.0
1435292553.13
531.5 -2.7 15.0 1.0 0.0 0.0 0.0
1435292553.16
531.5 -2.7 15.0 1.0 0.0 0.0 0.0
1435292553.19
531.5 -2.7 15.0 1.0 0.0 0.0 0.0
1435292553.22
531.5 -2.7 15.0 1.0 0.0 0.0 0.0
1435292553.25
531.5 -2.7 15.0 1.0 0.0 0.0 0.0
1435292553.28
531.5 -2.7 15.0 1.0 0.0 0.0 0.0
1435292553.31
531.5 -2.7 15.0 1.0 0.0 0.0 0.0
1435292553.34
531.5 -2.7 15.0 1.0 0.0 0.0 0.0
1435292553.37
531.5 -2.7 15.0 1.0 0.0 0.0 0.0
1435292553.4
531.5 -2.7 15.0 1.0 0.0 0.0 0.0
1435292553.43
531.5 -2.7 15.0 1.0 0.0 0.0 0.0
1435292553.47
531.5 -2.7 15.0 1.0 0.0 0.0 0.0
1435292553.5
531.5 -2.7 15.0 1.0 0.0 0.0 0.0
1435292553.53
531.3 -2.7 15.0 1.0 0.0 0.0 0.0
1435292553.56
531.2 -2.7 15.0 1.0 0.0 0.0 0.0
1435292553.59
531.0 -2.7 15.0 1.0 0.0 0.0 0.0
1435292553.62
530.9 -2.7 15.0 1.0 0.0 0.0 0.0
1435292553.65
530.7 -2.7 15.0 1.0 0.0 0.0 0.0
1435292553.68
530.7 -2.6 15.0 1.0 0.0 0.0 0.0
1435292553.71
530.6 -2.6 15.0 1.0 0.0 0.0 0.0
1435292553.74
530.7 -2.6 15.0 1.0 0.0 0.0 0.0
1435292553.77
530.8 -2.5 15.0 1.0 0.0 0.0 0.0
1435292553.8
530.9 -2.4 15.0 1.0 0.0 0.0 0.0
1435292553.83
531.1 -2.3 15.0 1.0 0.0 0.0 0.0
1435292553.86
531.2 -2.3 15.0 1.0 0.0 0.0 0.0
1435292553.89
531.3 -2.2 15.0 1.0 0.0 0.0 0.0
1435292553.92
531.5 -2.1 15.0 1.0 0.0 0.0 0.0
1435292553.95
531.6 -2.0 15.0 1.0 0.0 0.0 0.0
1435292553.98
531.7 -2.0 15.0 1.0 0.0 0.0 0.0
1435292554.01
531.8 -1.9 15.0 1.0 0.0 0.0 0.0
1435292554.04
532.0 -1.8 15.0 1.0 0.0 0.0 0.0
1435292554.07
532.1 -1.7 15.0 1.0 0.0 0.0 0.0
1435292554.1
532.2 -1.7 15.0 1.0 0.0 0.0 0.0
1435292554.13
532.4 -1.6 15.0 1.0 0.0 0.0 0.0
1435292554.16
532.5 -1.5 15.0 1.0 0.0 0.0 0.0
1435292554.19
532.7 -1.5 15.0 1.0 0.0 0.0 0.0
1435292554.22
532.8 -1.4 15.0 1.0 0.0 0.0 0.0
1435292554.25
532.9 -1.3 15.0 1.0 0.0 0.0 0.0
1435292554.28
533.0 -1.3 15.0 1.0 0.0 0.0 0.0
1435292554.31
533.2 -1.2 15.0 1.0 0.0 0.0 0.0
1435292554.34
533.3 -1.1 15.0 1.0 0.0 0.0 0.0
1435292554.37
533.5 -1.0 15.0 1.0 0.0 0.0 0.0
1435292554.4
533.6 -1.0 15.0 1.0 0.0 0.0 0.0
1435292554.43
533.7 -0.9 15.0 1.0 0.0 0.0 0.0
1435292554.46
533.8 -0.8 15.0 1.0 0.0 0.0 0.0
1435292554.49
534.0 -0.7 15.0 1.0 0.0 0.0 0.0
1435292554.52
534.1 -0.7 15.0 1.0 0.0 0.0 0.0
1435292554.55
534.2 -0.6 15.0 1.0 0.0 0.0 0.0
1435292554.58
534.4 -0.5 15.0 1.0 0.0 0.0 0.0
1435292554.61
534.5 -0.4 15.0 1.0 0.0 0.0 0.0
1435292554.64
534.6 -0.4 15.0 1.0 0.0 0.0 0.0
1435292554.67
534.8 -0.3 15.0 1.0 0.0 0.0 0.0
1435292554.7
534.9 -0.2 15.0 1.0 0.0 0.0 0.0
1435292554.73
535.0 -0.2 15.0 1.0 0.0 0.0 0.0
1435292554.76
535.2 -0.1 15.0 1.0 0.0 0.0 0.0
1435292554.79
535.3 0.0 15.0 1.0 0.0 0.0 0.0
1435292554.82
535.4 0.0 15.0 1.0 0.0 0.0 0.0
1435292554.85
535.6 0.1 15.0 1.0 0.0 0.0 0.0
1435292554.88
535.7 0.2 15.0 1.0 0.0 0.0 0.0
1435292554.91
535.8 0.2 15.0 1.0 0.0 0.0 0.0
1435292554.94
536.0 0.3 15.0 1.0 0.0 0.0 0.0
1435292554.97
536.1 0.4 15.0 1.0 0.0 0.0 0.0
1435292555.0
536.2 0.4 15.0 1.0 0.0 0.0 0.0
1435292555.03
536.3 0.5 15.0 1.0 0.0 0.0 0.0
1435292555.07
536.3 0.5 15.0 1.0 0.0 0.0 0.0
1435292555.1
536.3 0.5 15.0 1.0 0.0 0.0 0.0
1435292555.13
536.3 0.5 15.0 1.0 0.0 0.0 0.0
1435292555.16
536.3 0.5 15.0 1.0 0.0 0.0 0.0
1435292555.19
536.3 0.5 15.0 1.0 0.0 0.0 0.0
1435292555.22
536.3 0.5 15.0 1.0 0.0 0.0 0.0
1435292555.25
536.3 0.5 15.0 1.0 0.0 0.0 0.0
1435292555.28
536.3 0.5 15.0 1.0 0.0 0.0 0.0
1435292555.31
536.3 0.5 15.0 1.0 0.0 0.0 0.0
1435292555.33
536.3 0.5 15.0 1.0 0.0 0.0 0.0
1435292555.37
536.3 0.5 15.0 1.0 0.0 0.0 0.0
1435292555.4
536.3 0.5 15.0 1.0 0.0 0.0 0.0
1435292555.43
536.3 0.5 15.0 1.0 0.0 0.0 0.0
1435292555.46
536.3 0.5 15.0 1.0 0.0 0.0 0.0
1435292555.49
536.3 0.5 15.0 1.0 0.0 0.0 0.0
1435292555.52
536.3 0.5 15.0 1.0 0.0 0.0 0.0
1435292555.55
536.3 0.5 15.0 1.0 0.0 0.0 0.0
1435292555.58
536.3 0.5 15.0 1.0 0.0 0.0 0.0
1435292555.61
536.3 0.5 15.0 1.0 0.0 0.0 0.0
1435292555.64
536.3 0.5 15.0 1.0 0.0 0.0 0.0
1435292555.67
536.3 0.5 15.0 1.0 0.0 0.0 0.0
1435292555.7
536.3 0.5 15.0 1.0 0.0 0.0 0.0
1435292555.73
536.3 0.5 15.0 1.0 0.0 0.0 0.0
1435292555.76
536.2 0.5 15.0 1.0 0.0 0.0 0.0
1435292555.79
536.1 0.4 15.0 1.0 0.0 0.0 0.0
1435292555.83
536.0 0.4 15.0 1.0 0.0 0.0 0.0
1435292555.86
535.9 0.3 15.0 1.0 0.0 0.0 0.0
1435292555.89
535.9 0.2 15.0 1.0 0.0 0.0 0.0
1435292555.91
535.9 0.2 15.0 1.0 0.0 0.0 0.0
1435292555.95
536.0 0.3 15.0 1.0 0.0 0.0 0.0
1435292555.98
536.1 0.3 15.0 1.0 0.0 0.0 0.0
1435292556.01
536.2 0.3 15.0 1.0 0.0 0.0 0.0
1435292556.03
536.4 0.4 15.0 1.0 0.0 0.0 0.0
1435292556.07
536.5 0.4 15.0 1.0 0.0 0.0 0.0
1435292556.1
536.6 0.5 15.0 1.0 0.0 0.0 0.0
1435292556.13
536.7 0.5 15.0 1.0 0.0 0.0 0.0
1435292556.16
536.9 0.6 15.0 1.0 0.0 0.0 0.0
1435292556.19
537.0 0.7 15.0 1.0 0.0 0.0 0.0
1435292556.22
537.2 0.8 15.0 1.0 0.0 0.0 0.0
1435292556.25
537.3 0.8 15.0 1.0 0.0 0.0 0.0
1435292556.28
537.5 0.9 15.0 1.0 0.0 0.0 0.0
1435292556.31
537.6 0.9 15.0 1.0 0.0 0.0 0.0
1435292556.34
537.7 1.0 15.0 1.0 0.0 0.0 0.0
1435292556.37
537.8 1.1 15.0 1.0 0.0 0.0 0.0
1435292556.4
538.0 1.1 15.0 1.0 0.0 0.0 0.0
1435292556.43
538.1 1.2 15.0 1.0 0.0 0.0 0.0
1435292556.46
538.3 1.3 15.0 1.0 0.0 0.0 0.0
1435292556.49
538.4 1.3 15.0 1.0 0.0 0.0 0.0
1435292556.52
538.5 1.4 15.0 1.0 0.0 0.0 0.0
1435292556.55
538.7 1.4 15.0 1.0 0.0 0.0 0.0
1435292556.58
538.8 1.5 15.0 1.0 0.0 0.0 0.0
1435292556.61
539.0 1.6 15.0 1.0 0.0 0.0 0.0
1435292556.64
539.1 1.6 15.0 1.0 0.0 0.0 0.0
1435292556.67
539.2 1.7 15.0 1.0 0.0 0.0 0.0
1435292556.7
539.4 1.8 15.0 1.0 0.0 0.0 0.0
1435292556.73
539.5 1.8 15.0 1.0 0.0 0.0 0.0
1435292556.76
539.7 1.9 15.0 1.0 0.0 0.0 0.0
1435292556.79
539.8 1.9 15.0 1.0 0.0 0.0 0.0
1435292556.82
539.9 2.0 15.0 1.0 0.0 0.0 0.0
1435292556.85
540.1 2.1 15.0 1.0 0.0 0.0 0.0
1435292556.88
540.2 2.1 15.0 1.0 0.0 0.0 0.0
1435292556.91
540.3 2.2 15.0 1.0 0.0 0.0 0.0
1435292556.94
540.5 2.3 15.0 1.0 0.0 0.0 0.0
1435292556.97
540.6 2.3 15.0 1.0 0.0 0.0 0.0
1435292557.0
540.8 2.4 15.0 1.0 0.0 0.0 0.0
1435292557.04
540.9 2.4 15.0 1.0 0.0 0.0 0.0
1435292557.06
541.0 2.5 15.0 1.0 0.0 0.0 0.0
1435292557.1
541.2 2.6 15.0 1.0 0.0 0.0 0.0
1435292557.12
541.3 2.6 15.0 1.0 0.0 0.0 0.0
1435292557.16
541.4 2.7 15.0 1.0 0.0 0.0 0.0
1435292557.18
541.6 2.7 15.0 1.0 0.0 0.0 0.0
1435292557.22
541.7 2.8 15.0 1.0 0.0 0.0 0.0
1435292557.25
541.9 2.9 15.0 1.0 0.0 0.0 0.0
1435292557.28
542.0 2.9 15.0 1.0 0.0 0.0 0.0
1435292557.31
542.2 3.0 15.0 1.0 0.0 0.0 0.0
1435292557.34
542.3 3.1 15.0 1.0 0.0 0.0 0.0
1435292557.37
542.4 3.1 15.0 1.0 0.0 0.0 0.0
1435292557.4
542.5 3.2 15.0 1.0 0.0 0.0 0.0
1435292557.43
542.7 3.2 15.0 1.0 0.0 0.0 0.0
1435292557.46
542.8 3.3 15.0 1.0 0.0 0.0 0.0
1435292557.49
543.0 3.4 15.0 1.0 0.0 0.0 0.0
1435292557.52
543.1 3.4 15.0 1.0 0.0 0.0 0.0
1435292557.55
543.3 3.5 15.0 1.0 0.0 0.0 0.0
1435292557.58
543.4 3.6 15.0 1.0 0.0 0.0 0.0
1435292557.61
543.5 3.6 15.0 1.0 0.0 0.0 0.0
1435292557.64
543.6 3.7 15.0 1.0 0.0 0.0 0.0
1435292557.67
543.8 3.7 15.0 1.0 0.0 0.0 0.0
1435292557.7
543.9 3.8 15.0 1.0 0.0 0.0 0.0
1435292557.73
544.1 3.9 15.0 1.0 0.0 0.0 0.0
1435292557.76
544.2 3.9 15.0 1.0 0.0 0.0 0.0
1435292557.79
544.3 4.0 15.0 1.0 0.0 0.0 0.0
1435292557.82
544.5 4.0 15.0 1.0 0.0 0.0 0.0
1435292557.85
544.6 4.1 15.0 1.0 0.0 0.0 0.0
1435292557.88
544.8 4.2 15.0 1.0 0.0 0.0 0.0
1435292557.91
544.9 4.2 15.0 1.0 0.0 0.0 0.0
1435292557.94
545.0 4.3 15.0 1.0 0.0 0.0 0.0
1435292557.97
545.2 4.4 15.0 1.0 0.0 0.0 0.0
1435292558.0
545.3 4.4 15.0 1.0 0.0 0.0 0.0
1435292558.03
545.4 4.5 15.0 1.0 0.0 0.0 0.0
1435292558.06
545.6 4.5 15.0 1.0 0.0 0.0 0.0
1435292558.09
545.7 4.6 15.0 1.0 0.0 0.0 0.0
1435292558.12
545.7 4.6 15.0 1.0 0.0 0.0 0.0
1435292558.15
545.7 4.6 15.0 1.0 0.0 0.0 0.0
1435292558.18
545.7 4.6 15.0 1.0 0.0 0.0 0.0
1435292558.21
545.7 4.6 15.0 1.0 0.0 0.0 0.0
1435292558.24
545.7 4.6 15.0 1.0 0.0 0.0 0.0
1435292558.27
545.7 4.6 15.0 1.0 0.0 0.0 0.0
1435292558.3
545.7 4.6 15.0 1.0 0.0 0.0 0.0
1435292558.33
545.7 4.6 15.0 1.0 0.0 0.0 0.0
1435292558.36
545.7 4.6 15.0 1.0 0.0 0.0 0.0
1435292558.39
545.7 4.6 15.0 1.0 0.0 0.0 0.0
1435292558.42
545.7 4.6 15.0 1.0 0.0 0.0 0.0
1435292558.45
545.7 4.6 15.0 1.0 0.0 0.0 0.0
1435292558.48
545.7 4.6 15.0 1.0 0.0 0.0 0.0
1435292558.51
545.7 4.6 15.0 1.0 0.0 0.0 0.0
1435292558.54
545.7 4.6 15.0 1.0 0.0 0.0 0.0
1435292558.57
545.7 4.6 15.0 1.0 0.0 0.0 0.0
1435292558.6
545.7 4.6 15.0 1.0 0.0 0.0 0.0
1435292558.63
545.7 4.6 15.0 1.0 0.0 0.0 0.0
1435292558.66
545.7 4.6 15.0 1.0 0.0 0.0 0.0
1435292558.7
545.7 4.6 15.0 1.0 0.0 0.0 0.0
1435292558.73
545.7 4.6 15.0 1.0 0.0 0.0 0.0
1435292558.75
545.7 4.6 15.0 1.0 0.0 0.0 0.0
1435292558.79
545.7 4.6 15.0 1.0 0.0 0.0 0.0
1435292558.81
545.6 4.6 15.0 1.0 0.0 0.0 0.0
1435292558.85
545.5 4.6 15.0 1.0 0.0 0.0 0.0
1435292558.87
545.3 4.5 15.0 1.0 0.0 0.0 0.0
1435292558.91
545.2 4.5 15.0 1.0 0.0 0.0 0.0
1435292558.94
545.1 4.4 15.0 1.0 0.0 0.0 0.0
1435292558.97
544.9 4.4 15.0 1.0 0.0 0.0 0.0
1435292558.99
544.8 4.3 15.0 1.0 0.0 0.0 0.0
1435292559.03
544.7 4.2 15.0 1.0 0.0 0.0 0.0
1435292559.05
544.6 4.2 15.0 1.0 0.0 0.0 0.0
1435292559.09
544.5 4.2 15.0 1.0 0.0 0.0 0.0
1435292559.11
544.6 4.2 15.0 1.0 0.0 0.0 0.0
1435292559.15
544.7 4.2 15.0 1.0 0.0 0.0 0.0
1435292559.17
544.8 4.3 15.0 1.0 0.0 0.0 0.0
1435292559.2
544.9 4.4 15.0 1.0 0.0 0.0 0.0
1435292559.23
545.0 4.5 15.0 1.0 0.0 0.0 0.0
1435292559.27
545.1 4.5 15.0 1.0 0.0 0.0 0.0
1435292559.29
545.2 4.7 15.0 1.0 0.0 0.0 0.0
1435292559.33
545.3 4.8 15.0 1.0 0.0 0.0 0.0
1435292559.36
545.5 4.9 15.0 1.0 0.0 0.0 0.0
1435292559.39
545.6 5.0 15.0 1.0 0.0 0.0 0.0
1435292559.42
545.7 5.1 15.0 1.0 0.0 0.0 0.0
1435292559.45
545.8 5.2 15.0 1.0 0.0 0.0 0.0
1435292559.48
545.9 5.2 15.0 1.0 0.0 0.0 0.0
1435292559.51
546.1 5.3 15.0 1.0 0.0 0.0 0.0
1435292559.54
546.2 5.4 15.0 1.0 0.0 0.0 0.0
1435292559.57
546.3 5.5 15.0 1.0 0.0 0.0 0.0
1435292559.6
546.4 5.6 15.0 1.0 0.0 0.0 0.0
1435292559.63
546.5 5.7 15.0 1.0 0.0 0.0 0.0
1435292559.66
546.7 5.8 15.0 1.0 0.0 0.0 0.0
1435292559.69
546.8 5.9 15.0 1.0 0.0 0.0 0.0
1435292559.72
546.9 6.0 15.0 1.0 0.0 0.0 0.0
1435292559.75
547.0 6.0 15.0 1.0 0.0 0.0 0.0
1435292559.78
547.2 6.1 15.0 1.0 0.0 0.0 0.0
1435292559.81
547.3 6.2 15.0 1.0 0.0 0.0 0.0
1435292559.84
547.4 6.3 15.0 1.0 0.0 0.0 0.0
1435292559.87
547.5 6.4 15.0 1.0 0.0 0.0 0.0
1435292559.9
547.7 6.5 15.0 1.0 0.0 0.0 0.0
1435292559.93
547.8 6.6 15.0 1.0 0.0 0.0 0.0
1435292559.96
547.9 6.7 15.0 1.0 0.0 0.0 0.0
1435292559.99
548.0 6.8 15.0 1.0 0.0 0.0 0.0
1435292560.02
548.2 6.9 15.0 1.0 0.0 0.0 0.0
1435292560.05
548.3 6.9 15.0 1.0 0.0 0.0 0.0
1435292560.08
548.4 7.0 15.0 1.0 0.0 0.0 0.0
1435292560.11
548.5 7.1 15.0 1.0 0.0 0.0 0.0
1435292560.14
548.6 7.2 15.0 1.0 0.0 0.0 0.0
1435292560.17
548.7 7.3 15.0 1.0 0.0 0.0 0.0
1435292560.2
548.9 7.4 15.0 1.0 0.0 0.0 0.0
1435292560.23
549.0 7.5 15.0 1.0 0.0 0.0 0.0
1435292560.26
549.1 7.6 15.0 1.0 0.0 0.0 0.0
1435292560.29
549.2 7.6 15.0 1.0 0.0 0.0 0.0
1435292560.32
549.3 7.7 15.0 1.0 0.0 0.0 0.0
1435292560.35
549.5 7.8 15.0 1.0 0.0 0.0 0.0
1435292560.38
549.6 7.9 15.0 1.0 0.0 0.0 0.0
1435292560.41
549.7 8.0 15.0 1.0 0.0 0.0 0.0
1435292560.44
549.8 8.1 15.0 1.0 0.0 0.0 0.0
1435292560.47
549.9 8.2 15.0 1.0 0.0 0.0 0.0
1435292560.5
550.1 8.3 15.0 1.0 0.0 0.0 0.0
1435292560.53
550.2 8.4 15.0 1.0 0.0 0.0 0.0
1435292560.56
550.3 8.5 15.0 1.0 0.0 0.0 0.0
1435292560.59
550.4 8.5 15.0 1.0 0.0 0.0 0.0
1435292560.62
550.5 8.6 15.0 1.0 0.0 0.0 0.0
1435292560.65
550.7 8.7 15.0 1.0 0.0 0.0 0.0
1435292560.68
550.8 8.8 15.0 1.0 0.0 0.0 0.0
1435292560.71
550.9 8.9 15.0 1.0 0.0 0.0 0.0
1435292560.74
551.0 9.0 15.0 1.0 0.0 0.0 0.0
1435292560.77
551.1 9.1 15.0 1.0 0.0 0.0 0.0
1435292560.8
551.3 9.2 15.0 1.0 0.0 0.0 0.0
1435292560.83
551.4 9.3 15.0 1.0 0.0 0.0 0.0
1435292560.86
551.5 9.4 15.0 1.0 0.0 0.0 0.0
1435292560.89
551.6 9.4 15.0 1.0 0.0 0.0 0.0
1435292560.92
551.8 9.5 15.0 1.0 0.0 0.0 0.0
1435292560.95
551.9 9.6 15.0 1.0 0.0 0.0 0.0
1435292560.98
552.0 9.7 15.0 1.0 0.0 0.0 0.0
1435292561.01
552.1 9.8 15.0 1.0 0.0 0.0 0.0
1435292561.04
552.2 9.9 15.0 1.0 0.0 0.0 0.0
1435292561.07
552.4 10.0 15.0 1.0 0.0 0.0 0.0
1435292561.1
552.5 10.1 15.0 1.0 0.0 0.0 0.0
1435292561.13
552.6 10.2 15.0 1.0 0.0 0.0 0.0
1435292561.16
552.7 10.2 15.0 1.0 0.0 0.0 0.0
1435292561.19
552.8 10.3 15.0 1.0 0.0 0.0 0.0
1435292561.22
553.0 10.4 15.0 1.0 0.0 0.0 0.0
1435292561.25
553.1 10.5 15.0 1.0 0.0 0.0 0.0
1435292561.28
553.2 10.6 15.0 1.0 0.0 0.0 0.0
1435292561.31
553.3 10.7 15.0 1.0 0.0 0.0 0.0
1435292561.34
553.5 10.8 15.0 1.0 0.0 0.0 0.0
1435292561.38
553.6 10.9 15.0 1.0 0.0 0.0 0.0
1435292561.4
553.7 11.0 15.0 1.0 0.0 0.0 0.0
1435292561.44
553.8 11.1 15.0 1.0 0.0 0.0 0.0
1435292561.47
554.0 11.2 15.0 1.0 0.0 0.0 0.0
1435292561.5
554.1 11.2 15.0 1.0 0.0 0.0 0.0
1435292561.53
554.2 11.3 15.0 1.0 0.0 0.0 0.0
1435292561.56
554.3 11.4 15.0 1.0 0.0 0.0 0.0
1435292561.58
554.4 11.5 15.0 1.0 0.0 0.0 0.0
1435292561.62
554.5 11.6 15.0 1.0 0.0 0.0 0.0
1435292561.65
554.7 11.7 15.0 1.0 0.0 0.0 0.0
1435292561.68
554.8 11.8 15.0 1.0 0.0 0.0 0.0
1435292561.71
554.9 11.9 15.0 1.0 0.0 0.0 0.0
1435292561.74
555.0 11.9 15.0 1.0 0.0 0.0 0.0
1435292561.76
555.2 12.0 15.0 1.0 0.0 0.0 0.0
1435292561.8
555.3 12.1 15.0 1.0 0.0 0.0 0.0
1435292561.82
555.4 12.2 15.0 1.0 0.0 0.0 0.0
1435292561.86
555.5 12.3 15.0 1.0 0.0 0.0 0.0
1435292561.89
555.6 12.4 15.0 1.0 0.0 0.0 0.0
1435292561.92
555.8 12.5 15.0 1.0 0.0 0.0 0.0
1435292561.95
555.9 12.6 15.0 1.0 0.0 0.0 0.0
1435292561.98
556.0 12.7 15.0 1.0 0.0 0.0 0.0
1435292562.0
556.1 12.8 15.0 1.0 0.0 0.0 0.0
1435292562.04
556.3 12.9 15.0 1.0 0.0 0.0 0.0
1435292562.07
556.4 12.9 15.0 1.0 0.0 0.0 0.0
1435292562.1
556.5 13.0 15.0 1.0 0.0 0.0 0.0
1435292562.13
556.6 13.1 15.0 1.0 0.0 0.0 0.0
1435292562.16
556.7 13.2 15.0 1.0 0.0 0.0 0.0
1435292562.19
556.9 13.3 15.0 1.0 0.0 0.0 0.0
1435292562.22
557.0 13.4 15.0 1.0 0.0 0.0 0.0
1435292562.25
557.0 13.4 15.0 1.0 0.0 0.0 0.0
1435292562.28
557.0 13.4 15.0 1.0 0.0 0.0 0.0
1435292562.31
557.0 13.4 15.0 1.0 0.0 0.0 0.0
1435292562.34
557.0 13.4 15.0 1.0 0.0 0.0 0.0
1435292562.37
557.0 13.4 15.0 1.0 0.0 0.0 0.0
1435292562.4
557.0 13.4 15.0 1.0 0.0 0.0 0.0
1435292562.43
557.0 13.4 15.0 1.0 0.0 0.0 0.0
1435292562.46
557.0 13.4 15.0 1.0 0.0 0.0 0.0
1435292562.49
557.0 13.4 15.0 1.0 0.0 0.0 0.0
1435292562.53
557.0 13.4 15.0 1.0 0.0 0.0 0.0
1435292562.55
557.0 13.4 15.0 1.0 0.0 0.0 0.0
1435292562.58
557.0 13.4 15.0 1.0 0.0 0.0 0.0
1435292562.61
557.0 13.4 15.0 1.0 0.0 0.0 0.0
1435292562.65
557.0 13.4 15.0 1.0 0.0 0.0 0.0
1435292562.68
557.0 13.4 15.0 1.0 0.0 0.0 0.0
1435292562.71
557.0 13.4 15.0 1.0 0.0 0.0 0.0
1435292562.74
557.0 13.4 15.0 1.0 0.0 0.0 0.0
1435292562.77
557.0 13.4 15.0 1.0 0.0 0.0 0.0
1435292562.79
557.0 13.4 15.0 1.0 0.0 0.0 0.0
1435292562.83
557.0 13.4 15.0 1.0 0.0 0.0 0.0
1435292562.86
557.0 13.4 15.0 1.0 0.0 0.0 0.0
1435292562.89
557.0 13.4 15.0 1.0 0.0 0.0 0.0
1435292562.92
557.0 13.4 15.0 1.0 0.0 0.0 0.0
1435292562.95
556.9 13.4 15.0 1.0 0.0 0.0 0.0
1435292562.99
556.8 13.3 15.0 1.0 0.0 0.0 0.0
1435292563.01
556.7 13.2 15.0 1.0 0.0 0.0 0.0
1435292563.05
556.6 13.1 15.0 1.0 0.0 0.0 0.0
1435292563.07
556.4 13.0 15.0 1.0 0.0 0.0 0.0
1435292563.11
556.3 12.9 15.0 1.0 0.0 0.0 0.0
1435292563.13
556.2 12.8 15.0 1.0 0.0 0.0 0.0
1435292563.17
556.1 12.7 15.0 1.0 0.0 0.0 0.0
1435292563.2
556.0 12.6 15.0 1.0 0.0 0.0 0.0
1435292563.23
555.9 12.5 15.0 1.0 0.0 0.0 0.0
1435292563.26
555.7 12.4 15.0 1.0 0.0 0.0 0.0
1435292563.29
555.6 12.3 15.0 1.0 0.0 0.0 0.0
1435292563.32
555.6 12.2 15.0 1.0 0.0 0.0 0.0
1435292563.35
555.6 12.0 15.0 1.0 0.0 0.0 0.0
1435292563.38
555.6 11.9 15.0 1.0 0.0 0.0 0.0
1435292563.41
555.7 11.8 15.0 1.0 0.0 0.0 0.0
1435292563.44
555.7 11.6 15.0 1.0 0.0 0.0 0.0
1435292563.47
555.8 11.5 15.0 1.0 0.0 0.0 0.0
1435292563.5
555.8 11.3 15.0 1.0 0.0 0.0 0.0
1435292563.53
555.8 11.2 15.0 1.0 0.0 0.0 0.0
1435292563.56
555.9 11.0 15.0 1.0 0.0 0.0 0.0
1435292563.59
555.9 10.9 15.0 1.0 0.0 0.0 0.0
1435292563.62
556.0 10.7 15.0 1.0 0.0 0.0 0.0
1435292563.65
556.0 10.6 15.0 1.0 0.0 0.0 0.0
1435292563.68
556.1 10.4 15.0 1.0 0.0 0.0 0.0
1435292563.71
556.1 10.3 15.0 1.0 0.0 0.0 0.0
1435292563.74
556.2 10.2 15.0 1.0 0.0 0.0 0.0
1435292563.77
556.2 10.0 15.0 1.0 0.0 0.0 0.0
1435292563.81
556.3 9.9 15.0 1.0 0.0 0.0 0.0
1435292563.84
556.3 9.7 15.0 1.0 0.0 0.0 0.0
1435292563.87
556.4 9.6 15.0 1.0 0.0 0.0 0.0
1435292563.9
556.4 9.4 15.0 1.0 0.0 0.0 0.0
1435292563.93
556.4 9.3 15.0 1.0 0.0 0.0 0.0
1435292563.96
556.5 9.1 15.0 1.0 0.0 0.0 0.0
1435292563.98
556.5 9.0 15.0 1.0 0.0 0.0 0.0
1435292564.02
556.6 8.8 15.0 1.0 0.0 0.0 0.0
1435292564.05
556.6 8.7 15.0 1.0 0.0 0.0 0.0
1435292564.08
556.7 8.6 15.0 1.0 0.0 0.0 0.0
1435292564.11
556.7 8.4 15.0 1.0 0.0 0.0 0.0
1435292564.14
556.8 8.3 15.0 1.0 0.0 0.0 0.0
1435292564.17
556.8 8.1 15.0 1.0 0.0 0.0 0.0
1435292564.2
556.9 8.0 15.0 1.0 0.0 0.0 0.0
1435292564.23
556.9 7.8 15.0 1.0 0.0 0.0 0.0
1435292564.26
557.0 7.7 15.0 1.0 0.0 0.0 0.0
1435292564.29
557.0 7.5 15.0 1.0 0.0 0.0 0.0
1435292564.32
557.1 7.4 15.0 1.0 0.0 0.0 0.0
1435292564.35
557.1 7.3 15.0 1.0 0.0 0.0 0.0
1435292564.38
557.2 7.1 15.0 1.0 0.0 0.0 0.0
1435292564.41
557.2 7.0 15.0 1.0 0.0 0.0 0.0
1435292564.44
557.2 6.9 15.0 1.0 0.0 0.0 0.0
1435292564.47
557.3 6.7 15.0 1.0 0.0 0.0 0.0
1435292564.5
557.3 6.6 15.0 1.0 0.0 0.0 0.0
1435292564.53
557.4 6.4 15.0 1.0 0.0 0.0 0.0
1435292564.56
557.4 6.3 15.0 1.0 0.0 0.0 0.0
1435292564.59
557.5 6.1 15.0 1.0 0.0 0.0 0.0
1435292564.62
557.5 6.0 15.0 1.0 0.0 0.0 0.0
1435292564.65
557.6 5.8 15.0 1.0 0.0 0.0 0.0
1435292564.68
557.6 5.7 15.0 1.0 0.0 0.0 0.0
1435292564.71
557.7 5.5 15.0 1.0 0.0 0.0 0.0
1435292564.74
557.7 5.4 15.0 1.0 0.0 0.0 0.0
1435292564.77
557.8 5.3 15.0 1.0 0.0 0.0 0.0
1435292564.8
557.8 5.1 15.0 1.0 0.0 0.0 0.0
1435292564.83
557.9 5.0 15.0 1.0 0.0 0.0 0.0
1435292564.86
557.9 4.8 15.0 1.0 0.0 0.0 0.0
1435292564.89
557.9 4.7 15.0 1.0 0.0 0.0 0.0
1435292564.92
558.0 4.5 15.0 1.0 0.0 0.0 0.0
1435292564.95
558.0 4.4 15.0 1.0 0.0 0.0 0.0
1435292564.98
558.1 4.3 15.0 1.0 0.0 0.0 0.0
1435292565.01
558.1 4.1 15.0 1.0 0.0 0.0 0.0
1435292565.04
558.2 4.0 15.0 1.0 0.0 0.0 0.0
1435292565.07
558.2 3.8 15.0 1.0 0.0 0.0 0.0
1435292565.1
558.3 3.7 15.0 1.0 0.0 0.0 0.0
1435292565.13
558.3 3.5 15.0 1.0 0.0 0.0 0.0
1435292565.16
558.4 3.4 15.0 1.0 0.0 0.0 0.0
1435292565.19
558.4 3.3 15.0 1.0 0.0 0.0 0.0
1435292565.22
558.4 3.3 15.0 1.0 0.0 0.0 0.0
1435292565.25
558.4 3.3 15.0 1.0 0.0 0.0 0.0
1435292565.28
558.4 3.3 15.0 1.0 0.0 0.0 0.0
1435292565.31
558.4 3.3 15.0 1.0 0.0 0.0 0.0
1435292565.34
558.4 3.3 15.0 1.0 0.0 0.0 0.0
1435292565.38
558.4 3.3 15.0 1.0 0.0 0.0 0.0
1435292565.41
558.4 3.3 15.0 1.0 0.0 0.0 0.0
1435292565.44
558.4 3.3 15.0 1.0 0.0 0.0 0.0
1435292565.47
558.4 3.3 15.0 1.0 0.0 0.0 0.0
1435292565.5
558.4 3.3 15.0 1.0 0.0 0.0 0.0
1435292565.53
558.4 3.3 15.0 1.0 0.0 0.0 0.0
1435292565.56
558.4 3.3 15.0 1.0 0.0 0.0 0.0
1435292565.59
558.4 3.3 15.0 1.0 0.0 0.0 0.0
1435292565.62
558.4 3.3 15.0 1.0 0.0 0.0 0.0
1435292565.65
558.4 3.3 15.0 1.0 0.0 0.0 0.0
1435292565.68
558.4 3.3 15.0 1.0 0.0 0.0 0.0
1435292565.71
558.4 3.3 15.0 1.0 0.0 0.0 0.0
1435292565.74
558.4 3.3 15.0 1.0 0.0 0.0 0.0
1435292565.78
558.4 3.3 15.0 1.0 0.0 0.0 0.0
1435292565.8
558.4 3.3 15.0 1.0 0.0 0.0 0.0
1435292565.84
558.4 3.3 15.0 1.0 0.0 0.0 0.0
1435292565.86
558.4 3.3 15.0 1.0 0.0 0.0 0.0
1435292565.9
558.4 3.4 15.0 1.0 0.0 0.0 0.0
1435292565.93
558.4 3.6 15.0 1.0 0.0 0.0 0.0
1435292565.96
558.3 3.7 15.0 1.0 0.0 0.0 0.0
1435292565.99
558.3 3.9 15.0 1.0 0.0 0.0 0.0
1435292566.02
558.3 4.0 15.0 1.0 0.0 0.0 0.0
1435292566.05
558.3 4.2 15.0 1.0 0.0 0.0 0.0
1435292566.08
558.2 4.3 15.0 1.0 0.0 0.0 0.0
1435292566.11
558.3 4.4 15.0 1.0 0.0 0.0 0.0
1435292566.14
558.3 4.5 15.0 1.0 0.0 0.0 0.0
1435292566.17
558.3 4.5 15.0 1.0 0.0 0.0 0.0
1435292566.2
558.4 4.4 15.0 1.0 0.0 0.0 0.0
1435292566.23
558.5 4.3 15.0 1.0 0.0 0.0 0.0
1435292566.26
558.6 4.2 15.0 1.0 0.0 0.0 0.0
1435292566.29
558.7 4.0 15.0 1.0 0.0 0.0 0.0
1435292566.32
558.7 3.9 15.0 1.0 0.0 0.0 0.0
1435292566.35
558.8 3.8 15.0 1.0 0.0 0.0 0.0
1435292566.38
558.9 3.6 15.0 1.0 0.0 0.0 0.0
1435292566.41
559.0 3.5 15.0 1.0 0.0 0.0 0.0
1435292566.44
559.1 3.4 15.0 1.0 0.0 0.0 0.0
1435292566.47
559.2 3.2 15.0 1.0 0.0 0.0 0.0
1435292566.5
559.2 3.1 15.0 1.0 0.0 0.0 0.0
1435292566.53
559.3 3.0 15.0 1.0 0.0 0.0 0.0
1435292566.56
559.4 2.9 15.0 1.0 0.0 0.0 0.0
1435292566.59
559.5 2.7 15.0 1.0 0.0 0.0 0.0
1435292566.62
559.6 2.6 15.0 1.0 0.0 0.0 0.0
1435292566.65
559.7 2.5 15.0 1.0 0.0 0.0 0.0
1435292566.68
559.8 2.4 15.0 1.0 0.0 0.0 0.0
1435292566.7
559.8 2.3 15.0 1.0 0.0 0.0 0.0
1435292566.74
559.9 2.1 15.0 1.0 0.0 0.0 0.0
1435292566.77
560.0 2.0 15.0 1.0 0.0 0.0 0.0
1435292566.8
560.1 1.9 15.0 1.0 0.0 0.0 0.0
1435292566.83
560.2 1.8 15.0 1.0 0.0 0.0 0.0
1435292566.86
560.3 1.7 15.0 1.0 0.0 0.0 0.0
1435292566.89
560.4 1.5 15.0 1.0 0.0 0.0 0.0
1435292566.92
560.4 1.4 15.0 1.0 0.0 0.0 0.0
1435292566.95
560.5 1.3 15.0 1.0 0.0 0.0 0.0
1435292566.98
560.6 1.2 15.0 1.0 0.0 0.0 0.0
1435292567.01
560.7 1.0 15.0 1.0 0.0 0.0 0.0
1435292567.04
560.8 0.9 15.0 1.0 0.0 0.0 0.0
1435292567.07
560.9 0.8 15.0 1.0 0.0 0.0 0.0
1435292567.1
561.0 0.7 15.0 1.0 0.0 0.0 0.0
1435292567.13
561.1 0.5 15.0 1.0 0.0 0.0 0.0
1435292567.16
561.2 0.4 15.0 1.0 0.0 0.0 0.0
1435292567.19
561.3 0.3 15.0 1.0 0.0 0.0 0.0
1435292567.22
561.3 0.2 15.0 1.0 0.0 0.0 0.0
1435292567.25
561.4 0.0 15.0 1.0 0.0 0.0 0.0
1435292567.28
561.5 -0.1 15.0 1.0 0.0 0.0 0.0
1435292567.31
561.6 -0.2 15.0 1.0 0.0 0.0 0.0
1435292567.34
561.7 -0.3 15.0 1.0 0.0 0.0 0.0
1435292567.37
561.8 -0.5 15.0 1.0 0.0 0.0 0.0
1435292567.4
561.9 -0.6 15.0 1.0 0.0 0.0 0.0
1435292567.43
562.0 -0.7 15.0 1.0 0.0 0.0 0.0
1435292567.47
562.0 -0.8 15.0 1.0 0.0 0.0 0.0
1435292567.49
562.1 -1.0 15.0 1.0 0.0 0.0 0.0
1435292567.52
562.2 -1.1 15.0 1.0 0.0 0.0 0.0
1435292567.55
562.3 -1.2 15.0 1.0 0.0 0.0 0.0
1435292567.59
562.4 -1.3 15.0 1.0 0.0 0.0 0.0
1435292567.62
562.5 -1.4 15.0 1.0 0.0 0.0 0.0
1435292567.65
562.6 -1.6 15.0 1.0 0.0 0.0 0.0
1435292567.67
562.7 -1.7 15.0 1.0 0.0 0.0 0.0
1435292567.71
562.7 -1.8 15.0 1.0 0.0 0.0 0.0
1435292567.74
562.8 -1.9 15.0 1.0 0.0 0.0 0.0
1435292567.77
562.9 -2.1 15.0 1.0 0.0 0.0 0.0
1435292567.8
563.0 -2.2 15.0 1.0 0.0 0.0 0.0
1435292567.83
563.1 -2.3 15.0 1.0 0.0 0.0 0.0
1435292567.86
563.2 -2.5 15.0 1.0 0.0 0.0 0.0
1435292567.89
563.3 -2.6 15.0 1.0 0.0 0.0 0.0
1435292567.92
563.4 -2.7 15.0 1.0 0.0 0.0 0.0
1435292567.95
563.5 -2.8 15.0 1.0 0.0 0.0 0.0
1435292567.98
563.5 -2.9 15.0 1.0 0.0 0.0 0.0
1435292568.01
563.6 -3.0 15.0 1.0 0.0 0.0 0.0
1435292568.04
563.7 -3.2 15.0 1.0 0.0 0.0 0.0
1435292568.07
563.8 -3.3 15.0 1.0 0.0 0.0 0.0
1435292568.1
563.9 -3.4 15.0 1.0 0.0 0.0 0.0
1435292568.13
564.0 -3.6 15.0 1.0 0.0 0.0 0.0
1435292568.16
564.1 -3.7 15.0 1.0 0.0 0.0 0.0
1435292568.19
564.1 -3.8 15.0 1.0 0.0 0.0 0.0
1435292568.22
564.2 -3.9 15.0 1.0 0.0 0.0 0.0
1435292568.25
564.3 -4.1 15.0 1.0 0.0 0.0 0.0
1435292568.28
564.4 -4.2 15.0 1.0 0.0 0.0 0.0
1435292568.31
564.5 -4.3 15.0 1.0 0.0 0.0 0.0
1435292568.34
564.6 -4.4 15.0 1.0 0.0 0.0 0.0
1435292568.37
564.7 -4.5 15.0 1.0 0.0 0.0 0.0
1435292568.4
564.8 -4.7 15.0 1.0 0.0 0.0 0.0
1435292568.43
564.8 -4.8 15.0 1.0 0.0 0.0 0.0
1435292568.46
564.9 -4.9 15.0 1.0 0.0 0.0 0.0
1435292568.5
565.0 -5.0 15.0 1.0 0.0 0.0 0.0
1435292568.52
565.1 -5.2 15.0 1.0 0.0 0.0 0.0
1435292568.56
565.2 -5.3 15.0 1.0 0.0 0.0 0.0
1435292568.58
565.2 -5.3 15.0 1.0 0.0 0.0 0.0
1435292568.62
565.2 -5.3 15.0 1.0 0.0 0.0 0.0
1435292568.64
565.2 -5.3 15.0 1.0 0.0 0.0 0.0
1435292568.68
565.2 -5.3 15.0 1.0 0.0 0.0 0.0
1435292568.71
565.2 -5.3 15.0 1.0 0.0 0.0 0.0
1435292568.74
565.2 -5.3 15.0 1.0 0.0 0.0 0.0
1435292568.77
565.2 -5.3 15.0 1.0 0.0 0.0 0.0
1435292568.8
565.2 -5.3 15.0 1.0 0.0 0.0 0.0
1435292568.83
565.2 -5.3 15.0 1.0 0.0 0.0 0.0
1435292568.86
565.2 -5.3 15.0 1.0 0.0 0.0 0.0
1435292568.89
565.2 -5.3 15.0 1.0 0.0 0.0 0.0
1435292568.92
565.2 -5.3 15.0 1.0 0.0 0.0 0.0
1435292568.95
565.2 -5.3 15.0 1.0 0.0 0.0 0.0
1435292568.98
565.2 -5.3 15.0 1.0 0.0 0.0 0.0
1435292569.01
565.2 -5.3 15.0 1.0 0.0 0.0 0.0
1435292569.04
565.2 -5.3 15.0 1.0 0.0 0.0 0.0
1435292569.07
565.2 -5.3 15.0 1.0 0.0 0.0 0.0
1435292569.1
565.2 -5.3 15.0 1.0 0.0 0.0 0.0
1435292569.13
565.2 -5.3 15.0 1.0 0.0 0.0 0.0
1435292569.16
565.2 -5.3 15.0 1.0 0.0 0.0 0.0
1435292569.2
565.2 -5.3 15.0 1.0 0.0 0.0 0.0
1435292569.23
565.2 -5.3 15.0 1.0 0.0 0.0 0.0
1435292569.26
565.2 -5.2 15.0 1.0 0.0 0.0 0.0
1435292569.29
565.1 -5.1 15.0 1.0 0.0 0.0 0.0
1435292569.32
565.0 -5.0 15.0 1.0 0.0 0.0 0.0
1435292569.35
564.9 -4.9 15.0 1.0 0.0 0.0 0.0
1435292569.38
564.8 -4.8 15.0 1.0 0.0 0.0 0.0
1435292569.41
564.7 -4.7 15.0 1.0 0.0 0.0 0.0
1435292569.44
564.6 -4.6 15.0 1.0 0.0 0.0 0.0
1435292569.47
564.5 -4.5 15.0 1.0 0.0 0.0 0.0
1435292569.5
564.4 -4.4 15.0 1.0 0.0 0.0 0.0
1435292569.53
564.4 -4.2 15.0 1.0 0.0 0.0 0.0
1435292569.56
564.5 -4.2 15.0 1.0 0.0 0.0 0.0
1435292569.59
564.6 -4.1 15.0 1.0 0.0 0.0 0.0
1435292569.62
564.7 -4.0 15.0 1.0 0.0 0.0 0.0
1435292569.65
564.9 -4.0 15.0 1.0 0.0 0.0 0.0
1435292569.68
565.0 -3.9 15.0 1.0 0.0 0.0 0.0
1435292569.71
565.1 -3.9 15.0 1.0 0.0 0.0 0.0
1435292569.74
565.3 -3.8 15.0 1.0 0.0 0.0 0.0
1435292569.77
565.4 -3.8 15.0 1.0 0.0 0.0 0.0
1435292569.8
565.5 -3.7 15.0 1.0 0.0 0.0 0.0
1435292569.83
565.7 -3.7 15.0 1.0 0.0 0.0 0.0
1435292569.86
565.8 -3.6 15.0 1.0 0.0 0.0 0.0
1435292569.89
566.0 -3.6 15.0 1.0 0.0 0.0 0.0
1435292569.92
566.1 -3.5 15.0 1.0 0.0 0.0 0.0
1435292569.95
566.2 -3.5 15.0 1.0 0.0 0.0 0.0
1435292569.98
566.4 -3.4 15.0 1.0 0.0 0.0 0.0
1435292570.01
566.5 -3.4 15.0 1.0 0.0 0.0 0.0
1435292570.04
566.6 -3.3 15.0 1.0 0.0 0.0 0.0
1435292570.07
566.8 -3.2 15.0 1.0 0.0 0.0 0.0
1435292570.1
566.9 -3.2 15.0 1.0 0.0 0.0 0.0
1435292570.13
567.1 -3.1 15.0 1.0 0.0 0.0 0.0
1435292570.16
567.2 -3.1 15.0 1.0 0.0 0.0 0.0
1435292570.19
567.4 -3.0 15.0 1.0 0.0 0.0 0.0
1435292570.22
567.5 -3.0 15.0 1.0 0.0 0.0 0.0
1435292570.25
567.6 -2.9 15.0 1.0 0.0 0.0 0.0
1435292570.28
567.8 -2.9 15.0 1.0 0.0 0.0 0.0
1435292570.31
567.9 -2.8 15.0 1.0 0.0 0.0 0.0
1435292570.34
568.1 -2.8 15.0 1.0 0.0 0.0 0.0
1435292570.37
568.2 -2.7 15.0 1.0 0.0 0.0 0.0
1435292570.4
568.3 -2.7 15.0 1.0 0.0 0.0 0.0
1435292570.43
568.5 -2.6 15.0 1.0 0.0 0.0 0.0
1435292570.46
568.6 -2.6 15.0 1.0 0.0 0.0 0.0
1435292570.49
568.8 -2.5 15.0 1.0 0.0 0.0 0.0
1435292570.52
568.9 -2.5 15.0 1.0 0.0 0.0 0.0
1435292570.55
569.1 -2.4 15.0 1.0 0.0 0.0 0.0
1435292570.59
569.2 -2.4 15.0 1.0 0.0 0.0 0.0
1435292570.61
569.4 -2.3 15.0 1.0 0.0 0.0 0.0
1435292570.65
569.5 -2.2 15.0 1.0 0.0 0.0 0.0
1435292570.67
569.6 -2.2 15.0 1.0 0.0 0.0 0.0
1435292570.71
569.8 -2.1 15.0 1.0 0.0 0.0 0.0
1435292570.73
569.9 -2.1 15.0 1.0 0.0 0.0 0.0
1435292570.77
570.1 -2.0 15.0 1.0 0.0 0.0 0.0
1435292570.8
570.2 -2.0 15.0 1.0 0.0 0.0 0.0
1435292570.83
570.3 -1.9 15.0 1.0 0.0 0.0 0.0
1435292570.86
570.5 -1.9 15.0 1.0 0.0 0.0 0.0
1435292570.89
570.6 -1.8 15.0 1.0 0.0 0.0 0.0
1435292570.92
570.8 -1.8 15.0 1.0 0.0 0.0 0.0
1435292570.95
570.9 -1.7 15.0 1.0 0.0 0.0 0.0
1435292570.97
571.0 -1.7 15.0 1.0 0.0 0.0 0.0
1435292571.01
571.2 -1.6 15.0 1.0 0.0 0.0 0.0
1435292571.04
571.3 -1.6 15.0 1.0 0.0 0.0 0.0
1435292571.07
571.5 -1.5 15.0 1.0 0.0 0.0 0.0
1435292571.1
571.6 -1.4 15.0 1.0 0.0 0.0 0.0
1435292571.13
571.7 -1.4 15.0 1.0 0.0 0.0 0.0
1435292571.16
571.9 -1.4 15.0 1.0 0.0 0.0 0.0
1435292571.19
572.0 -1.3 15.0 1.0 0.0 0.0 0.0
1435292571.22
572.1 -1.2 15.0 1.0 0.0 0.0 0.0
1435292571.25
572.3 -1.2 15.0 1.0 0.0 0.0 0.0
1435292571.28
572.5 -1.1 15.0 1.0 0.0 0.0 0.0
1435292571.31
572.6 -1.1 15.0 1.0 0.0 0.0 0.0
1435292571.34
572.7 -1.0 15.0 1.0 0.0 0.0 0.0
1435292571.37
572.9 -1.0 15.0 1.0 0.0 0.0 0.0
1435292571.4
573.0 -0.9 15.0 1.0 0.0 0.0 0.0
1435292571.43
573.2 -0.8 15.0 1.0 0.0 0.0 0.0
1435292571.46
573.3 -0.8 15.0 1.0 0.0 0.0 0.0
1435292571.49
573.4 -0.7 15.0 1.0 0.0 0.0 0.0
1435292571.52
573.6 -0.7 15.0 1.0 0.0 0.0 0.0
1435292571.55
573.7 -0.6 15.0 1.0 0.0 0.0 0.0
1435292571.58
573.9 -0.6 15.0 1.0 0.0 0.0 0.0
1435292571.61
574.0 -0.5 15.0 1.0 0.0 0.0 0.0
1435292571.64
574.1 -0.5 15.0 1.0 0.0 0.0 0.0
1435292571.67
574.1 -0.5 15.0 1.0 0.0 0.0 0.0
1435292571.7
574.1 -0.5 15.0 1.0 0.0 0.0 0.0
1435292571.73
574.1 -0.5 15.0 1.0 0.0 0.0 0.0
1435292571.76
574.1 -0.5 15.0 1.0 0.0 0.0 0.0
1435292571.79
574.1 -0.5 15.0 1.0 0.0 0.0 0.0
1435292571.82
574.1 -0.5 15.0 1.0 0.0 0.0 0.0
1435292571.85
574.1 -0.5 15.0 1.0 0.0 0.0 0.0
1435292571.89
574.1 -0.5 15.0 1.0 0.0 0.0 0.0
1435292571.91
574.1 -0.5 15.0 1.0 0.0 0.0 0.0
1435292571.95
574.1 -0.5 15.0 1.0 0.0 0.0 0.0
1435292571.98
574.1 -0.5 15.0 1.0 0.0 0.0 0.0
1435292572.01
574.1 -0.5 15.0 1.0 0.0 0.0 0.0
1435292572.03
574.1 -0.5 15.0 1.0 0.0 0.0 0.0
1435292572.07
574.1 -0.5 15.0 1.0 0.0 0.0 0.0
1435292572.09
574.1 -0.5 15.0 1.0 0.0 0.0 0.0
1435292572.13
574.1 -0.5 15.0 1.0 0.0 0.0 0.0
1435292572.15
574.1 -0.5 15.0 1.0 0.0 0.0 0.0
1435292572.19
574.1 -0.5 15.0 1.0 0.0 0.0 0.0
1435292572.21
574.1 -0.5 15.0 1.0 0.0 0.0 0.0
1435292572.25
574.1 -0.5 15.0 1.0 0.0 0.0 0.0
1435292572.28
574.1 -0.5 15.0 1.0 0.0 0.0 0.0
1435292572.32
574.1 -0.5 15.0 1.0 0.0 0.0 0.0
1435292572.35
574.1 -0.5 15.0 1.0 0.0 0.0 0.0
1435292572.38
574.0 -0.6 15.0 1.0 0.0 0.0 0.0
1435292572.41
573.8 -0.6 15.0 1.0 0.0 0.0 0.0
1435292572.44
573.7 -0.7 15.0 1.0 0.0 0.0 0.0
1435292572.47
573.6 -0.7 15.0 1.0 0.0 0.0 0.0
1435292572.5
573.4 -0.8 15.0 1.0 0.0 0.0 0.0
1435292572.53
573.3 -0.9 15.0 1.0 0.0 0.0 0.0
1435292572.56
573.2 -1.0 15.0 1.0 0.0 0.0 0.0
1435292572.59
573.1 -1.0 15.0 1.0 0.0 0.0 0.0
1435292572.62
573.0 -1.0 15.0 1.0 0.0 0.0 0.0
1435292572.65
573.1 -1.0 15.0 1.0 0.0 0.0 0.0
1435292572.68
573.1 -1.0 15.0 1.0 0.0 0.0 0.0
1435292572.71
573.3 -0.9 15.0 1.0 0.0 0.0 0.0
1435292572.74
573.4 -0.9 15.0 1.0 0.0 0.0 0.0
1435292572.77
573.5 -0.8 15.0 1.0 0.0 0.0 0.0
1435292572.8
573.6 -0.8 15.0 1.0 0.0 0.0 0.0
1435292572.83
573.8 -0.7 15.0 1.0 0.0 0.0 0.0
1435292572.86
573.9 -0.6 15.0 1.0 0.0 0.0 0.0
1435292572.89
574.0 -0.6 15.0 1.0 0.0 0.0 0.0
1435292572.92
574.2 -0.5 15.0 1.0 0.0 0.0 0.0
1435292572.95
574.3 -0.4 15.0 1.0 0.0 0.0 0.0
1435292572.98
574.4 -0.3 15.0 1.0 0.0 0.0 0.0
1435292573.01
574.6 -0.3 15.0 1.0 0.0 0.0 0.0
1435292573.04
574.7 -0.2 15.0 1.0 0.0 0.0 0.0
1435292573.07
574.9 -0.1 15.0 1.0 0.0 0.0 0.0
1435292573.1
575.0 -0.1 15.0 1.0 0.0 0.0 0.0
1435292573.13
575.1 0.0 15.0 1.0 0.0 0.0 0.0
1435292573.16
575.3 0.1 15.0 1.0 0.0 0.0 0.0
1435292573.19
575.4 0.1 15.0 1.0 0.0 0.0 0.0
1435292573.22
575.5 0.2 15.0 1.0 0.0 0.0 0.0
1435292573.25
575.7 0.3 15.0 1.0 0.0 0.0 0.0
1435292573.28
575.8 0.3 15.0 1.0 0.0 0.0 0.0
1435292573.31
575.9 0.4 15.0 1.0 0.0 0.0 0.0
1435292573.34
576.1 0.5 15.0 1.0 0.0 0.0 0.0
1435292573.37
576.2 0.5 15.0 1.0 0.0 0.0 0.0
1435292573.4
576.3 0.6 15.0 1.0 0.0 0.0 0.0
1435292573.43
576.5 0.7 15.0 1.0 0.0 0.0 0.0
1435292573.46
576.6 0.7 15.0 1.0 0.0 0.0 0.0
1435292573.49
576.7 0.8 15.0 1.0 0.0 0.0 0.0
1435292573.52
576.9 0.9 15.0 1.0 0.0 0.0 0.0
1435292573.55
577.0 1.0 15.0 1.0 0.0 0.0 0.0
1435292573.58
577.1 1.0 15.0 1.0 0.0 0.0 0.0
1435292573.61
577.3 1.1 15.0 1.0 0.0 0.0 0.0
1435292573.64
577.4 1.2 15.0 1.0 0.0 0.0 0.0
1435292573.67
577.6 1.2 15.0 1.0 0.0 0.0 0.0
1435292573.7
577.7 1.3 15.0 1.0 0.0 0.0 0.0
1435292573.73
577.8 1.4 15.0 1.0 0.0 0.0 0.0
1435292573.77
578.0 1.4 15.0 1.0 0.0 0.0 0.0
1435292573.79
578.1 1.5 15.0 1.0 0.0 0.0 0.0
1435292573.83
578.2 1.6 15.0 1.0 0.0 0.0 0.0
1435292573.86
578.4 1.6 15.0 1.0 0.0 0.0 0.0
1435292573.89
578.5 1.7 15.0 1.0 0.0 0.0 0.0
1435292573.92
578.6 1.8 15.0 1.0 0.0 0.0 0.0
1435292573.95
578.8 1.8 15.0 1.0 0.0 0.0 0.0
1435292573.97
578.9 1.9 15.0 1.0 0.0 0.0 0.0
1435292574.01
579.0 2.0 15.0 1.0 0.0 0.0 0.0
1435292574.04
579.2 2.0 15.0 1.0 0.0 0.0 0.0
1435292574.07
579.3 2.1 15.0 1.0 0.0 0.0 0.0
1435292574.1
579.4 2.2 15.0 1.0 0.0 0.0 0.0
1435292574.13
579.6 2.2 15.0 1.0 0.0 0.0 0.0
1435292574.16
579.7 2.3 15.0 1.0 0.0 0.0 0.0
1435292574.19
579.8 2.4 15.0 1.0 0.0 0.0 0.0
1435292574.22
580.0 2.5 15.0 1.0 0.0 0.0 0.0
1435292574.25
580.1 2.5 15.0 1.0 0.0 0.0 0.0
1435292574.28
580.2 2.6 15.0 1.0 0.0 0.0 0.0
1435292574.31
580.4 2.6 15.0 1.0 0.0 0.0 0.0
1435292574.34
580.5 2.7 15.0 1.0 0.0 0.0 0.0
1435292574.37
580.6 2.8 15.0 1.0 0.0 0.0 0.0
1435292574.4
580.8 2.8 15.0 1.0 0.0 0.0 0.0
1435292574.43
580.9 2.9 15.0 1.0 0.0 0.0 0.0
1435292574.46
581.1 3.0 15.0 1.0 0.0 0.0 0.0
1435292574.49
581.2 3.0 15.0 1.0 0.0 0.0 0.0
1435292574.52
581.3 3.1 15.0 1.0 0.0 0.0 0.0
1435292574.55
581.5 3.2 15.0 1.0 0.0 0.0 0.0
1435292574.58
581.6 3.2 15.0 1.0 0.0 0.0 0.0
1435292574.61
581.7 3.3 15.0 1.0 0.0 0.0 0.0
1435292574.64
581.9 3.4 15.0 1.0 0.0 0.0 0.0
1435292574.67
582.0 3.4 15.0 1.0 0.0 0.0 0.0
1435292574.7
582.1 3.5 15.0 1.0 0.0 0.0 0.0
1435292574.73
582.3 3.6 15.0 1.0 0.0 0.0 0.0
1435292574.76
582.4 3.7 15.0 1.0 0.0 0.0 0.0
1435292574.79
582.5 3.7 15.0 1.0 0.0 0.0 0.0
1435292574.82
582.7 3.8 15.0 1.0 0.0 0.0 0.0
1435292574.85
582.8 3.9 15.0 1.0 0.0 0.0 0.0
1435292574.88
583.0 3.9 15.0 1.0 0.0 0.0 0.0
1435292574.91
583.1 4.0 15.0 1.0 0.0 0.0 0.0
1435292574.94
583.2 4.1 15.0 1.0 0.0 0.0 0.0
1435292574.97
583.4 4.1 15.0 1.0 0.0 0.0 0.0
1435292575.0
583.5 4.2 15.0 1.0 0.0 0.0 0.0
1435292575.03
583.6 4.3 15.0 1.0 0.0 0.0 0.0
1435292575.06
583.8 4.3 15.0 1.0 0.0 0.0 0.0
1435292575.09
583.9 4.4 15.0 1.0 0.0 0.0 0.0
1435292575.12
584.1 4.5 15.0 1.0 0.0 0.0 0.0
1435292575.16
584.2 4.5 15.0 1.0 0.0 0.0 0.0
1435292575.18
584.3 4.6 15.0 1.0 0.0 0.0 0.0
1435292575.22
584.4 4.7 15.0 1.0 0.0 0.0 0.0
1435292575.25
584.6 4.7 15.0 1.0 0.0 0.0 0.0
1435292575.28
584.7 4.8 15.0 1.0 0.0 0.0 0.0
1435292575.3
584.9 4.9 15.0 1.0 0.0 0.0 0.0
1435292575.34
585.0 4.9 15.0 1.0 0.0 0.0 0.0
1435292575.36
585.1 5.0 15.0 1.0 0.0 0.0 0.0
1435292575.4
585.3 5.1 15.0 1.0 0.0 0.0 0.0
1435292575.43
585.4 5.1 15.0 1.0 0.0 0.0 0.0
1435292575.46
585.5 5.2 15.0 1.0 0.0 0.0 0.0
1435292575.49
585.7 5.3 15.0 1.0 0.0 0.0 0.0
1435292575.52
585.7 5.3 15.0 1.0 0.0 0.0 0.0
1435292575.55
585.7 5.3 15.0 1.0 0.0 0.0 0.0
1435292575.58
585.7 5.3 15.0 1.0 0.0 0.0 0.0
1435292575.61
585.7 5.3 15.0 1.0 0.0 0.0 0.0
1435292575.64
585.7 5.3 15.0 1.0 0.0 0.0 0.0
1435292575.67
585.7 5.3 15.0 1.0 0.0 0.0 0.0
1435292575.7
585.7 5.3 15.0 1.0 0.0 0.0 0.0
1435292575.73
585.7 5.3 15.0 1.0 0.0 0.0 0.0
1435292575.76
585.7 5.3 15.0 1.0 0.0 0.0 0.0
1435292575.79
585.7 5.3 15.0 1.0 0.0 0.0 0.0
1435292575.82
585.7 5.3 15.0 1.0 0.0 0.0 0.0
1435292575.85
585.7 5.3 15.0 1.0 0.0 0.0 0.0
1435292575.88
585.7 5.3 15.0 1.0 0.0 0.0 0.0
1435292575.92
585.7 5.3 15.0 1.0 0.0 0.0 0.0
1435292575.95
585.7 5.3 15.0 1.0 0.0 0.0 0.0
1435292575.97
585.7 5.3 15.0 1.0 0.0 0.0 0.0
1435292576.01
585.7 5.3 15.0 1.0 0.0 0.0 0.0
1435292576.03
585.7 5.3 15.0 1.0 0.0 0.0 0.0
1435292576.07
585.7 5.3 15.0 1.0 0.0 0.0 0.0
1435292576.09
585.7 5.3 15.0 1.0 0.0 0.0 0.0
1435292576.12
585.7 5.3 15.0 1.0 0.0 0.0 0.0
1435292576.15
585.7 5.3 15.0 1.0 0.0 0.0 0.0
1435292576.18
585.7 5.3 15.0 1.0 0.0 0.0 0.0
1435292576.21
585.7 5.3 15.0 1.0 0.0 0.0 0.0
1435292576.24
585.6 5.3 15.0 1.0 0.0 0.0 0.0
1435292576.28
585.5 5.2 15.0 1.0 0.0 0.0 0.0
1435292576.3
585.4 5.2 15.0 1.0 0.0 0.0 0.0
1435292576.34
585.3 5.1 15.0 1.0 0.0 0.0 0.0
1435292576.37
585.1 5.0 15.0 1.0 0.0 0.0 0.0
1435292576.4
585.0 5.0 15.0 1.0 0.0 0.0 0.0
1435292576.43
584.8 4.9 15.0 1.0 0.0 0.0 0.0
1435292576.46
584.7 4.8 15.0 1.0 0.0 0.0 0.0
1435292576.49
584.6 4.7 15.0 1.0 0.0 0.0 0.0
1435292576.52
584.4 4.6 15.0 1.0 0.0 0.0 0.0
1435292576.55
584.4 4.6 15.0 1.0 0.0 0.0 0.0
1435292576.58
584.3 4.5 15.0 1.0 0.0 0.0 0.0
1435292576.61
584.4 4.4 15.0 1.0 0.0 0.0 0.0
1435292576.64
584.5 4.4 15.0 1.0 0.0 0.0 0.0
1435292576.67
584.7 4.3 15.0 1.0 0.0 0.0 0.0
1435292576.7
584.8 4.2 15.0 1.0 0.0 0.0 0.0
1435292576.74
584.9 4.2 15.0 1.0 0.0 0.0 0.0
1435292576.76
585.1 4.1 15.0 1.0 0.0 0.0 0.0
1435292576.8
585.2 4.0 15.0 1.0 0.0 0.0 0.0
1435292576.83
585.3 4.0 15.0 1.0 0.0 0.0 0.0
1435292576.86
585.4 3.9 15.0 1.0 0.0 0.0 0.0
1435292576.88
585.6 3.8 15.0 1.0 0.0 0.0 0.0
1435292576.92
585.7 3.8 15.0 1.0 0.0 0.0 0.0
1435292576.95
585.9 3.7 15.0 1.0 0.0 0.0 0.0
1435292576.98
586.0 3.6 15.0 1.0 0.0 0.0 0.0
1435292577.01
586.1 3.6 15.0 1.0 0.0 0.0 0.0
1435292577.03
586.2 3.5 15.0 1.0 0.0 0.0 0.0
1435292577.06
586.3 3.5 15.0 1.0 0.0 0.0 0.0
1435292577.1
586.3 3.5 15.0 1.0 0.0 0.0 0.0
1435292577.12
586.3 3.5 15.0 1.0 0.0 0.0 0.0
1435292577.16
586.3 3.5 15.0 1.0 0.0 0.0 0.0
1435292577.18
586.3 3.5 15.0 1.0 0.0 0.0 0.0
1435292577.22
586.3 3.5 15.0 1.0 0.0 0.0 0.0
1435292577.24
586.3 3.5 15.0 1.0 0.0 0.0 0.0
1435292577.28
586.3 3.5 15.0 1.0 0.0 0.0 0.0
1435292577.3
586.3 3.5 15.0 1.0 0.0 0.0 0.0
1435292577.34
586.3 3.5 15.0 1.0 0.0 0.0 0.0
1435292577.36
586.3 3.5 15.0 1.0 0.0 0.0 0.0
1435292577.4
586.3 3.5 15.0 1.0 0.0 0.0 0.0
1435292577.42
586.3 3.5 15.0 1.0 0.0 0.0 0.0
1435292577.46
586.3 3.5 15.0 1.0 0.0 0.0 0.0
1435292577.48
586.3 3.5 15.0 1.0 0.0 0.0 0.0
1435292577.52
586.3 3.5 15.0 1.0 0.0 0.0 0.0
1435292577.55
586.3 3.5 15.0 1.0 0.0 0.0 0.0
1435292577.58
586.3 3.5 15.0 1.0 0.0 0.0 0.0
1435292577.61
586.3 3.5 15.0 1.0 0.0 0.0 0.0
1435292577.64
586.3 3.5 15.0 1.0 0.0 0.0 0.0
1435292577.67
586.3 3.5 15.0 1.0 0.0 0.0 0.0
1435292577.7
586.3 3.5 15.0 1.0 0.0 0.0 0.0
1435292577.74
586.3 3.5 15.0 1.0 0.0 0.0 0.0
1435292577.77
586.3 3.5 15.0 1.0 0.0 0.0 0.0
1435292577.8
586.3 3.5 15.0 1.0 0.0 0.0 0.0
1435292577.83
586.3 3.5 15.0 1.0 0.0 0.0 0.0
1435292577.86
586.2 3.6 15.0 1.0 0.0 0.0 0.0
1435292577.89
586.3 3.6 15.0 1.0 0.0 0.0 0.0
1435292577.92
586.4 3.6 15.0 1.0 0.0 0.0 0.0
1435292577.95
586.5 3.6 15.0 1.0 0.0 0.0 0.0
1435292577.98
586.6 3.5 15.0 1.0 0.0 0.0 0.0
1435292578.01
586.7 3.4 15.0 1.0 0.0 0.0 0.0
1435292578.04
586.9 3.3 15.0 1.0 0.0 0.0 0.0
1435292578.07
587.0 3.2 15.0 1.0 0.0 0.0 0.0
1435292578.1
587.1 3.1 15.0 1.0 0.0 0.0 0.0
1435292578.13
587.2 3.0 15.0 1.0 0.0 0.0 0.0
1435292578.16
587.4 2.9 15.0 1.0 0.0 0.0 0.0
1435292578.2
587.5 2.8 15.0 1.0 0.0 0.0 0.0
1435292578.23
587.6 2.8 15.0 1.0 0.0 0.0 0.0
1435292578.26
587.8 2.7 15.0 1.0 0.0 0.0 0.0
1435292578.29
587.9 2.6 15.0 1.0 0.0 0.0 0.0
1435292578.32
588.0 2.5 15.0 1.0 0.0 0.0 0.0
1435292578.35
588.1 2.4 15.0 1.0 0.0 0.0 0.0
1435292578.38
588.2 2.3 15.0 1.0 0.0 0.0 0.0
1435292578.41
588.4 2.2 15.0 1.0 0.0 0.0 0.0
1435292578.44
588.5 2.1 15.0 1.0 0.0 0.0 0.0
1435292578.47
588.6 2.1 15.0 1.0 0.0 0.0 0.0
1435292578.5
588.8 2.0 15.0 1.0 0.0 0.0 0.0
1435292578.53
588.9 1.9 15.0 1.0 0.0 0.0 0.0
1435292578.56
589.0 1.8 15.0 1.0 0.0 0.0 0.0
1435292578.59
589.1 1.7 15.0 1.0 0.0 0.0 0.0
1435292578.62
589.3 1.7 15.0 1.0 0.0 0.0 0.0
1435292578.65
589.4 1.6 15.0 1.0 0.0 0.0 0.0
1435292578.68
589.5 1.5 15.0 1.0 0.0 0.0 0.0
1435292578.71
589.6 1.4 15.0 1.0 0.0 0.0 0.0
1435292578.74
589.8 1.3 15.0 1.0 0.0 0.0 0.0
1435292578.77
589.9 1.2 15.0 1.0 0.0 0.0 0.0
1435292578.8
590.0 1.2 15.0 1.0 0.0 0.0 0.0
1435292578.83
590.1 1.1 15.0 1.0 0.0 0.0 0.0
1435292578.86
590.3 1.0 15.0 1.0 0.0 0.0 0.0
1435292578.89
590.4 0.9 15.0 1.0 0.0 0.0 0.0
1435292578.92
590.5 0.8 15.0 1.0 0.0 0.0 0.0
1435292578.95
590.6 0.7 15.0 1.0 0.0 0.0 0.0
1435292578.98
590.8 0.6 15.0 1.0 0.0 0.0 0.0
1435292579.01
590.9 0.6 15.0 1.0 0.0 0.0 0.0
1435292579.04
591.0 0.5 15.0 1.0 0.0 0.0 0.0
1435292579.07
591.2 0.4 15.0 1.0 0.0 0.0 0.0
1435292579.1
591.3 0.3 15.0 1.0 0.0 0.0 0.0
1435292579.14
591.4 0.2 15.0 1.0 0.0 0.0 0.0
1435292579.16
591.5 0.1 15.0 1.0 0.0 0.0 0.0
1435292579.2
591.7 0.1 15.0 1.0 0.0 0.0 0.0
1435292579.23
591.8 0.0 15.0 1.0 0.0 0.0 0.0
1435292579.26
591.9 -0.1 15.0 1.0 0.0 0.0 0.0
1435292579.28
592.1 -0.2 15.0 1.0 0.0 0.0 0.0
1435292579.32
592.2 -0.3 15.0 1.0 0.0 0.0 0.0
1435292579.35
592.3 -0.4 15.0 1.0 0.0 0.0 0.0
1435292579.37
592.4 -0.4 15.0 1.0 0.0 0.0 0.0
1435292579.4
592.5 -0.5 15.0 1.0 0.0 0.0 0.0
1435292579.43
592.6 -0.6 15.0 1.0 0.0 0.0 0.0
1435292579.46
592.8 -0.7 15.0 1.0 0.0 0.0 0.0
1435292579.49
592.9 -0.8 15.0 1.0 0.0 0.0 0.0
1435292579.52
593.0 -0.9 15.0 1.0 0.0 0.0 0.0
1435292579.55
593.1 -0.9 15.0 1.0 0.0 0.0 0.0
1435292579.58
593.3 -1.0 15.0 1.0 0.0 0.0 0.0
1435292579.61
593.4 -1.1 15.0 1.0 0.0 0.0 0.0
1435292579.64
593.5 -1.2 15.0 1.0 0.0 0.0 0.0
1435292579.68
593.6 -1.3 15.0 1.0 0.0 0.0 0.0
1435292579.7
593.8 -1.3 15.0 1.0 0.0 0.0 0.0
1435292579.74
593.9 -1.4 15.0 1.0 0.0 0.0 0.0
1435292579.76
594.0 -1.5 15.0 1.0 0.0 0.0 0.0
1435292579.79
594.0 -1.5 15.0 1.0 0.0 0.0 0.0
1435292579.82
594.0 -1.5 15.0 1.0 0.0 0.0 0.0
1435292579.86
594.0 -1.5 15.0 1.0 0.0 0.0 0.0
1435292579.88
594.0 -1.5 15.0 1.0 0.0 0.0 0.0
1435292579.92
594.0 -1.5 15.0 1.0 0.0 0.0 0.0
1435292579.95
594.0 -1.5 15.0 1.0 0.0 0.0 0.0
1435292579.98
594.0 -1.5 15.0 1.0 0.0 0.0 0.0
1435292580.01
594.0 -1.5 15.0 1.0 0.0 0.0 0.0
1435292580.04
594.0 -1.5 15.0 1.0 0.0 0.0 0.0
1435292580.07
594.0 -1.5 15.0 1.0 0.0 0.0 0.0
1435292580.1
594.0 -1.5 15.0 1.0 0.0 0.0 0.0
1435292580.13
594.0 -1.5 15.0 1.0 0.0 0.0 0.0
1435292580.16
594.0 -1.5 15.0 1.0 0.0 0.0 0.0
1435292580.19
594.0 -1.5 15.0 1.0 0.0 0.0 0.0
1435292580.22
594.0 -1.5 15.0 1.0 0.0 0.0 0.0
1435292580.24
594.0 -1.5 15.0 1.0 0.0 0.0 0.0
1435292580.28
594.0 -1.5 15.0 1.0 0.0 0.0 0.0
1435292580.31
594.0 -1.5 15.0 1.0 0.0 0.0 0.0
1435292580.34
594.0 -1.5 15.0 1.0 0.0 0.0 0.0
1435292580.36
594.0 -1.5 15.0 1.0 0.0 0.0 0.0
1435292580.39
594.0 -1.5 15.0 1.0 0.0 0.0 0.0
1435292580.43
594.0 -1.5 15.0 1.0 0.0 0.0 0.0
1435292580.46
594.0 -1.5 15.0 1.0 0.0 0.0 0.0
1435292580.49
594.0 -1.5 15.0 1.0 0.0 0.0 0.0
1435292580.52
594.2 -1.5 15.0 1.0 0.0 0.0 0.0
1435292580.55
594.3 -1.5 15.0 1.0 0.0 0.0 0.0
1435292580.58
594.5 -1.5 15.0 1.0 0.0 0.0 0.0
1435292580.61
594.6 -1.5 15.0 1.0 0.0 0.0 0.0
1435292580.64
594.7 -1.5 15.0 1.0 0.0 0.0 0.0
1435292580.67
594.9 -1.5 15.0 1.0 0.0 0.0 0.0
1435292580.7
595.0 -1.5 15.0 1.0 0.0 0.0 0.0
1435292580.73
595.2 -1.5 15.0 1.0 0.0 0.0 0.0
1435292580.76
595.3 -1.5 15.0 1.0 0.0 0.0 0.0
1435292580.78
595.5 -1.5 15.0 1.0 0.0 0.0 0.0
1435292580.82
595.6 -1.5 15.0 1.0 0.0 0.0 0.0
1435292580.85
595.8 -1.5 15.0 1.0 0.0 0.0 0.0
1435292580.88
595.9 -1.5 15.0 1.0 0.0 0.0 0.0
1435292580.91
596.1 -1.5 15.0 1.0 0.0 0.0 0.0
1435292580.94
596.3 -1.5 15.0 1.0 0.0 0.0 0.0
1435292580.97
596.4 -1.4 15.0 1.0 0.0 0.0 0.0
1435292581.0
596.6 -1.4 15.0 1.0 0.0 0.0 0.0
1435292581.03
596.7 -1.4 15.0 1.0 0.0 0.0 0.0
1435292581.06
596.9 -1.4 15.0 1.0 0.0 0.0 0.0
1435292581.09
597.0 -1.4 15.0 1.0 0.0 0.0 0.0
1435292581.12
597.2 -1.4 15.0 1.0 0.0 0.0 0.0
1435292581.15
597.3 -1.4 15.0 1.0 0.0 0.0 0.0
1435292581.18
597.5 -1.4 15.0 1.0 0.0 0.0 0.0
1435292581.21
597.6 -1.4 15.0 1.0 0.0 0.0 0.0
1435292581.24
597.6 -1.4 15.0 1.0 0.0 0.0 0.0
1435292581.27
597.6 -1.4 15.0 1.0 0.0 0.0 0.0
1435292581.3
597.6 -1.4 15.0 1.0 0.0 0.0 0.0
1435292581.33
597.6 -1.4 15.0 1.0 0.0 0.0 0.0
1435292581.36
597.6 -1.4 15.0 1.0 0.0 0.0 0.0
1435292581.39
597.6 -1.4 15.0 1.0 0.0 0.0 0.0
1435292581.42
597.6 -1.4 15.0 1.0 0.0 0.0 0.0
1435292581.45
597.6 -1.4 15.0 1.0 0.0 0.0 0.0
1435292581.48
597.6 -1.4 15.0 1.0 0.0 0.0 0.0
1435292581.51
597.6 -1.4 15.0 1.0 0.0 0.0 0.0
1435292581.54
597.6 -1.4 15.0 1.0 0.0 0.0 0.0
1435292581.58
597.6 -1.4 15.0 1.0 0.0 0.0 0.0
1435292581.6
597.6 -1.4 15.0 1.0 0.0 0.0 0.0
1435292581.63
597.6 -1.4 15.0 1.0 0.0 0.0 0.0
1435292581.66
597.6 -1.4 15.0 1.0 0.0 0.0 0.0
1435292581.7
597.6 -1.4 15.0 1.0 0.0 0.0 0.0
1435292581.72
597.6 -1.4 15.0 1.0 0.0 0.0 0.0
1435292581.76
597.6 -1.4 15.0 1.0 0.0 0.0 0.0
1435292581.78
597.6 -1.4 15.0 1.0 0.0 0.0 0.0
1435292581.81
597.6 -1.4 15.0 1.0 0.0 0.0 0.0
1435292581.84
597.6 -1.4 15.0 1.0 0.0 0.0 0.0
1435292581.87
597.6 -1.4 15.0 1.0 0.0 0.0 0.0
1435292581.91
597.6 -1.4 15.0 1.0 0.0 0.0 0.0
1435292581.94
597.6 -1.4 15.0 1.0 0.0 0.0 0.0
1435292581.97
597.8 -1.3 15.0 1.0 0.0 0.0 0.0
1435292582.0
597.9 -1.3 15.0 1.0 0.0 0.0 0.0
1435292582.03
598.1 -1.3 15.0 1.0 0.0 0.0 0.0
1435292582.06
598.2 -1.3 15.0 1.0 0.0 0.0 0.0
1435292582.09
598.4 -1.3 15.0 1.0 0.0 0.0 0.0
1435292582.12
598.5 -1.3 15.0 1.0 0.0 0.0 0.0
1435292582.15
598.7 -1.2 15.0 1.0 0.0 0.0 0.0
1435292582.18
598.8 -1.2 15.0 1.0 0.0 0.0 0.0
1435292582.21
598.9 -1.2 15.0 1.0 0.0 0.0 0.0
1435292582.24
599.1 -1.2 15.0 1.0 0.0 0.0 0.0
1435292582.27
599.2 -1.1 15.0 1.0 0.0 0.0 0.0
1435292582.3
599.4 -1.1 15.0 1.0 0.0 0.0 0.0
1435292582.33
599.5 -1.1 15.0 1.0 0.0 0.0 0.0
1435292582.36
599.7 -1.1 15.0 1.0 0.0 0.0 0.0
1435292582.39
599.8 -1.1 15.0 1.0 0.0 0.0 0.0
1435292582.42
600.0 -1.0 15.0 1.0 0.0 0.0 0.0
1435292582.45
600.1 -1.0 15.0 1.0 0.0 0.0 0.0
1435292582.48
600.3 -1.0 15.0 1.0 0.0 0.0 0.0
1435292582.51
600.4 -1.0 15.0 1.0 0.0 0.0 0.0
1435292582.54
600.6 -0.9 15.0 1.0 0.0 0.0 0.0
1435292582.57
600.7 -0.9 15.0 1.0 0.0 0.0 0.0
1435292582.6
600.9 -0.9 15.0 1.0 0.0 0.0 0.0
1435292582.63
601.0 -0.9 15.0 1.0 0.0 0.0 0.0
1435292582.66
601.1 -0.8 15.0 1.0 0.0 0.0 0.0
1435292582.69
601.3 -0.8 15.0 1.0 0.0 0.0 0.0
1435292582.73
601.5 -0.8 15.0 1.0 0.0 0.0 0.0
1435292582.75
601.6 -0.8 15.0 1.0 0.0 0.0 0.0
1435292582.79
601.8 -0.7 15.0 1.0 0.0 0.0 0.0
1435292582.82
601.9 -0.7 15.0 1.0 0.0 0.0 0.0
1435292582.85
602.1 -0.7 15.0 1.0 0.0 0.0 0.0
1435292582.87
602.2 -0.7 15.0 1.0 0.0 0.0 0.0
1435292582.91
602.4 -0.7 15.0 1.0 0.0 0.0 0.0
1435292582.94
602.5 -0.6 15.0 1.0 0.0 0.0 0.0
1435292582.97
602.7 -0.6 15.0 1.0 0.0 0.0 0.0
1435292583.0
602.8 -0.6 15.0 1.0 0.0 0.0 0.0
1435292583.03
603.0 -0.6 15.0 1.0 0.0 0.0 0.0
1435292583.06
603.1 -0.5 15.0 1.0 0.0 0.0 0.0
1435292583.09
603.3 -0.5 15.0 1.0 0.0 0.0 0.0
1435292583.12
603.4 -0.5 15.0 1.0 0.0 0.0 0.0
1435292583.15
603.6 -0.5 15.0 1.0 0.0 0.0 0.0
1435292583.18
603.7 -0.4 15.0 1.0 0.0 0.0 0.0
1435292583.21
603.9 -0.4 15.0 1.0 0.0 0.0 0.0
1435292583.24
604.0 -0.4 15.0 1.0 0.0 0.0 0.0
1435292583.27
604.2 -0.4 15.0 1.0 0.0 0.0 0.0
1435292583.3
604.3 -0.3 15.0 1.0 0.0 0.0 0.0
1435292583.33
604.5 -0.3 15.0 1.0 0.0 0.0 0.0
1435292583.36
604.6 -0.3 15.0 1.0 0.0 0.0 0.0
1435292583.39
604.8 -0.3 15.0 1.0 0.0 0.0 0.0
1435292583.42
604.9 -0.3 15.0 1.0 0.0 0.0 0.0
1435292583.45
605.1 -0.2 15.0 1.0 0.0 0.0 0.0
1435292583.48
605.2 -0.2 15.0 1.0 0.0 0.0 0.0
1435292583.52
605.4 -0.2 15.0 1.0 0.0 0.0 0.0
1435292583.55
605.5 -0.2 15.0 1.0 0.0 0.0 0.0
1435292583.58
605.7 -0.1 15.0 1.0 0.0 0.0 0.0
1435292583.61
605.8 -0.1 15.0 1.0 0.0 0.0 0.0
1435292583.64
606.0 -0.1 15.0 1.0 0.0 0.0 0.0
1435292583.67
606.1 -0.1 15.0 1.0 0.0 0.0 0.0
1435292583.7
606.3 0.0 15.0 1.0 0.0 0.0 0.0
1435292583.73
606.4 0.0 15.0 1.0 0.0 0.0 0.0
1435292583.76
606.6 0.0 15.0 1.0 0.0 0.0 0.0
1435292583.79
606.7 0.0 15.0 1.0 0.0 0.0 0.0
1435292583.82
606.9 0.0 15.0 1.0 0.0 0.0 0.0
1435292583.85
607.0 0.1 15.0 1.0 0.0 0.0 0.0
1435292583.88
607.2 0.1 15.0 1.0 0.0 0.0 0.0
1435292583.91
607.3 0.1 15.0 1.0 0.0 0.0 0.0
1435292583.94
607.5 0.1 15.0 1.0 0.0 0.0 0.0
1435292583.97
607.6 0.2 15.0 1.0 0.0 0.0 0.0
1435292584.0
607.8 0.2 15.0 1.0 0.0 0.0 0.0
1435292584.03
607.9 0.2 15.0 1.0 0.0 0.0 0.0
1435292584.06
608.1 0.2 15.0 1.0 0.0 0.0 0.0
1435292584.09
608.2 0.3 15.0 1.0 0.0 0.0 0.0
1435292584.12
608.3 0.3 15.0 1.0 0.0 0.0 0.0
1435292584.15
608.5 0.3 15.0 1.0 0.0 0.0 0.0
1435292584.18
608.7 0.3 15.0 1.0 0.0 0.0 0.0
1435292584.21
608.8 0.4 15.0 1.0 0.0 0.0 0.0
1435292584.24
609.0 0.4 15.0 1.0 0.0 0.0 0.0
1435292584.27
609.1 0.4 15.0 1.0 0.0 0.0 0.0
1435292584.3
609.3 0.4 15.0 1.0 0.0 0.0 0.0
1435292584.33
609.4 0.4 15.0 1.0 0.0 0.0 0.0
1435292584.36
609.6 0.5 15.0 1.0 0.0 0.0 0.0
1435292584.39
609.7 0.5 15.0 1.0 0.0 0.0 0.0
1435292584.42
609.9 0.5 15.0 1.0 0.0 0.0 0.0
1435292584.45
610.0 0.5 15.0 1.0 0.0 0.0 0.0
1435292584.48
610.2 0.6 15.0 1.0 0.0 0.0 0.0
1435292584.51
610.3 0.6 15.0 1.0 0.0 0.0 0.0
1435292584.54
610.5 0.6 15.0 1.0 0.0 0.0 0.0
1435292584.57
610.6 0.6 15.0 1.0 0.0 0.0 0.0
1435292584.6
610.8 0.7 15.0 1.0 0.0 0.0 0.0
1435292584.63
610.9 0.7 15.0 1.0 0.0 0.0 0.0
1435292584.66
611.1 0.7 15.0 1.0 0.0 0.0 0.0
1435292584.69
611.2 0.7 15.0 1.0 0.0 0.0 0.0
1435292584.73
611.4 0.8 15.0 1.0 0.0 0.0 0.0
1435292584.75
611.5 0.8 15.0 1.0 0.0 0.0 0.0
1435292584.79
611.7 0.8 15.0 1.0 0.0 0.0 0.0
1435292584.81
611.8 0.8 15.0 1.0 0.0 0.0 0.0
1435292584.85
612.0 0.8 15.0 1.0 0.0 0.0 0.0
1435292584.87
612.1 0.9 15.0 1.0 0.0 0.0 0.0
1435292584.91
612.2 0.9 15.0 1.0 0.0 0.0 0.0
1435292584.93
612.3 0.9 15.0 1.0 0.0 0.0 0.0
1435292584.97
612.3 0.9 15.0 1.0 0.0 0.0 0.0
1435292584.99
612.3 0.9 15.0 1.0 0.0 0.0 0.0
1435292585.02
612.3 0.9 15.0 1.0 0.0 0.0 0.0
1435292585.05
612.3 0.9 15.0 1.0 0.0 0.0 0.0
1435292585.09
612.3 0.9 15.0 1.0 0.0 0.0 0.0
1435292585.12
612.3 0.9 15.0 1.0 0.0 0.0 0.0
1435292585.15
612.3 0.9 15.0 1.0 0.0 0.0 0.0
1435292585.18
612.3 0.9 15.0 1.0 0.0 0.0 0.0
1435292585.21
612.3 0.9 15.0 1.0 0.0 0.0 0.0
1435292585.24
612.3 0.9 15.0 1.0 0.0 0.0 0.0
1435292585.27
612.3 0.9 15.0 1.0 0.0 0.0 0.0
1435292585.3
612.3 0.9 15.0 1.0 0.0 0.0 0.0
1435292585.33
612.3 0.9 15.0 1.0 0.0 0.0 0.0
1435292585.36
612.3 0.9 15.0 1.0 0.0 0.0 0.0
1435292585.39
612.3 0.9 15.0 1.0 0.0 0.0 0.0
1435292585.42
612.3 0.9 15.0 1.0 0.0 0.0 0.0
1435292585.45
612.3 0.9 15.0 1.0 0.0 0.0 0.0
1435292585.48
612.3 0.9 15.0 1.0 0.0 0.0 0.0
1435292585.51
612.3 0.9 15.0 1.0 0.0 0.0 0.0
1435292585.55
612.3 0.9 15.0 1.0 0.0 0.0 0.0
1435292585.58
612.3 0.9 15.0 1.0 0.0 0.0 0.0
1435292585.61
612.3 0.9 15.0 1.0 0.0 0.0 0.0
1435292585.64
612.2 0.9 15.0 1.0 0.0 0.0 0.0
1435292585.67
612.1 0.9 15.0 1.0 0.0 0.0 0.0
1435292585.7
612.0 0.9 15.0 1.0 0.0 0.0 0.0
1435292585.73
611.8 0.8 15.0 1.0 0.0 0.0 0.0
1435292585.76
611.7 0.8 15.0 1.0 0.0 0.0 0.0
1435292585.79
611.5 0.8 15.0 1.0 0.0 0.0 0.0
1435292585.82
611.4 0.8 15.0 1.0 0.0 0.0 0.0
1435292585.85
611.2 0.8 15.0 1.0 0.0 0.0 0.0
1435292585.88
611.1 0.7 15.0 1.0 0.0 0.0 0.0
1435292585.91
611.0 0.7 15.0 1.0 0.0 0.0 0.0
1435292585.94
610.8 0.7 15.0 1.0 0.0 0.0 0.0
1435292585.97
610.7 0.7 15.0 1.0 0.0 0.0 0.0
1435292586.0
610.5 0.6 15.0 1.0 0.0 0.0 0.0
1435292586.03
610.4 0.6 15.0 1.0 0.0 0.0 0.0
1435292586.06
610.3 0.6 15.0 1.0 0.0 0.0 0.0
1435292586.09
610.3 0.6 15.0 1.0 0.0 0.0 0.0
1435292586.12
610.3 0.6 15.0 1.0 0.0 0.0 0.0
1435292586.15
610.3 0.6 15.0 1.0 0.0 0.0 0.0
1435292586.18
610.3 0.6 15.0 1.0 0.0 0.0 0.0
1435292586.21
610.3 0.6 15.0 1.0 0.0 0.0 0.0
1435292586.24
610.3 0.6 15.0 1.0 0.0 0.0 0.0
1435292586.27
610.3 0.6 15.0 1.0 0.0 0.0 0.0
1435292586.3
610.3 0.6 15.0 1.0 0.0 0.0 0.0
1435292586.33
610.3 0.6 15.0 1.0 0.0 0.0 0.0
1435292586.36
610.3 0.6 15.0 1.0 0.0 0.0 0.0
1435292586.39
610.3 0.6 15.0 1.0 0.0 0.0 0.0
1435292586.42
610.3 0.6 15.0 1.0 0.0 0.0 0.0
1435292586.46
610.3 0.6 15.0 1.0 0.0 0.0 0.0
1435292586.48
610.3 0.6 15.0 1.0 0.0 0.0 0.0
1435292586.52
610.3 0.6 15.0 1.0 0.0 0.0 0.0
1435292586.54
610.3 0.6 15.0 1.0 0.0 0.0 0.0
1435292586.58
610.3 0.6 15.0 1.0 0.0 0.0 0.0
1435292586.6
610.3 0.6 15.0 1.0 0.0 0.0 0.0
1435292586.63
610.3 0.6 15.0 1.0 0.0 0.0 0.0
1435292586.67
610.3 0.6 15.0 1.0 0.0 0.0 0.0
1435292586.69
610.3 0.6 15.0 1.0 0.0 0.0 0.0
1435292586.72
610.3 0.6 15.0 1.0 0.0 0.0 0.0
1435292586.76
610.3 0.5 15.0 1.0 0.0 0.0 0.0
1435292586.78
610.1 0.5 15.0 1.0 0.0 0.0 0.0
1435292586.82
610.0 0.4 15.0 1.0 0.0 0.0 0.0
1435292586.84
609.9 0.4 15.0 1.0 0.0 0.0 0.0
1435292586.88
609.7 0.3 15.0 1.0 0.0 0.0 0.0
1435292586.9
609.6 0.2 15.0 1.0 0.0 0.0 0.0
1435292586.93
609.5 0.2 15.0 1.0 0.0 0.0 0.0
1435292586.96
609.4 0.1 15.0 1.0 0.0 0.0 0.0
1435292587.0
609.5 0.0 15.0 1.0 0.0 0.0 0.0
1435292587.03
609.6 -0.1 15.0 1.0 0.0 0.0 0.0
1435292587.06
609.7 -0.1 15.0 1.0 0.0 0.0 0.0
1435292587.09
609.8 -0.2 15.0 1.0 0.0 0.0 0.0
1435292587.12
610.0 -0.3 15.0 1.0 0.0 0.0 0.0
1435292587.15
610.1 -0.4 15.0 1.0 0.0 0.0 0.0
1435292587.18
610.2 -0.5 15.0 1.0 0.0 0.0 0.0
1435292587.21
610.3 -0.6 15.0 1.0 0.0 0.0 0.0
1435292587.24
610.4 -0.6 15.0 1.0 0.0 0.0 0.0
1435292587.27
610.6 -0.7 15.0 1.0 0.0 0.0 0.0
1435292587.3
610.7 -0.8 15.0 1.0 0.0 0.0 0.0
1435292587.33
610.8 -0.9 15.0 1.0 0.0 0.0 0.0
1435292587.36
611.0 -1.0 15.0 1.0 0.0 0.0 0.0
1435292587.39
611.1 -1.1 15.0 1.0 0.0 0.0 0.0
1435292587.42
611.2 -1.1 15.0 1.0 0.0 0.0 0.0
1435292587.45
611.3 -1.2 15.0 1.0 0.0 0.0 0.0
1435292587.48
611.4 -1.3 15.0 1.0 0.0 0.0 0.0
1435292587.51
611.6 -1.4 15.0 1.0 0.0 0.0 0.0
1435292587.54
611.7 -1.5 15.0 1.0 0.0 0.0 0.0
1435292587.57
611.8 -1.5 15.0 1.0 0.0 0.0 0.0
1435292587.6
612.0 -1.6 15.0 1.0 0.0 0.0 0.0
1435292587.63
612.1 -1.7 15.0 1.0 0.0 0.0 0.0
1435292587.66
612.2 -1.8 15.0 1.0 0.0 0.0 0.0
1435292587.69
612.3 -1.9 15.0 1.0 0.0 0.0 0.0
1435292587.72
612.4 -1.9 15.0 1.0 0.0 0.0 0.0
1435292587.75
612.6 -2.0 15.0 1.0 0.0 0.0 0.0
1435292587.78
612.7 -2.1 15.0 1.0 0.0 0.0 0.0
1435292587.81
612.8 -2.2 15.0 1.0 0.0 0.0 0.0
1435292587.84
613.0 -2.3 15.0 1.0 0.0 0.0 0.0
1435292587.87
613.1 -2.4 15.0 1.0 0.0 0.0 0.0
1435292587.9
613.2 -2.5 15.0 1.0 0.0 0.0 0.0
1435292587.93
613.3 -2.6 15.0 1.0 0.0 0.0 0.0
1435292587.96
613.4 -2.6 15.0 1.0 0.0 0.0 0.0
1435292587.99
613.6 -2.7 15.0 1.0 0.0 0.0 0.0
1435292588.02
613.7 -2.8 15.0 1.0 0.0 0.0 0.0
1435292588.05
613.8 -2.9 15.0 1.0 0.0 0.0 0.0
1435292588.08
613.9 -2.9 15.0 1.0 0.0 0.0 0.0
1435292588.11
614.1 -3.0 15.0 1.0 0.0 0.0 0.0
1435292588.14
614.2 -3.1 15.0 1.0 0.0 0.0 0.0
1435292588.17
614.3 -3.2 15.0 1.0 0.0 0.0 0.0
1435292588.2
614.5 -3.3 15.0 1.0 0.0 0.0 0.0
1435292588.23
614.6 -3.4 15.0 1.0 0.0 0.0 0.0
1435292588.27
614.7 -3.4 15.0 1.0 0.0 0.0 0.0
1435292588.29
614.8 -3.5 15.0 1.0 0.0 0.0 0.0
1435292588.33
615.0 -3.6 15.0 1.0 0.0 0.0 0.0
1435292588.36
615.1 -3.7 15.0 1.0 0.0 0.0 0.0
1435292588.39
615.2 -3.8 15.0 1.0 0.0 0.0 0.0
1435292588.41
615.4 -3.9 15.0 1.0 0.0 0.0 0.0
1435292588.45
615.5 -3.9 15.0 1.0 0.0 0.0 0.0
1435292588.47
615.6 -4.0 15.0 1.0 0.0 0.0 0.0
1435292588.51
615.7 -4.1 15.0 1.0 0.0 0.0 0.0
1435292588.54
615.9 -4.2 15.0 1.0 0.0 0.0 0.0
1435292588.57
616.0 -4.3 15.0 1.0 0.0 0.0 0.0
1435292588.6
616.1 -4.4 15.0 1.0 0.0 0.0 0.0
1435292588.63
616.2 -4.4 15.0 1.0 0.0 0.0 0.0
1435292588.65
616.4 -4.5 15.0 1.0 0.0 0.0 0.0
1435292588.69
616.5 -4.6 15.0 1.0 0.0 0.0 0.0
1435292588.72
616.6 -4.7 15.0 1.0 0.0 0.0 0.0
1435292588.75
616.8 -4.8 15.0 1.0 0.0 0.0 0.0
1435292588.78
616.9 -4.8 15.0 1.0 0.0 0.0 0.0
1435292588.81
617.0 -4.9 15.0 1.0 0.0 0.0 0.0
1435292588.84
617.1 -5.0 15.0 1.0 0.0 0.0 0.0
1435292588.87
617.3 -5.1 15.0 1.0 0.0 0.0 0.0
1435292588.9
617.4 -5.2 15.0 1.0 0.0 0.0 0.0
1435292588.93
617.5 -5.3 15.0 1.0 0.0 0.0 0.0
1435292588.96
617.6 -5.3 15.0 1.0 0.0 0.0 0.0
1435292588.99
617.8 -5.4 15.0 1.0 0.0 0.0 0.0
1435292589.02
617.9 -5.5 15.0 1.0 0.0 0.0 0.0
1435292589.05
618.0 -5.6 15.0 1.0 0.0 0.0 0.0
1435292589.08
618.1 -5.7 15.0 1.0 0.0 0.0 0.0
1435292589.11
618.2 -5.7 15.0 1.0 0.0 0.0 0.0
1435292589.14
618.4 -5.8 15.0 1.0 0.0 0.0 0.0
1435292589.17
618.5 -5.9 15.0 1.0 0.0 0.0 0.0
1435292589.2
618.6 -6.0 15.0 1.0 0.0 0.0 0.0
1435292589.23
618.8 -6.1 15.0 1.0 0.0 0.0 0.0
1435292589.26
618.9 -6.2 15.0 1.0 0.0 0.0 0.0
1435292589.29
619.0 -6.2 15.0 1.0 0.0 0.0 0.0
1435292589.32
619.1 -6.3 15.0 1.0 0.0 0.0 0.0
1435292589.35
619.3 -6.4 15.0 1.0 0.0 0.0 0.0
1435292589.38
619.4 -6.5 15.0 1.0 0.0 0.0 0.0
1435292589.41
619.5 -6.6 15.0 1.0 0.0 0.0 0.0
1435292589.44
619.7 -6.7 15.0 1.0 0.0 0.0 0.0
1435292589.48
619.8 -6.7 15.0 1.0 0.0 0.0 0.0
1435292589.5
619.9 -6.8 15.0 1.0 0.0 0.0 0.0
1435292589.53
620.0 -6.9 15.0 1.0 0.0 0.0 0.0
1435292589.56
620.2 -7.0 15.0 1.0 0.0 0.0 0.0
1435292589.59
620.3 -7.1 15.0 1.0 0.0 0.0 0.0
1435292589.62
620.4 -7.1 15.0 1.0 0.0 0.0 0.0
1435292589.66
620.5 -7.2 15.0 1.0 0.0 0.0 0.0
1435292589.68
620.7 -7.3 15.0 1.0 0.0 0.0 0.0
1435292589.72
620.8 -7.4 15.0 1.0 0.0 0.0 0.0
1435292589.75
620.9 -7.5 15.0 1.0 0.0 0.0 0.0
1435292589.78
621.0 -7.6 15.0 1.0 0.0 0.0 0.0
1435292589.81
621.1 -7.6 15.0 1.0 0.0 0.0 0.0
1435292589.84
621.1 -7.6 15.0 1.0 0.0 0.0 0.0
1435292589.87
621.1 -7.6 15.0 1.0 0.0 0.0 0.0
1435292589.9
621.1 -7.6 15.0 1.0 0.0 0.0 0.0
1435292589.93
621.1 -7.6 15.0 1.0 0.0 0.0 0.0
1435292589.96
621.1 -7.6 15.0 1.0 0.0 0.0 0.0
1435292589.99
621.1 -7.6 15.0 1.0 0.0 0.0 0.0
1435292590.02
621.1 -7.6 15.0 1.0 0.0 0.0 0.0
1435292590.05
621.1 -7.6 15.0 1.0 0.0 0.0 0.0
1435292590.08
621.1 -7.6 15.0 1.0 0.0 0.0 0.0
1435292590.11
621.1 -7.6 15.0 1.0 0.0 0.0 0.0
1435292590.14
621.1 -7.6 15.0 1.0 0.0 0.0 0.0
1435292590.17
621.1 -7.6 15.0 1.0 0.0 0.0 0.0
1435292590.2
621.1 -7.6 15.0 1.0 0.0 0.0 0.0
1435292590.23
621.1 -7.6 15.0 1.0 0.0 0.0 0.0
1435292590.26
621.1 -7.6 15.0 1.0 0.0 0.0 0.0
1435292590.29
621.1 -7.6 15.0 1.0 0.0 0.0 0.0
1435292590.33
621.1 -7.6 15.0 1.0 0.0 0.0 0.0
1435292590.35
621.1 -7.6 15.0 1.0 0.0 0.0 0.0
1435292590.39
621.1 -7.6 15.0 1.0 0.0 0.0 0.0
1435292590.42
621.1 -7.6 15.0 1.0 0.0 0.0 0.0
1435292590.45
621.1 -7.6 15.0 1.0 0.0 0.0 0.0
1435292590.48
621.1 -7.6 15.0 1.0 0.0 0.0 0.0
1435292590.52
621.1 -7.6 15.0 1.0 0.0 0.0 0.0
1435292590.55
621.0 -7.6 15.0 1.0 0.0 0.0 0.0
1435292590.58
620.9 -7.5 15.0 1.0 0.0 0.0 0.0
1435292590.61
620.8 -7.4 15.0 1.0 0.0 0.0 0.0
1435292590.64
620.6 -7.3 15.0 1.0 0.0 0.0 0.0
1435292590.67
620.5 -7.2 15.0 1.0 0.0 0.0 0.0
1435292590.7
620.4 -7.0 15.0 1.0 0.0 0.0 0.0
1435292590.73
620.3 -7.0 15.0 1.0 0.0 0.0 0.0
1435292590.76
620.1 -6.9 15.0 1.0 0.0 0.0 0.0
1435292590.79
620.0 -6.8 15.0 1.0 0.0 0.0 0.0
1435292590.82
619.9 -6.7 15.0 1.0 0.0 0.0 0.0
1435292590.85
619.8 -6.6 15.0 1.0 0.0 0.0 0.0
1435292590.88
619.8 -6.6 15.0 1.0 0.0 0.0 0.0
1435292590.91
619.9 -6.6 15.0 1.0 0.0 0.0 0.0
1435292590.94
619.9 -6.7 15.0 1.0 0.0 0.0 0.0
1435292590.97
620.0 -6.7 15.0 1.0 0.0 0.0 0.0
1435292591.0
620.1 -6.8 15.0 1.0 0.0 0.0 0.0
1435292591.03
620.2 -6.9 15.0 1.0 0.0 0.0 0.0
1435292591.06
620.3 -7.1 15.0 1.0 0.0 0.0 0.0
1435292591.09
620.4 -7.2 15.0 1.0 0.0 0.0 0.0
1435292591.12
620.6 -7.3 15.0 1.0 0.0 0.0 0.0
1435292591.15
620.7 -7.4 15.0 1.0 0.0 0.0 0.0
1435292591.18
620.8 -7.5 15.0 1.0 0.0 0.0 0.0
1435292591.21
620.9 -7.6 15.0 1.0 0.0 0.0 0.0
1435292591.24
621.0 -7.7 15.0 1.0 0.0 0.0 0.0
1435292591.27
621.1 -7.8 15.0 1.0 0.0 0.0 0.0
1435292591.3
621.2 -8.0 15.0 1.0 0.0 0.0 0.0
1435292591.33
621.3 -8.0 15.0 1.0 0.0 0.0 0.0
1435292591.36
621.4 -8.2 15.0 1.0 0.0 0.0 0.0
1435292591.39
621.5 -8.3 15.0 1.0 0.0 0.0 0.0
1435292591.42
621.6 -8.4 15.0 1.0 0.0 0.0 0.0
1435292591.46
621.7 -8.5 15.0 1.0 0.0 0.0 0.0
1435292591.48
621.8 -8.6 15.0 1.0 0.0 0.0 0.0
1435292591.55
622.1 -8.8 15.0 1.0 0.0 0.0 0.0
1435292591.57
622.2 -8.9 15.0 1.0 0.0 0.0 0.0
1435292591.6
622.3 -9.0 15.0 1.0 0.0 0.0 0.0
1435292591.63
622.4 -9.1 15.0 1.0 0.0 0.0 0.0
1435292591.66
622.5 -9.2 15.0 1.0 0.0 0.0 0.0
1435292591.69
622.6 -9.3 15.0 1.0 0.0 0.0 0.0
1435292591.72
622.7 -9.4 15.0 1.0 0.0 0.0 0.0
1435292591.76
622.8 -9.5 15.0 1.0 0.0 0.0 0.0
1435292591.78
623.0 -9.6 15.0 1.0 0.0 0.0 0.0
1435292591.82
623.0 -9.7 15.0 1.0 0.0 0.0 0.0
1435292591.85
623.2 -9.8 15.0 1.0 0.0 0.0 0.0
1435292591.88
623.3 -9.9 15.0 1.0 0.0 0.0 0.0
1435292591.91
623.4 -10.0 15.0 1.0 0.0 0.0 0.0
1435292591.94
623.5 -10.1 15.0 1.0 0.0 0.0 0.0
1435292591.97
623.6 -10.3 15.0 1.0 0.0 0.0 0.0
1435292592.0
623.7 -10.4 15.0 1.0 0.0 0.0 0.0
1435292592.03
623.8 -10.5 15.0 1.0 0.0 0.0 0.0
1435292592.06
623.9 -10.6 15.0 1.0 0.0 0.0 0.0
1435292592.09
624.0 -10.7 15.0 1.0 0.0 0.0 0.0
1435292592.12
624.1 -10.8 15.0 1.0 0.0 0.0 0.0
1435292592.15
624.2 -10.9 15.0 1.0 0.0 0.0 0.0
1435292592.18
624.3 -11.0 15.0 1.0 0.0 0.0 0.0
1435292592.21
624.5 -11.1 15.0 1.0 0.0 0.0 0.0
1435292592.24
624.6 -11.2 15.0 1.0 0.0 0.0 0.0
1435292592.27
624.7 -11.3 15.0 1.0 0.0 0.0 0.0
1435292592.3
624.8 -11.4 15.0 1.0 0.0 0.0 0.0
1435292592.33
624.9 -11.5 15.0 1.0 0.0 0.0 0.0
1435292592.36
625.0 -11.6 15.0 1.0 0.0 0.0 0.0
1435292592.39
625.1 -11.7 15.0 1.0 0.0 0.0 0.0
1435292592.42
625.2 -11.8 15.0 1.0 0.0 0.0 0.0
1435292592.45
625.3 -11.9 15.0 1.0 0.0 0.0 0.0
1435292592.48
625.4 -12.0 15.0 1.0 0.0 0.0 0.0
1435292592.51
625.5 -12.1 15.0 1.0 0.0 0.0 0.0
1435292592.54
625.6 -12.2 15.0 1.0 0.0 0.0 0.0
1435292592.57
625.8 -12.3 15.0 1.0 0.0 0.0 0.0
1435292592.61
625.9 -12.5 15.0 1.0 0.0 0.0 0.0
1435292592.63
626.0 -12.6 15.0 1.0 0.0 0.0 0.0
1435292592.67
626.1 -12.7 15.0 1.0 0.0 0.0 0.0
1435292592.69
626.2 -12.8 15.0 1.0 0.0 0.0 0.0
1435292592.73
626.3 -12.9 15.0 1.0 0.0 0.0 0.0
1435292592.76
626.4 -13.0 15.0 1.0 0.0 0.0 0.0
1435292592.79
626.5 -13.1 15.0 1.0 0.0 0.0 0.0
1435292592.82
626.6 -13.2 15.0 1.0 0.0 0.0 0.0
1435292592.85
626.7 -13.3 15.0 1.0 0.0 0.0 0.0
1435292592.88
626.9 -13.4 15.0 1.0 0.0 0.0 0.0
1435292592.91
627.0 -13.5 15.0 1.0 0.0 0.0 0.0
1435292592.94
627.1 -13.6 15.0 1.0 0.0 0.0 0.0
1435292592.97
627.2 -13.7 15.0 1.0 0.0 0.0 0.0
1435292593.0
627.3 -13.8 15.0 1.0 0.0 0.0 0.0
1435292593.03
627.4 -13.9 15.0 1.0 0.0 0.0 0.0
1435292593.06
627.5 -14.1 15.0 1.0 0.0 0.0 0.0
1435292593.09
627.6 -14.2 15.0 1.0 0.0 0.0 0.0
1435292593.12
627.7 -14.3 15.0 1.0 0.0 0.0 0.0
1435292593.15
627.8 -14.4 15.0 1.0 0.0 0.0 0.0
1435292593.18
628.0 -14.5 15.0 1.0 0.0 0.0 0.0
1435292593.21
628.1 -14.6 15.0 1.0 0.0 0.0 0.0
1435292593.24
628.2 -14.7 15.0 1.0 0.0 0.0 0.0
1435292593.27
628.3 -14.8 15.0 1.0 0.0 0.0 0.0
1435292593.3
628.4 -14.9 15.0 1.0 0.0 0.0 0.0
1435292593.33
628.5 -15.0 15.0 1.0 0.0 0.0 0.0
1435292593.36
628.6 -15.1 15.0 1.0 0.0 0.0 0.0
1435292593.39
628.7 -15.2 15.0 1.0 0.0 0.0 0.0
1435292593.42
628.8 -15.3 15.0 1.0 0.0 0.0 0.0
1435292593.45
628.8 -15.3 15.0 1.0 0.0 0.0 0.0
1435292593.48
628.8 -15.3 15.0 1.0 0.0 0.0 0.0
1435292593.51
628.8 -15.3 15.0 1.0 0.0 0.0 0.0
1435292593.55
628.8 -15.3 15.0 1.0 0.0 0.0 0.0
1435292593.58
628.8 -15.3 15.0 1.0 0.0 0.0 0.0
1435292593.6
628.8 -15.3 15.0 1.0 0.0 0.0 0.0
1435292593.64
628.8 -15.3 15.0 1.0 0.0 0.0 0.0
1435292593.67
628.8 -15.3 15.0 1.0 0.0 0.0 0.0
1435292593.7
628.8 -15.3 15.0 1.0 0.0 0.0 0.0
1435292593.73
628.8 -15.3 15.0 1.0 0.0 0.0 0.0
1435292593.76
628.8 -15.3 15.0 1.0 0.0 0.0 0.0
1435292593.79
628.8 -15.3 15.0 1.0 0.0 0.0 0.0
1435292593.82
628.8 -15.3 15.0 1.0 0.0 0.0 0.0
1435292593.85
628.8 -15.3 15.0 1.0 0.0 0.0 0.0
1435292593.88
628.8 -15.3 15.0 1.0 0.0 0.0 0.0
1435292593.91
628.8 -15.3 15.0 1.0 0.0 0.0 0.0
1435292593.94
628.8 -15.3 15.0 1.0 0.0 0.0 0.0
1435292593.97
628.8 -15.3 15.0 1.0 0.0 0.0 0.0
1435292594.0
628.8 -15.3 15.0 1.0 0.0 0.0 0.0
1435292594.03
628.8 -15.3 15.0 1.0 0.0 0.0 0.0
1435292594.06
628.8 -15.3 15.0 1.0 0.0 0.0 0.0
1435292594.09
628.8 -15.3 15.0 1.0 0.0 0.0 0.0
1435292594.12
628.8 -15.3 15.0 1.0 0.0 0.0 0.0
1435292594.15
628.7 -15.3 15.0 1.0 0.0 0.0 0.0
1435292594.18
628.7 -15.3 15.0 1.0 0.0 0.0 0.0
1435292594.21
628.5 -15.2 15.0 1.0 0.0 0.0 0.0
1435292594.24
628.4 -15.0 15.0 1.0 0.0 0.0 0.0
1435292594.27
628.3 -14.9 15.0 1.0 0.0 0.0 0.0
1435292594.3
628.3 -14.8 15.0 1.0 0.0 0.0 0.0
1435292594.33
628.1 -14.7 15.0 1.0 0.0 0.0 0.0
1435292594.37
628.0 -14.6 15.0 1.0 0.0 0.0 0.0
1435292594.39
627.9 -14.5 15.0 1.0 0.0 0.0 0.0
1435292594.43
627.9 -14.4 15.0 1.0 0.0 0.0 0.0
1435292594.46
627.9 -14.4 15.0 1.0 0.0 0.0 0.0
1435292594.49
627.9 -14.5 15.0 1.0 0.0 0.0 0.0
1435292594.52
628.0 -14.6 15.0 1.0 0.0 0.0 0.0
1435292594.55
628.1 -14.7 15.0 1.0 0.0 0.0 0.0
1435292594.58
628.1 -14.9 15.0 1.0 0.0 0.0 0.0
1435292594.61
628.2 -15.0 15.0 1.0 0.0 0.0 0.0
1435292594.64
628.2 -15.2 15.0 1.0 0.0 0.0 0.0
1435292594.67
628.3 -15.3 15.0 1.0 0.0 0.0 0.0
1435292594.7
628.3 -15.5 15.0 1.0 0.0 0.0 0.0
1435292594.73
628.4 -15.6 15.0 1.0 0.0 0.0 0.0
1435292594.76
628.4 -15.8 15.0 1.0 0.0 0.0 0.0
1435292594.79
628.5 -15.9 15.0 1.0 0.0 0.0 0.0
1435292594.82
628.6 -16.1 15.0 1.0 0.0 0.0 0.0
1435292594.85
628.6 -16.2 15.0 1.0 0.0 0.0 0.0
1435292594.88
628.7 -16.4 15.0 1.0 0.0 0.0 0.0
1435292594.91
628.7 -16.5 15.0 1.0 0.0 0.0 0.0
1435292594.94
628.8 -16.6 15.0 1.0 0.0 0.0 0.0
1435292594.97
628.8 -16.8 15.0 1.0 0.0 0.0 0.0
1435292595.0
628.9 -16.9 15.0 1.0 0.0 0.0 0.0
1435292595.03
629.0 -17.1 15.0 1.0 0.0 0.0 0.0
1435292595.06
629.0 -17.2 15.0 1.0 0.0 0.0 0.0
1435292595.1
629.1 -17.3 15.0 1.0 0.0 0.0 0.0
1435292595.12
629.1 -17.5 15.0 1.0 0.0 0.0 0.0
1435292595.16
629.2 -17.6 15.0 1.0 0.0 0.0 0.0
1435292595.18
629.3 -17.8 15.0 1.0 0.0 0.0 0.0
1435292595.22
629.3 -17.9 15.0 1.0 0.0 0.0 0.0
1435292595.25
629.4 -18.1 15.0 1.0 0.0 0.0 0.0
1435292595.28
629.4 -18.2 15.0 1.0 0.0 0.0 0.0
1435292595.31
629.5 -18.3 15.0 1.0 0.0 0.0 0.0
1435292595.34
629.6 -18.5 15.0 1.0 0.0 0.0 0.0
1435292595.37
629.6 -18.6 15.0 1.0 0.0 0.0 0.0
1435292595.4
629.7 -18.7 15.0 1.0 0.0 0.0 0.0
1435292595.43
629.7 -18.9 15.0 1.0 0.0 0.0 0.0
1435292595.46
629.8 -19.0 15.0 1.0 0.0 0.0 0.0
1435292595.49
629.9 -19.2 15.0 1.0 0.0 0.0 0.0
1435292595.52
629.9 -19.3 15.0 1.0 0.0 0.0 0.0
1435292595.55
630.0 -19.5 15.0 1.0 0.0 0.0 0.0
1435292595.58
630.0 -19.6 15.0 1.0 0.0 0.0 0.0
1435292595.61
630.1 -19.8 15.0 1.0 0.0 0.0 0.0
1435292595.64
630.1 -19.9 15.0 1.0 0.0 0.0 0.0
1435292595.67
630.2 -20.0 15.0 1.0 0.0 0.0 0.0
1435292595.7
630.3 -20.1 15.0 1.0 0.0 0.0 0.0
1435292595.73
630.3 -20.3 15.0 1.0 0.0 0.0 0.0
1435292595.76
630.4 -20.4 15.0 1.0 0.0 0.0 0.0
1435292595.79
630.4 -20.5 15.0 1.0 0.0 0.0 0.0
1435292595.82
630.5 -20.7 15.0 1.0 0.0 0.0 0.0
1435292595.85
630.5 -20.8 15.0 1.0 0.0 0.0 0.0
1435292595.88
630.6 -21.0 15.0 1.0 0.0 0.0 0.0
1435292595.91
630.7 -21.1 15.0 1.0 0.0 0.0 0.0
1435292595.94
630.7 -21.2 15.0 1.0 0.0 0.0 0.0
1435292595.97
630.8 -21.4 15.0 1.0 0.0 0.0 0.0
1435292596.0
630.8 -21.5 15.0 1.0 0.0 0.0 0.0
1435292596.03
630.9 -21.7 15.0 1.0 0.0 0.0 0.0
1435292596.06
631.0 -21.8 15.0 1.0 0.0 0.0 0.0
1435292596.08
631.0 -21.9 15.0 1.0 0.0 0.0 0.0
1435292596.12
631.1 -22.0 15.0 1.0 0.0 0.0 0.0
1435292596.14
631.1 -22.2 15.0 1.0 0.0 0.0 0.0
1435292596.18
631.2 -22.3 15.0 1.0 0.0 0.0 0.0
1435292596.2
631.2 -22.4 15.0 1.0 0.0 0.0 0.0
1435292596.24
631.3 -22.6 15.0 1.0 0.0 0.0 0.0
1435292596.26
631.3 -22.7 15.0 1.0 0.0 0.0 0.0
1435292596.3
631.4 -22.9 15.0 1.0 0.0 0.0 0.0
1435292596.33
631.5 -23.0 15.0 1.0 0.0 0.0 0.0
1435292596.36
631.5 -23.1 15.0 1.0 0.0 0.0 0.0
1435292596.39
631.5 -23.1 15.0 1.0 0.0 0.0 0.0
1435292596.42
631.5 -23.1 15.0 1.0 0.0 0.0 0.0
1435292596.45
631.5 -23.1 15.0 1.0 0.0 0.0 0.0
1435292596.47
631.5 -23.1 15.0 1.0 0.0 0.0 0.0
1435292596.5
631.5 -23.1 15.0 1.0 0.0 0.0 0.0
1435292596.54
631.5 -23.1 15.0 1.0 0.0 0.0 0.0
1435292596.57
631.5 -23.1 15.0 1.0 0.0 0.0 0.0
1435292596.6
631.5 -23.1 15.0 1.0 0.0 0.0 0.0
1435292596.62
631.5 -23.1 15.0 1.0 0.0 0.0 0.0
1435292596.66
631.5 -23.1 15.0 1.0 0.0 0.0 0.0
1435292596.69
631.5 -23.1 15.0 1.0 0.0 0.0 0.0
1435292596.72
631.5 -23.1 15.0 1.0 0.0 0.0 0.0
1435292596.75
631.5 -23.1 15.0 1.0 0.0 0.0 0.0
1435292596.78
631.5 -23.1 15.0 1.0 0.0 0.0 0.0
1435292596.81
631.5 -23.1 15.0 1.0 0.0 0.0 0.0
1435292596.84
631.5 -23.1 15.0 1.0 0.0 0.0 0.0
1435292596.87
631.5 -23.1 15.0 1.0 0.0 0.0 0.0
1435292596.9
631.5 -23.1 15.0 1.0 0.0 0.0 0.0
1435292596.94
631.5 -23.1 15.0 1.0 0.0 0.0 0.0
1435292596.97
631.5 -23.1 15.0 1.0 0.0 0.0 0.0
1435292597.01
631.5 -23.1 15.0 1.0 0.0 0.0 0.0
1435292597.03
631.5 -23.1 15.0 1.0 0.0 0.0 0.0
1435292597.06
631.4 -23.0 15.0 1.0 0.0 0.0 0.0
1435292597.09
631.4 -22.9 15.0 1.0 0.0 0.0 0.0
1435292597.12
631.3 -22.7 15.0 1.0 0.0 0.0 0.0
1435292597.15
631.3 -22.6 15.0 1.0 0.0 0.0 0.0
1435292597.18
631.2 -22.4 15.0 1.0 0.0 0.0 0.0
1435292597.21
631.2 -22.3 15.0 1.0 0.0 0.0 0.0
1435292597.24
631.1 -22.2 15.0 1.0 0.0 0.0 0.0
1435292597.27
631.1 -22.1 15.0 1.0 0.0 0.0 0.0
1435292597.3
631.1 -22.1 15.0 1.0 0.0 0.0 0.0
1435292597.33
631.1 -22.1 15.0 1.0 0.0 0.0 0.0
1435292597.36
631.1 -22.1 15.0 1.0 0.0 0.0 0.0
1435292597.39
631.1 -22.1 15.0 1.0 0.0 0.0 0.0
1435292597.42
631.1 -22.1 15.0 1.0 0.0 0.0 0.0
1435292597.45
631.1 -22.1 15.0 1.0 0.0 0.0 0.0
1435292597.48
631.1 -22.1 15.0 1.0 0.0 0.0 0.0
1435292597.51
631.1 -22.1 15.0 1.0 0.0 0.0 0.0
1435292597.55
631.1 -22.1 15.0 1.0 0.0 0.0 0.0
1435292597.58
631.1 -22.1 15.0 1.0 0.0 0.0 0.0
1435292597.61
631.1 -22.1 15.0 1.0 0.0 0.0 0.0
1435292597.63
631.1 -22.1 15.0 1.0 0.0 0.0 0.0
1435292597.67
631.1 -22.1 15.0 1.0 0.0 0.0 0.0
1435292597.7
631.1 -22.1 15.0 1.0 0.0 0.0 0.0
1435292597.73
631.1 -22.1 15.0 1.0 0.0 0.0 0.0
1435292597.75
631.1 -22.1 15.0 1.0 0.0 0.0 0.0
1435292597.79
631.1 -22.1 15.0 1.0 0.0 0.0 0.0
1435292597.82
631.1 -22.1 15.0 1.0 0.0 0.0 0.0
1435292597.85
631.1 -22.1 15.0 1.0 0.0 0.0 0.0
1435292597.87
631.1 -22.1 15.0 1.0 0.0 0.0 0.0
1435292597.91
631.1 -22.1 15.0 1.0 0.0 0.0 0.0
1435292597.94
631.1 -22.1 15.0 1.0 0.0 0.0 0.0
1435292597.97
631.1 -22.1 15.0 1.0 0.0 0.0 0.0
1435292598.0
631.1 -22.1 15.0 1.0 0.0 0.0 0.0
1435292598.03
631.1 -22.1 15.0 1.0 0.0 0.0 0.0
1435292598.06
631.1 -22.1 15.0 1.0 0.0 0.0 0.0
1435292598.09
631.1 -22.1 15.0 1.0 0.0 0.0 0.0
1435292598.12
631.1 -22.1 15.0 1.0 0.0 0.0 0.0
1435292598.15
631.1 -22.1 15.0 1.0 0.0 0.0 0.0
1435292598.18
631.1 -22.1 15.0 1.0 0.0 0.0 0.0
1435292598.21
631.1 -22.1 15.0 1.0 0.0 0.0 0.0
1435292598.24
631.1 -22.1 15.0 1.0 0.0 0.0 0.0
1435292598.27
631.1 -22.1 15.0 1.0 0.0 0.0 0.0
1435292598.3
631.1 -22.1 15.0 1.0 0.0 0.0 0.0
1435292598.33
631.1 -22.1 15.0 1.0 0.0 0.0 0.0
1435292598.36
631.1 -22.1 15.0 1.0 0.0 0.0 0.0
1435292598.39
631.1 -22.1 15.0 1.0 0.0 0.0 0.0
1435292598.41
631.1 -22.1 15.0 1.0 0.0 0.0 0.0
1435292598.45
631.1 -22.1 15.0 1.0 0.0 0.0 0.0
1435292598.48
631.1 -22.1 15.0 1.0 0.0 0.0 0.0
1435292598.51
631.1 -22.1 15.0 1.0 0.0 0.0 0.0
1435292598.53
631.1 -22.1 15.0 1.0 0.0 0.0 0.0
1435292598.57
631.1 -22.1 15.0 1.0 0.0 0.0 0.0
1435292598.59
631.1 -22.1 15.0 1.0 0.0 0.0 0.0
1435292598.63
631.1 -22.1 15.0 1.0 0.0 0.0 0.0
1435292598.65
631.1 -22.1 15.0 1.0 0.0 0.0 0.0
1435292598.69
631.1 -22.1 15.0 1.0 0.0 0.0 0.0
1435292598.72
631.1 -22.1 15.0 1.0 0.0 0.0 0.0
1435292598.75
631.1 -22.1 15.0 1.0 0.0 0.0 0.0
1435292598.77
631.1 -22.1 15.0 1.0 0.0 0.0 0.0
1435292598.81
631.1 -22.1 15.0 1.0 0.0 0.0 0.0
1435292598.83
631.1 -22.1 15.0 1.0 0.0 0.0 0.0
1435292598.87
631.1 -22.1 15.0 1.0 0.0 0.0 0.0
1435292598.89
631.1 -22.1 15.0 1.0 0.0 0.0 0.0
1435292598.93
631.1 -22.1 15.0 1.0 0.0 0.0 0.0
1435292598.95
631.1 -22.1 15.0 1.0 0.0 0.0 0.0
1435292598.99
631.1 -22.1 15.0 1.0 0.0 0.0 0.0
1435292599.01
631.1 -22.1 15.0 1.0 0.0 0.0 0.0
1435292599.05
631.1 -22.1 15.0 1.0 0.0 0.0 0.0
1435292599.07
631.1 -22.1 15.0 1.0 0.0 0.0 0.0
1435292599.1
631.1 -22.1 15.0 1.0 0.0 0.0 0.0
1435292599.13
631.1 -22.1 15.0 1.0 0.0 0.0 0.0
1435292599.16
631.1 -22.1 15.0 1.0 0.0 0.0 0.0
1435292599.19
631.1 -22.1 15.0 1.0 0.0 0.0 0.0
1435292599.22
631.1 -22.1 15.0 1.0 0.0 0.0 0.0
1435292599.25
631.1 -22.1 15.0 1.0 0.0 0.0 0.0
1435292599.28
631.1 -22.1 15.0 1.0 0.0 0.0 0.0
1435292599.31
631.1 -22.1 15.0 1.0 0.0 0.0 0.0
1435292599.34
631.1 -22.1 15.0 1.0 0.0 0.0 0.0
1435292599.37
631.1 -22.1 15.0 1.0 0.0 0.0 0.0
1435292599.4
631.1 -22.1 15.0 1.0 0.0 0.0 0.0
1435292599.43
631.1 -22.1 15.0 1.0 0.0 0.0 0.0
1435292599.46
631.1 -22.1 15.0 1.0 0.0 0.0 0.0
1435292599.49
631.1 -22.1 15.0 1.0 0.0 0.0 0.0
1435292599.52
631.1 -22.1 15.0 1.0 0.0 0.0 0.0
1435292599.55
631.1 -22.1 15.0 1.0 0.0 0.0 0.0
1435292599.58
631.1 -22.1 15.0 1.0 0.0 0.0 0.0
1435292599.61
631.1 -22.1 15.0 1.0 0.0 0.0 0.0
1435292599.64
631.1 -22.1 15.0 1.0 0.0 0.0 0.0
1435292599.67
631.1 -22.1 15.0 1.0 0.0 0.0 0.0
1435292599.7
631.1 -22.1 15.0 1.0 0.0 0.0 0.0
1435292599.73
631.1 -22.1 15.0 1.0 0.0 0.0 0.0
1435292599.76
631.1 -22.1 15.0 1.0 0.0 0.0 0.0
1435292599.79
631.1 -22.1 15.0 1.0 0.0 0.0 0.0
1435292599.83
631.1 -22.1 15.0 1.0 0.0 0.0 0.0
1435292599.85
631.1 -22.1 15.0 1.0 0.0 0.0 0.0
1435292599.89
631.1 -22.1 15.0 1.0 0.0 0.0 0.0
1435292599.91
631.1 -22.1 15.0 1.0 0.0 0.0 0.0
1435292599.95
631.1 -22.1 15.0 1.0 0.0 0.0 0.0
1435292599.98
631.1 -22.1 15.0 1.0 0.0 0.0 0.0
1435292600.01
631.1 -22.1 15.0 1.0 0.0 0.0 0.0
1435292600.03
631.1 -22.1 15.0 1.0 0.0 0.0 0.0
1435292600.07
631.1 -22.1 15.0 1.0 0.0 0.0 0.0
1435292600.09
631.1 -22.1 15.0 1.0 0.0 0.0 0.0
1435292600.13
631.1 -22.1 15.0 1.0 0.0 0.0 0.0
1435292600.15
631.1 -22.1 15.0 1.0 0.0 0.0 0.0
1435292600.18
631.1 -22.1 15.0 1.0 0.0 0.0 0.0
1435292600.21
631.1 -22.1 15.0 1.0 0.0 0.0 0.0
1435292600.25
631.1 -22.1 15.0 1.0 0.0 0.0 0.0
1435292600.27
631.1 -22.1 15.0 1.0 0.0 0.0 0.0
1435292600.3
631.1 -22.1 15.0 1.0 0.0 0.0 0.0
1435292600.33
631.1 -22.1 15.0 1.0 0.0 0.0 0.0
1435292600.37
631.1 -22.1 15.0 1.0 0.0 0.0 0.0
1435292600.39
631.1 -22.1 15.0 1.0 0.0 0.0 0.0
1435292600.42
631.1 -22.1 15.0 1.0 0.0 0.0 0.0
1435292600.45
631.1 -22.1 15.0 1.0 0.0 0.0 0.0
1435292600.48
631.1 -22.1 15.0 1.0 0.0 0.0 0.0
1435292600.51
631.1 -22.1 15.0 1.0 0.0 0.0 0.0
1435292600.54
631.1 -22.1 15.0 1.0 0.0 0.0 0.0
1435292600.57
631.1 -22.1 15.0 1.0 0.0 0.0 0.0
1435292600.6
631.1 -22.1 15.0 1.0 0.0 0.0 0.0
1435292600.63
631.1 -22.1 15.0 1.0 0.0 0.0 0.0
1435292600.66
631.1 -22.1 15.0 1.0 0.0 0.0 0.0
1435292600.69
631.1 -22.1 15.0 1.0 0.0 0.0 0.0
1435292600.72
631.1 -22.1 15.0 1.0 0.0 0.0 0.0
1435292600.75
631.1 -22.1 15.0 1.0 0.0 0.0 0.0
1435292600.78
631.1 -22.1 15.0 1.0 0.0 0.0 0.0
1435292600.81
631.1 -22.1 15.0 1.0 0.0 0.0 0.0
1435292600.84
631.1 -22.1 15.0 1.0 0.0 0.0 0.0
1435292600.87
631.1 -22.1 15.0 1.0 0.0 0.0 0.0
1435292600.9
631.1 -22.1 15.0 1.0 0.0 0.0 0.0
1435292600.93
631.1 -22.1 15.0 1.0 0.0 0.0 0.0
1435292600.96
631.1 -22.1 15.0 1.0 0.0 0.0 0.0
1435292600.99
631.1 -22.1 15.0 1.0 0.0 0.0 0.0
1435292601.03
631.1 -22.1 15.0 1.0 0.0 0.0 0.0
1435292601.05
631.1 -22.1 15.0 1.0 0.0 0.0 0.0
1435292601.09
631.1 -22.1 15.0 1.0 0.0 0.0 0.0
1435292601.11
631.1 -22.1 15.0 1.0 0.0 0.0 0.0
1435292601.14
631.1 -22.1 15.0 1.0 0.0 0.0 0.0
1435292601.17
631.1 -22.1 15.0 1.0 0.0 0.0 0.0
1435292601.2
631.1 -22.1 15.0 1.0 0.0 0.0 0.0
1435292601.23
631.1 -22.1 15.0 1.0 0.0 0.0 0.0
1435292601.26
631.1 -22.1 15.0 1.0 0.0 0.0 0.0
1435292601.29
631.1 -22.1 15.0 1.0 0.0 0.0 0.0
1435292601.33
631.1 -22.1 15.0 1.0 0.0 0.0 0.0
1435292601.35
631.1 -22.1 15.0 1.0 0.0 0.0 0.0
1435292601.38
631.1 -22.1 15.0 1.0 0.0 0.0 0.0
1435292601.41
631.1 -22.1 15.0 1.0 0.0 0.0 0.0
1435292601.44
631.1 -22.1 15.0 1.0 0.0 0.0 0.0
1435292601.47
631.1 -22.1 15.0 1.0 0.0 0.0 0.0
1435292601.5
631.1 -22.1 15.0 1.0 0.0 0.0 0.0
1435292601.53
631.1 -22.1 15.0 1.0 0.0 0.0 0.0
1435292601.56
631.1 -22.1 15.0 1.0 0.0 0.0 0.0
1435292601.59
631.1 -22.1 15.0 1.0 0.0 0.0 0.0
1435292601.62
631.1 -22.1 15.0 1.0 0.0 0.0 0.0
1435292601.65
631.1 -22.1 15.0 1.0 0.0 0.0 0.0
1435292601.69
631.1 -22.1 15.0 1.0 0.0 0.0 0.0
1435292601.71
631.1 -22.1 15.0 1.0 0.0 0.0 0.0
1435292601.74
631.1 -22.1 15.0 1.0 0.0 0.0 0.0
1435292601.77
631.1 -22.1 15.0 1.0 0.0 0.0 0.0
1435292601.8
631.1 -22.1 15.0 1.0 0.0 0.0 0.0
1435292601.83
631.1 -22.1 15.0 1.0 0.0 0.0 0.0
1435292601.86
631.1 -22.1 15.0 1.0 0.0 0.0 0.0
1435292601.89
631.1 -22.1 15.0 1.0 0.0 0.0 0.0
1435292601.92
631.1 -22.1 15.0 1.0 0.0 0.0 0.0
1435292601.95
631.1 -22.1 15.0 1.0 0.0 0.0 0.0
1435292601.98
631.1 -22.1 15.0 1.0 0.0 0.0 0.0
1435292602.01
631.1 -22.1 15.0 1.0 0.0 0.0 0.0
1435292602.04
631.1 -22.1 15.0 1.0 0.0 0.0 0.0
1435292602.07
631.1 -22.1 15.0 1.0 0.0 0.0 0.0
1435292602.1
631.1 -22.1 15.0 1.0 0.0 0.0 0.0
1435292602.13
631.1 -22.1 15.0 1.0 0.0 0.0 0.0
1435292602.16
631.1 -22.1 15.0 1.0 0.0 0.0 0.0
1435292602.19
631.1 -22.1 15.0 1.0 0.0 0.0 0.0
1435292602.23
631.1 -22.1 15.0 1.0 0.0 0.0 0.0
1435292602.25
631.1 -22.1 15.0 1.0 0.0 0.0 0.0
1435292602.29
631.1 -22.1 15.0 1.0 0.0 0.0 0.0
1435292602.31
631.1 -22.1 15.0 1.0 0.0 0.0 0.0
1435292602.34
631.1 -22.1 15.0 1.0 0.0 0.0 0.0
1435292602.37
631.1 -22.1 15.0 1.0 0.0 0.0 0.0
1435292602.4
631.1 -22.1 15.0 1.0 0.0 0.0 0.0
1435292602.43
631.1 -22.1 15.0 1.0 0.0 0.0 0.0
1435292602.46
631.1 -22.1 15.0 1.0 0.0 0.0 0.0
1435292602.49
631.1 -22.1 15.0 1.0 0.0 0.0 0.0
1435292602.52
631.1 -22.1 15.0 1.0 0.0 0.0 0.0
1435292602.55
631.1 -22.1 15.0 1.0 0.0 0.0 0.0
1435292602.58
631.1 -22.1 15.0 1.0 0.0 0.0 0.0
1435292602.61
631.1 -22.1 15.0 1.0 0.0 0.0 0.0
1435292602.64
631.1 -22.1 15.0 1.0 0.0 0.0 0.0
1435292602.67
631.1 -22.1 15.0 1.0 0.0 0.0 0.0
1435292602.7
631.1 -22.1 15.0 1.0 0.0 0.0 0.0
1435292602.73
631.1 -22.1 15.0 1.0 0.0 0.0 0.0
1435292602.76
631.1 -22.1 15.0 1.0 0.0 0.0 0.0
1435292602.79
631.1 -22.1 15.0 1.0 0.0 0.0 0.0
1435292602.82
631.1 -22.1 15.0 1.0 0.0 0.0 0.0
1435292602.85
631.1 -22.1 15.0 1.0 0.0 0.0 0.0
1435292602.88
631.1 -22.1 15.0 1.0 0.0 0.0 0.0
1435292602.91
631.1 -22.1 15.0 1.0 0.0 0.0 0.0
1435292602.94
631.1 -22.1 15.0 1.0 0.0 0.0 0.0
1435292602.97
631.1 -22.1 15.0 1.0 0.0 0.0 0.0
1435292603.0
631.1 -22.1 15.0 1.0 0.0 0.0 0.0
1435292603.03
631.1 -22.1 15.0 1.0 0.0 0.0 0.0
1435292603.06
631.1 -22.1 15.0 1.0 0.0 0.0 0.0
1435292603.09
631.1 -22.1 15.0 1.0 0.0 0.0 0.0
1435292603.12
631.1 -22.1 15.0 1.0 0.0 0.0 0.0
1435292603.15
631.1 -22.1 15.0 1.0 0.0 0.0 0.0
1435292603.18
631.1 -22.1 15.0 1.0 0.0 0.0 0.0
1435292603.21
631.1 -22.1 15.0 1.0 0.0 0.0 0.0
1435292603.24
631.1 -22.1 15.0 1.0 0.0 0.0 0.0
1435292603.27
631.1 -22.1 15.0 1.0 0.0 0.0 0.0
1435292603.3
631.1 -22.1 15.0 1.0 0.0 0.0 0.0
1435292603.33
631.1 -22.1 15.0 1.0 0.0 0.0 0.0
1435292603.36
631.1 -22.1 15.0 1.0 0.0 0.0 0.0
1435292603.39
631.1 -22.1 15.0 1.0 0.0 0.0 0.0
1435292603.42
631.1 -22.1 15.0 1.0 0.0 0.0 0.0
1435292603.45
631.1 -22.1 15.0 1.0 0.0 0.0 0.0
1435292603.48
631.1 -22.1 15.0 1.0 0.0 0.0 0.0
1435292603.51
631.1 -22.1 15.0 1.0 0.0 0.0 0.0
1435292603.54
631.1 -22.1 15.0 1.0 0.0 0.0 0.0
1435292603.57
631.1 -22.1 15.0 1.0 0.0 0.0 0.0
1435292603.6
631.1 -22.1 15.0 1.0 0.0 0.0 0.0
1435292603.63
631.1 -22.1 15.0 1.0 0.0 0.0 0.0
1435292603.66
631.1 -22.1 15.0 1.0 0.0 0.0 0.0
1435292603.69
631.1 -22.1 15.0 1.0 0.0 0.0 0.0
1435292603.72
631.1 -22.1 15.0 1.0 0.0 0.0 0.0
1435292603.75
631.1 -22.1 15.0 1.0 0.0 0.0 0.0
1435292603.78
631.1 -22.1 15.0 1.0 0.0 0.0 0.0
1435292603.81
631.1 -22.1 15.0 1.0 0.0 0.0 0.0
1435292603.84
631.1 -22.1 15.0 1.0 0.0 0.0 0.0
1435292603.87
631.1 -22.1 15.0 1.0 0.0 0.0 0.0
1435292603.9
631.1 -22.1 15.0 1.0 0.0 0.0 0.0
1435292603.93
631.1 -22.1 15.0 1.0 0.0 0.0 0.0
1435292603.96
631.1 -22.1 15.0 1.0 0.0 0.0 0.0
1435292603.99
631.1 -22.1 15.0 1.0 0.0 0.0 0.0
1435292604.02
631.1 -22.1 15.0 1.0 0.0 0.0 0.0
1435292604.05
631.1 -22.1 15.0 1.0 0.0 0.0 0.0
1435292604.08
631.1 -22.1 15.0 1.0 0.0 0.0 0.0
1435292604.11
631.1 -22.1 15.0 1.0 0.0 0.0 0.0
1435292604.14
631.1 -22.1 15.0 1.0 0.0 0.0 0.0
1435292604.17
631.1 -22.1 15.0 1.0 0.0 0.0 0.0
1435292604.2
631.1 -22.1 15.0 1.0 0.0 0.0 0.0
1435292604.23
631.1 -22.1 15.0 1.0 0.0 0.0 0.0
1435292604.26
631.1 -22.1 15.0 1.0 0.0 0.0 0.0
1435292604.29
631.1 -22.1 15.0 1.0 0.0 0.0 0.0
1435292604.32
631.1 -22.1 15.0 1.0 0.0 0.0 0.0
1435292604.35
631.1 -22.1 15.0 1.0 0.0 0.0 0.0
1435292604.38
631.1 -22.1 15.0 1.0 0.0 0.0 0.0
1435292604.41
631.1 -22.1 15.0 1.0 0.0 0.0 0.0
1435292604.44
631.1 -22.1 15.0 1.0 0.0 0.0 0.0
1435292604.47
631.1 -22.1 15.0 1.0 0.0 0.0 0.0
1435292604.5
631.1 -22.1 15.0 1.0 0.0 0.0 0.0
1435292604.53
631.1 -22.1 15.0 1.0 0.0 0.0 0.0
1435292604.56
631.1 -22.1 15.0 1.0 0.0 0.0 0.0
1435292604.59
631.1 -22.1 15.0 1.0 0.0 0.0 0.0
1435292604.62
631.1 -22.1 15.0 1.0 0.0 0.0 0.0
1435292604.65
631.1 -22.1 15.0 1.0 0.0 0.0 0.0
1435292604.68
631.1 -22.1 15.0 1.0 0.0 0.0 0.0
1435292604.71
631.1 -22.1 15.0 1.0 0.0 0.0 0.0
1435292604.74
631.1 -22.1 15.0 1.0 0.0 0.0 0.0
1435292604.77
631.1 -22.1 15.0 1.0 0.0 0.0 0.0
1435292604.8
631.1 -22.1 15.0 1.0 0.0 0.0 0.0
1435292604.83
631.1 -22.1 15.0 1.0 0.0 0.0 0.0
