1435261816.59
500.0 0.0 15.0 1.0 0.0 0.0 0.0
1435261816.61
500.0 0.0 15.0 1.0 0.0 0.0 0.0
1435261816.65
500.0 0.0 15.0 1.0 0.0 0.0 0.0
1435261816.67
500.0 0.0 15.0 1.0 0.0 0.0 0.0
1435261816.71
500.0 0.0 15.0 1.0 0.0 0.0 0.0
1435261816.73
500.0 0.0 15.0 1.0 0.0 0.0 0.0
1435261816.76
500.0 0.0 15.0 1.0 0.0 0.0 0.0
1435261816.79
500.0 0.0 15.0 1.0 0.0 0.0 0.0
1435261816.83
500.0 0.0 15.0 1.0 0.0 0.0 0.0
1435261816.85
500.0 0.0 15.0 1.0 0.0 0.0 0.0
1435261816.88
500.0 0.0 15.0 1.0 0.0 0.0 0.0
1435261816.91
500.0 0.0 15.0 1.0 0.0 0.0 0.0
1435261816.94
500.0 0.0 15.0 1.0 0.0 0.0 0.0
1435261816.97
500.0 0.0 15.0 1.0 0.0 0.0 0.0
1435261817.01
500.0 0.0 15.0 1.0 0.0 0.0 0.0
1435261817.03
500.0 0.0 15.0 1.0 0.0 0.0 0.0
1435261817.07
500.0 0.0 15.0 1.0 0.0 0.0 0.0
1435261817.09
500.0 0.0 15.0 1.0 0.0 0.0 0.0
1435261817.13
500.0 0.0 15.0 1.0 0.0 0.0 0.0
1435261817.16
500.0 0.0 15.0 1.0 0.0 0.0 0.0
1435261817.19
500.0 0.0 15.0 1.0 0.0 0.0 0.0
1435261817.22
500.0 0.0 15.0 1.0 0.0 0.0 0.0
1435261817.25
500.0 0.0 15.0 1.0 0.0 0.0 0.0
1435261817.27
500.0 0.0 15.0 1.0 0.0 0.0 0.0
1435261817.31
500.0 0.0 15.0 1.0 0.0 0.0 0.0
1435261817.33
500.0 0.0 15.0 1.0 0.0 0.0 0.0
1435261817.36
500.0 0.0 15.0 1.0 0.0 0.0 0.0
1435261817.39
500.0 0.0 15.0 1.0 0.0 0.0 0.0
1435261817.42
500.0 0.0 15.0 1.0 0.0 0.0 0.0
1435261817.45
500.0 0.0 15.0 1.0 0.0 0.0 0.0
1435261817.49
500.0 0.0 15.0 1.0 0.0 0.0 0.0
1435261817.51
500.0 0.0 15.0 1.0 0.0 0.0 0.0
1435261817.54
500.0 0.0 15.0 1.0 0.0 0.0 0.0
1435261817.57
500.0 0.0 15.0 1.0 0.0 0.0 0.0
1435261817.61
500.0 0.0 15.0 1.0 0.0 0.0 0.0
1435261817.63
500.0 0.0 15.0 1.0 0.0 0.0 0.0
1435261817.67
500.0 0.0 15.0 1.0 0.0 0.0 0.0
1435261817.69
500.0 0.0 15.0 1.0 0.0 0.0 0.0
1435261817.72
500.0 0.0 15.0 1.0 0.0 0.0 0.0
1435261817.75
500.0 0.0 15.0 1.0 0.0 0.0 0.0
1435261817.78
500.0 0.0 15.0 1.0 0.0 0.0 0.0
1435261817.81
500.0 0.0 15.0 1.0 0.0 0.0 0.0
1435261817.84
500.0 0.0 15.0 1.0 0.0 0.0 0.0
1435261817.87
500.0 0.0 15.0 1.0 0.0 0.0 0.0
1435261817.91
500.0 0.0 15.0 1.0 0.0 0.0 0.0
1435261817.93
500.0 0.0 15.0 1.0 0.0 0.0 0.0
1435261817.97
500.0 0.0 15.0 1.0 0.0 0.0 0.0
1435261817.99
500.0 0.0 15.0 1.0 0.0 0.0 0.0
1435261818.03
500.0 0.0 15.0 1.0 0.0 0.0 0.0
1435261818.05
500.0 0.0 15.0 1.0 0.0 0.0 0.0
1435261818.09
500.0 0.0 15.0 1.0 0.0 0.0 0.0
1435261818.11
500.0 0.0 15.0 1.0 0.0 0.0 0.0
1435261818.15
500.0 0.0 15.0 1.0 0.0 0.0 0.0
1435261818.17
500.0 0.0 15.0 1.0 0.0 0.0 0.0
1435261818.21
500.0 0.0 15.0 1.0 0.0 0.0 0.0
1435261818.23
500.0 0.0 15.0 1.0 0.0 0.0 0.0
1435261818.27
500.0 0.0 15.0 1.0 0.0 0.0 0.0
1435261818.29
500.0 0.0 15.0 1.0 0.0 0.0 0.0
1435261818.32
500.0 0.0 15.0 1.0 0.0 0.0 0.0
1435261818.36
500.0 0.0 15.0 1.0 0.0 0.0 0.0
1435261818.38
500.0 0.0 15.0 1.0 0.0 0.0 0.0
1435261818.42
500.0 0.0 15.0 1.0 0.0 0.0 0.0
1435261818.45
500.0 0.0 15.0 1.0 0.0 0.0 0.0
1435261818.47
500.0 0.0 15.0 1.0 0.0 0.0 0.0
1435261818.51
500.0 0.0 15.0 1.0 0.0 0.0 0.0
1435261818.53
500.0 0.0 15.0 1.0 0.0 0.0 0.0
1435261818.57
500.0 0.0 15.0 1.0 0.0 0.0 0.0
1435261818.59
500.0 0.0 15.0 1.0 0.0 0.0 0.0
1435261818.63
500.0 0.0 15.0 1.0 0.0 0.0 0.0
1435261818.65
500.0 0.0 15.0 1.0 0.0 0.0 0.0
1435261818.69
500.0 0.0 15.0 1.0 0.0 0.0 0.0
1435261818.71
500.0 0.0 15.0 1.0 0.0 0.0 0.0
1435261818.75
500.0 0.0 15.0 1.0 0.0 0.0 0.0
1435261818.78
500.0 0.0 15.0 1.0 0.0 0.0 0.0
1435261818.81
500.0 0.0 15.0 1.0 0.0 0.0 0.0
1435261818.84
500.1 0.1 15.0 1.0 0.0 0.0 0.0
1435261818.87
500.1 0.1 15.0 1.0 0.0 0.0 0.0
1435261818.9
500.2 0.1 15.0 1.0 0.0 0.0 0.0
1435261818.93
500.3 0.1 15.0 1.0 0.0 0.0 0.0
1435261818.96
500.4 0.2 15.0 1.0 0.0 0.0 0.0
1435261818.99
500.5 0.2 15.0 1.0 0.0 0.0 0.0
1435261819.02
500.5 0.2 15.0 1.0 0.0 0.0 0.0
1435261819.05
500.6 0.3 15.0 1.0 0.0 0.0 0.0
1435261819.08
500.7 0.3 15.0 1.0 0.0 0.0 0.0
1435261819.11
500.8 0.4 15.0 1.0 0.0 0.0 0.0
1435261819.14
500.9 0.4 15.0 1.0 0.0 0.0 0.0
1435261819.17
500.9 0.4 15.0 1.0 0.0 0.0 0.0
1435261819.2
501.0 0.5 15.0 1.0 0.0 0.0 0.0
1435261819.23
501.1 0.5 15.0 1.0 0.0 0.0 0.0
1435261819.26
501.2 0.5 15.0 1.0 0.0 0.0 0.0
1435261819.29
501.3 0.6 15.0 1.0 0.0 0.0 0.0
1435261819.32
501.4 0.6 15.0 1.0 0.0 0.0 0.0
1435261819.35
501.4 0.7 15.0 1.0 0.0 0.0 0.0
1435261819.38
501.5 0.7 15.0 1.0 0.0 0.0 0.0
1435261819.41
501.6 0.7 15.0 1.0 0.0 0.0 0.0
1435261819.44
501.7 0.8 15.0 1.0 0.0 0.0 0.0
1435261819.47
501.8 0.8 15.0 1.0 0.0 0.0 0.0
1435261819.5
501.8 0.9 15.0 1.0 0.0 0.0 0.0
1435261819.53
501.9 0.9 15.0 1.0 0.0 0.0 0.0
1435261819.56
502.0 0.9 15.0 1.0 0.0 0.0 0.0
1435261819.59
502.1 1.0 15.0 1.0 0.0 0.0 0.0
1435261819.62
502.2 1.0 15.0 1.0 0.0 0.0 0.0
1435261819.65
502.3 1.0 15.0 1.0 0.0 0.0 0.0
1435261819.68
502.4 1.1 15.0 1.0 0.0 0.0 0.0
1435261819.71
502.4 1.1 15.0 1.0 0.0 0.0 0.0
1435261819.74
502.5 1.2 15.0 1.0 0.0 0.0 0.0
1435261819.77
502.6 1.2 15.0 1.0 0.0 0.0 0.0
1435261819.8
502.7 1.2 15.0 1.0 0.0 0.0 0.0
1435261819.83
502.7 1.3 15.0 1.0 0.0 0.0 0.0
1435261819.86
502.8 1.3 15.0 1.0 0.0 0.0 0.0
1435261819.9
502.9 1.3 15.0 1.0 0.0 0.0 0.0
1435261819.93
503.0 1.4 15.0 1.0 0.0 0.0 0.0
1435261819.96
503.1 1.4 15.0 1.0 0.0 0.0 0.0
1435261819.98
503.2 1.5 15.0 1.0 0.0 0.0 0.0
1435261820.02
503.2 1.5 15.0 1.0 0.0 0.0 0.0
1435261820.04
503.3 1.5 15.0 1.0 0.0 0.0 0.0
1435261820.08
503.4 1.6 15.0 1.0 0.0 0.0 0.0
1435261820.1
503.5 1.6 15.0 1.0 0.0 0.0 0.0
1435261820.14
503.6 1.6 15.0 1.0 0.0 0.0 0.0
1435261820.17
503.7 1.7 15.0 1.0 0.0 0.0 0.0
1435261820.2
503.7 1.7 15.0 1.0 0.0 0.0 0.0
1435261820.23
503.8 1.8 15.0 1.0 0.0 0.0 0.0
1435261820.26
503.9 1.8 15.0 1.0 0.0 0.0 0.0
1435261820.29
504.0 1.8 15.0 1.0 0.0 0.0 0.0
1435261820.32
504.1 1.9 15.0 1.0 0.0 0.0 0.0
1435261820.35
504.2 1.9 15.0 1.0 0.0 0.0 0.0
1435261820.38
504.2 2.0 15.0 1.0 0.0 0.0 0.0
1435261820.41
504.3 2.0 15.0 1.0 0.0 0.0 0.0
1435261820.44
504.4 2.0 15.0 1.0 0.0 0.0 0.0
1435261820.47
504.5 2.1 15.0 1.0 0.0 0.0 0.0
1435261820.5
504.6 2.1 15.0 1.0 0.0 0.0 0.0
1435261820.53
504.6 2.2 15.0 1.0 0.0 0.0 0.0
1435261820.56
504.7 2.2 15.0 1.0 0.0 0.0 0.0
1435261820.59
504.8 2.2 15.0 1.0 0.0 0.0 0.0
1435261820.62
504.9 2.3 15.0 1.0 0.0 0.0 0.0
1435261820.65
505.0 2.3 15.0 1.0 0.0 0.0 0.0
1435261820.68
505.1 2.3 15.0 1.0 0.0 0.0 0.0
1435261820.71
505.1 2.4 15.0 1.0 0.0 0.0 0.0
1435261820.74
505.2 2.4 15.0 1.0 0.0 0.0 0.0
1435261820.77
505.3 2.4 15.0 1.0 0.0 0.0 0.0
1435261820.8
505.4 2.5 15.0 1.0 0.0 0.0 0.0
1435261820.83
505.5 2.5 15.0 1.0 0.0 0.0 0.0
1435261820.86
505.5 2.6 15.0 1.0 0.0 0.0 0.0
1435261820.89
505.6 2.6 15.0 1.0 0.0 0.0 0.0
1435261820.92
505.7 2.6 15.0 1.0 0.0 0.0 0.0
1435261820.95
505.8 2.7 15.0 1.0 0.0 0.0 0.0
1435261820.98
505.9 2.7 15.0 1.0 0.0 0.0 0.0
1435261821.01
506.0 2.7 15.0 1.0 0.0 0.0 0.0
1435261821.04
506.0 2.8 15.0 1.0 0.0 0.0 0.0
1435261821.07
506.1 2.8 15.0 1.0 0.0 0.0 0.0
1435261821.1
506.2 2.9 15.0 1.0 0.0 0.0 0.0
1435261821.13
506.3 2.9 15.0 1.0 0.0 0.0 0.0
1435261821.16
506.4 2.9 15.0 1.0 0.0 0.0 0.0
1435261821.19
506.4 3.0 15.0 1.0 0.0 0.0 0.0
1435261821.22
506.5 3.0 15.0 1.0 0.0 0.0 0.0
1435261821.25
506.6 3.1 15.0 1.0 0.0 0.0 0.0
1435261821.28
506.7 3.1 15.0 1.0 0.0 0.0 0.0
1435261821.31
506.8 3.1 15.0 1.0 0.0 0.0 0.0
1435261821.35
506.9 3.2 15.0 1.0 0.0 0.0 0.0
1435261821.37
506.9 3.2 15.0 1.0 0.0 0.0 0.0
1435261821.4
507.0 3.3 15.0 1.0 0.0 0.0 0.0
1435261821.43
507.1 3.3 15.0 1.0 0.0 0.0 0.0
1435261821.46
507.2 3.3 15.0 1.0 0.0 0.0 0.0
1435261821.49
507.3 3.4 15.0 1.0 0.0 0.0 0.0
1435261821.53
507.4 3.4 15.0 1.0 0.0 0.0 0.0
1435261821.55
507.4 3.4 15.0 1.0 0.0 0.0 0.0
1435261821.59
507.5 3.5 15.0 1.0 0.0 0.0 0.0
1435261821.61
507.6 3.5 15.0 1.0 0.0 0.0 0.0
1435261821.65
507.7 3.6 15.0 1.0 0.0 0.0 0.0
1435261821.67
507.8 3.6 15.0 1.0 0.0 0.0 0.0
1435261821.71
507.8 3.6 15.0 1.0 0.0 0.0 0.0
1435261821.74
507.9 3.7 15.0 1.0 0.0 0.0 0.0
1435261821.77
508.0 3.7 15.0 1.0 0.0 0.0 0.0
1435261821.8
508.1 3.7 15.0 1.0 0.0 0.0 0.0
1435261821.83
508.2 3.8 15.0 1.0 0.0 0.0 0.0
1435261821.85
508.3 3.8 15.0 1.0 0.0 0.0 0.0
1435261821.89
508.3 3.9 15.0 1.0 0.0 0.0 0.0
1435261821.91
508.4 3.9 15.0 1.0 0.0 0.0 0.0
1435261821.95
508.5 3.9 15.0 1.0 0.0 0.0 0.0
1435261821.98
508.6 4.0 15.0 1.0 0.0 0.0 0.0
1435261822.01
508.7 4.0 15.0 1.0 0.0 0.0 0.0
1435261822.04
508.8 4.0 15.0 1.0 0.0 0.0 0.0
1435261822.07
508.8 4.1 15.0 1.0 0.0 0.0 0.0
1435261822.1
508.9 4.1 15.0 1.0 0.0 0.0 0.0
1435261822.13
509.0 4.2 15.0 1.0 0.0 0.0 0.0
1435261822.16
509.1 4.2 15.0 1.0 0.0 0.0 0.0
1435261822.19
509.1 4.2 15.0 1.0 0.0 0.0 0.0
1435261822.22
509.2 4.3 15.0 1.0 0.0 0.0 0.0
1435261822.25
509.3 4.3 15.0 1.0 0.0 0.0 0.0
1435261822.28
509.4 4.4 15.0 1.0 0.0 0.0 0.0
1435261822.31
509.5 4.4 15.0 1.0 0.0 0.0 0.0
1435261822.34
509.6 4.4 15.0 1.0 0.0 0.0 0.0
1435261822.37
509.7 4.5 15.0 1.0 0.0 0.0 0.0
1435261822.4
509.7 4.5 15.0 1.0 0.0 0.0 0.0
1435261822.43
509.8 4.5 15.0 1.0 0.0 0.0 0.0
1435261822.46
509.9 4.6 15.0 1.0 0.0 0.0 0.0
1435261822.49
510.0 4.6 15.0 1.0 0.0 0.0 0.0
1435261822.52
510.1 4.7 15.0 1.0 0.0 0.0 0.0
1435261822.55
510.2 4.7 15.0 1.0 0.0 0.0 0.0
1435261822.58
510.2 4.7 15.0 1.0 0.0 0.0 0.0
1435261822.61
510.3 4.8 15.0 1.0 0.0 0.0 0.0
1435261822.64
510.4 4.8 15.0 1.0 0.0 0.0 0.0
1435261822.67
510.5 4.9 15.0 1.0 0.0 0.0 0.0
1435261822.7
510.6 4.9 15.0 1.0 0.0 0.0 0.0
1435261822.73
510.6 4.9 15.0 1.0 0.0 0.0 0.0
1435261822.76
510.7 5.0 15.0 1.0 0.0 0.0 0.0
1435261822.79
510.8 5.0 15.0 1.0 0.0 0.0 0.0
1435261822.82
510.9 5.0 15.0 1.0 0.0 0.0 0.0
1435261822.85
511.0 5.1 15.0 1.0 0.0 0.0 0.0
1435261822.88
511.1 5.1 15.0 1.0 0.0 0.0 0.0
1435261822.91
511.1 5.1 15.0 1.0 0.0 0.0 0.0
1435261822.95
511.2 5.2 15.0 1.0 0.0 0.0 0.0
1435261822.97
511.3 5.2 15.0 1.0 0.0 0.0 0.0
1435261823.01
511.4 5.3 15.0 1.0 0.0 0.0 0.0
1435261823.04
511.5 5.3 15.0 1.0 0.0 0.0 0.0
1435261823.07
511.6 5.3 15.0 1.0 0.0 0.0 0.0
1435261823.09
511.6 5.4 15.0 1.0 0.0 0.0 0.0
1435261823.13
511.7 5.4 15.0 1.0 0.0 0.0 0.0
1435261823.16
511.8 5.5 15.0 1.0 0.0 0.0 0.0
1435261823.19
511.9 5.5 15.0 1.0 0.0 0.0 0.0
1435261823.22
512.0 5.5 15.0 1.0 0.0 0.0 0.0
1435261823.25
512.1 5.5 15.0 1.0 0.0 0.0 0.0
1435261823.28
512.2 5.5 15.0 1.0 0.0 0.0 0.0
1435261823.31
512.2 5.5 15.0 1.0 0.0 0.0 0.0
1435261823.34
512.3 5.4 15.0 1.0 0.0 0.0 0.0
1435261823.37
512.3 5.4 15.0 1.0 0.0 0.0 0.0
1435261823.4
512.4 5.3 15.0 1.0 0.0 0.0 0.0
1435261823.43
512.5 5.2 15.0 1.0 0.0 0.0 0.0
1435261823.46
512.5 5.1 15.0 1.0 0.0 0.0 0.0
1435261823.49
512.6 5.0 15.0 1.0 0.0 0.0 0.0
1435261823.52
512.6 5.0 15.0 1.0 0.0 0.0 0.0
1435261823.55
512.7 4.9 15.0 1.0 0.0 0.0 0.0
1435261823.58
512.7 4.8 15.0 1.0 0.0 0.0 0.0
1435261823.61
512.8 4.7 15.0 1.0 0.0 0.0 0.0
1435261823.64
512.8 4.6 15.0 1.0 0.0 0.0 0.0
1435261823.67
512.9 4.6 15.0 1.0 0.0 0.0 0.0
1435261823.7
512.9 4.5 15.0 1.0 0.0 0.0 0.0
1435261823.73
513.0 4.4 15.0 1.0 0.0 0.0 0.0
1435261823.76
513.0 4.3 15.0 1.0 0.0 0.0 0.0
1435261823.79
513.1 4.3 15.0 1.0 0.0 0.0 0.0
1435261823.82
513.2 4.2 15.0 1.0 0.0 0.0 0.0
1435261823.85
513.2 4.1 15.0 1.0 0.0 0.0 0.0
1435261823.88
513.3 4.1 15.0 1.0 0.0 0.0 0.0
1435261823.91
513.3 4.0 15.0 1.0 0.0 0.0 0.0
1435261823.94
513.4 3.9 15.0 1.0 0.0 0.0 0.0
1435261823.98
513.4 3.8 15.0 1.0 0.0 0.0 0.0
1435261824.0
513.5 3.8 15.0 1.0 0.0 0.0 0.0
1435261824.04
513.5 3.7 15.0 1.0 0.0 0.0 0.0
1435261824.06
513.6 3.6 15.0 1.0 0.0 0.0 0.0
1435261824.09
513.6 3.6 15.0 1.0 0.0 0.0 0.0
1435261824.12
513.7 3.5 15.0 1.0 0.0 0.0 0.0
1435261824.15
513.8 3.4 15.0 1.0 0.0 0.0 0.0
1435261824.18
513.8 3.3 15.0 1.0 0.0 0.0 0.0
1435261824.21
513.9 3.3 15.0 1.0 0.0 0.0 0.0
1435261824.24
513.9 3.2 15.0 1.0 0.0 0.0 0.0
1435261824.27
514.0 3.1 15.0 1.0 0.0 0.0 0.0
1435261824.3
514.0 3.0 15.0 1.0 0.0 0.0 0.0
1435261824.33
514.1 3.0 15.0 1.0 0.0 0.0 0.0
1435261824.36
514.1 2.9 15.0 1.0 0.0 0.0 0.0
1435261824.39
514.2 2.8 15.0 1.0 0.0 0.0 0.0
1435261824.42
514.2 2.8 15.0 1.0 0.0 0.0 0.0
1435261824.45
514.3 2.7 15.0 1.0 0.0 0.0 0.0
1435261824.48
514.4 2.6 15.0 1.0 0.0 0.0 0.0
1435261824.51
514.4 2.5 15.0 1.0 0.0 0.0 0.0
1435261824.54
514.5 2.5 15.0 1.0 0.0 0.0 0.0
1435261824.57
514.5 2.4 15.0 1.0 0.0 0.0 0.0
1435261824.6
514.6 2.3 15.0 1.0 0.0 0.0 0.0
1435261824.63
514.6 2.3 15.0 1.0 0.0 0.0 0.0
1435261824.66
514.7 2.2 15.0 1.0 0.0 0.0 0.0
1435261824.7
514.7 2.1 15.0 1.0 0.0 0.0 0.0
1435261824.72
514.8 2.0 15.0 1.0 0.0 0.0 0.0
1435261824.76
514.9 2.0 15.0 1.0 0.0 0.0 0.0
1435261824.78
514.9 1.9 15.0 1.0 0.0 0.0 0.0
1435261824.82
515.0 1.8 15.0 1.0 0.0 0.0 0.0
1435261824.84
515.0 1.7 15.0 1.0 0.0 0.0 0.0
1435261824.88
515.1 1.7 15.0 1.0 0.0 0.0 0.0
1435261824.91
515.1 1.6 15.0 1.0 0.0 0.0 0.0
1435261824.94
515.2 1.5 15.0 1.0 0.0 0.0 0.0
1435261824.97
515.2 1.5 15.0 1.0 0.0 0.0 0.0
1435261825.0
515.3 1.4 15.0 1.0 0.0 0.0 0.0
1435261825.03
515.3 1.3 15.0 1.0 0.0 0.0 0.0
1435261825.06
515.4 1.3 15.0 1.0 0.0 0.0 0.0
1435261825.09
515.4 1.2 15.0 1.0 0.0 0.0 0.0
1435261825.12
515.5 1.1 15.0 1.0 0.0 0.0 0.0
1435261825.15
515.6 1.0 15.0 1.0 0.0 0.0 0.0
1435261825.18
515.6 1.0 15.0 1.0 0.0 0.0 0.0
1435261825.21
515.7 0.9 15.0 1.0 0.0 0.0 0.0
1435261825.24
515.7 0.8 15.0 1.0 0.0 0.0 0.0
1435261825.27
515.8 0.7 15.0 1.0 0.0 0.0 0.0
1435261825.3
515.8 0.6 15.0 1.0 0.0 0.0 0.0
1435261825.33
515.9 0.6 15.0 1.0 0.0 0.0 0.0
1435261825.36
515.9 0.5 15.0 1.0 0.0 0.0 0.0
1435261825.39
516.0 0.4 15.0 1.0 0.0 0.0 0.0
1435261825.43
516.1 0.4 15.0 1.0 0.0 0.0 0.0
1435261825.45
516.1 0.3 15.0 1.0 0.0 0.0 0.0
1435261825.49
516.2 0.2 15.0 1.0 0.0 0.0 0.0
1435261825.52
516.2 0.1 15.0 1.0 0.0 0.0 0.0
1435261825.55
516.3 0.1 15.0 1.0 0.0 0.0 0.0
1435261825.58
516.3 0.0 15.0 1.0 0.0 0.0 0.0
1435261825.61
516.4 -0.1 15.0 1.0 0.0 0.0 0.0
1435261825.64
516.4 -0.1 15.0 1.0 0.0 0.0 0.0
1435261825.67
516.5 -0.2 15.0 1.0 0.0 0.0 0.0
1435261825.7
516.6 -0.3 15.0 1.0 0.0 0.0 0.0
1435261825.73
516.6 -0.4 15.0 1.0 0.0 0.0 0.0
1435261825.76
516.7 -0.4 15.0 1.0 0.0 0.0 0.0
1435261825.79
516.7 -0.5 15.0 1.0 0.0 0.0 0.0
1435261825.82
516.8 -0.6 15.0 1.0 0.0 0.0 0.0
1435261825.85
516.8 -0.6 15.0 1.0 0.0 0.0 0.0
1435261825.88
516.9 -0.7 15.0 1.0 0.0 0.0 0.0
1435261825.91
516.9 -0.8 15.0 1.0 0.0 0.0 0.0
1435261825.94
517.0 -0.9 15.0 1.0 0.0 0.0 0.0
1435261825.97
517.0 -0.9 15.0 1.0 0.0 0.0 0.0
1435261826.0
517.1 -1.0 15.0 1.0 0.0 0.0 0.0
1435261826.03
517.2 -1.1 15.0 1.0 0.0 0.0 0.0
1435261826.06
517.2 -1.2 15.0 1.0 0.0 0.0 0.0
1435261826.09
517.3 -1.2 15.0 1.0 0.0 0.0 0.0
1435261826.12
517.3 -1.3 15.0 1.0 0.0 0.0 0.0
1435261826.15
517.4 -1.3 15.0 1.0 0.0 0.0 0.0
1435261826.18
517.4 -1.4 15.0 1.0 0.0 0.0 0.0
1435261826.21
517.5 -1.5 15.0 1.0 0.0 0.0 0.0
1435261826.24
517.5 -1.6 15.0 1.0 0.0 0.0 0.0
1435261826.27
517.6 -1.6 15.0 1.0 0.0 0.0 0.0
1435261826.3
517.6 -1.7 15.0 1.0 0.0 0.0 0.0
1435261826.33
517.7 -1.8 15.0 1.0 0.0 0.0 0.0
1435261826.36
517.8 -1.9 15.0 1.0 0.0 0.0 0.0
1435261826.39
517.8 -1.9 15.0 1.0 0.0 0.0 0.0
1435261826.42
517.9 -2.0 15.0 1.0 0.0 0.0 0.0
1435261826.45
517.9 -2.1 15.0 1.0 0.0 0.0 0.0
1435261826.48
518.0 -2.2 15.0 1.0 0.0 0.0 0.0
1435261826.51
518.0 -2.2 15.0 1.0 0.0 0.0 0.0
1435261826.54
518.1 -2.3 15.0 1.0 0.0 0.0 0.0
1435261826.57
518.1 -2.4 15.0 1.0 0.0 0.0 0.0
1435261826.6
518.2 -2.4 15.0 1.0 0.0 0.0 0.0
1435261826.63
518.2 -2.5 15.0 1.0 0.0 0.0 0.0
1435261826.66
518.3 -2.6 15.0 1.0 0.0 0.0 0.0
1435261826.69
518.4 -2.7 15.0 1.0 0.0 0.0 0.0
1435261826.72
518.4 -2.7 15.0 1.0 0.0 0.0 0.0
1435261826.75
518.5 -2.8 15.0 1.0 0.0 0.0 0.0
1435261826.78
518.5 -2.9 15.0 1.0 0.0 0.0 0.0
1435261826.81
518.6 -2.9 15.0 1.0 0.0 0.0 0.0
1435261826.84
518.6 -3.0 15.0 1.0 0.0 0.0 0.0
1435261826.87
518.7 -3.1 15.0 1.0 0.0 0.0 0.0
1435261826.9
518.7 -3.2 15.0 1.0 0.0 0.0 0.0
1435261826.94
518.8 -3.2 15.0 1.0 0.0 0.0 0.0
1435261826.96
518.9 -3.3 15.0 1.0 0.0 0.0 0.0
1435261827.0
518.9 -3.4 15.0 1.0 0.0 0.0 0.0
1435261827.02
519.0 -3.5 15.0 1.0 0.0 0.0 0.0
1435261827.06
519.0 -3.5 15.0 1.0 0.0 0.0 0.0
1435261827.09
519.1 -3.6 15.0 1.0 0.0 0.0 0.0
1435261827.12
519.1 -3.7 15.0 1.0 0.0 0.0 0.0
1435261827.14
519.2 -3.7 15.0 1.0 0.0 0.0 0.0
1435261827.18
519.2 -3.8 15.0 1.0 0.0 0.0 0.0
1435261827.21
519.3 -3.9 15.0 1.0 0.0 0.0 0.0
1435261827.24
519.3 -4.0 15.0 1.0 0.0 0.0 0.0
1435261827.26
519.4 -4.0 15.0 1.0 0.0 0.0 0.0
1435261827.3
519.4 -4.1 15.0 1.0 0.0 0.0 0.0
1435261827.33
519.5 -4.2 15.0 1.0 0.0 0.0 0.0
1435261827.36
519.6 -4.2 15.0 1.0 0.0 0.0 0.0
1435261827.39
519.6 -4.3 15.0 1.0 0.0 0.0 0.0
1435261827.42
519.7 -4.4 15.0 1.0 0.0 0.0 0.0
1435261827.45
519.7 -4.5 15.0 1.0 0.0 0.0 0.0
1435261827.48
519.8 -4.5 15.0 1.0 0.0 0.0 0.0
1435261827.51
519.8 -4.6 15.0 1.0 0.0 0.0 0.0
1435261827.54
519.9 -4.7 15.0 1.0 0.0 0.0 0.0
1435261827.57
519.9 -4.8 15.0 1.0 0.0 0.0 0.0
1435261827.6
520.0 -4.8 15.0 1.0 0.0 0.0 0.0
1435261827.63
520.1 -4.9 15.0 1.0 0.0 0.0 0.0
1435261827.66
520.1 -5.0 15.0 1.0 0.0 0.0 0.0
1435261827.69
520.2 -5.1 15.0 1.0 0.0 0.0 0.0
1435261827.72
520.2 -5.1 15.0 1.0 0.0 0.0 0.0
1435261827.74
520.3 -5.2 15.0 1.0 0.0 0.0 0.0
1435261827.78
520.3 -5.3 15.0 1.0 0.0 0.0 0.0
1435261827.81
520.4 -5.3 15.0 1.0 0.0 0.0 0.0
1435261827.84
520.4 -5.4 15.0 1.0 0.0 0.0 0.0
1435261827.87
520.5 -5.5 15.0 1.0 0.0 0.0 0.0
1435261827.9
520.5 -5.5 15.0 1.0 0.0 0.0 0.0
1435261827.93
520.6 -5.6 15.0 1.0 0.0 0.0 0.0
1435261827.96
520.6 -5.7 15.0 1.0 0.0 0.0 0.0
1435261827.99
520.7 -5.8 15.0 1.0 0.0 0.0 0.0
1435261828.02
520.7 -5.8 15.0 1.0 0.0 0.0 0.0
1435261828.05
520.8 -5.9 15.0 1.0 0.0 0.0 0.0
1435261828.08
520.9 -6.0 15.0 1.0 0.0 0.0 0.0
1435261828.11
520.9 -6.1 15.0 1.0 0.0 0.0 0.0
1435261828.14
521.0 -6.1 15.0 1.0 0.0 0.0 0.0
1435261828.17
521.0 -6.2 15.0 1.0 0.0 0.0 0.0
1435261828.2
521.1 -6.3 15.0 1.0 0.0 0.0 0.0
1435261828.23
521.1 -6.3 15.0 1.0 0.0 0.0 0.0
1435261828.26
521.2 -6.4 15.0 1.0 0.0 0.0 0.0
1435261828.29
521.2 -6.5 15.0 1.0 0.0 0.0 0.0
1435261828.32
521.3 -6.6 15.0 1.0 0.0 0.0 0.0
1435261828.35
521.4 -6.6 15.0 1.0 0.0 0.0 0.0
1435261828.38
521.4 -6.7 15.0 1.0 0.0 0.0 0.0
1435261828.41
521.5 -6.8 15.0 1.0 0.0 0.0 0.0
1435261828.44
521.5 -6.8 15.0 1.0 0.0 0.0 0.0
1435261828.47
521.6 -6.9 15.0 1.0 0.0 0.0 0.0
1435261828.5
521.6 -7.0 15.0 1.0 0.0 0.0 0.0
1435261828.53
521.7 -7.1 15.0 1.0 0.0 0.0 0.0
1435261828.56
521.7 -7.1 15.0 1.0 0.0 0.0 0.0
1435261828.59
521.8 -7.2 15.0 1.0 0.0 0.0 0.0
1435261828.62
521.8 -7.3 15.0 1.0 0.0 0.0 0.0
1435261828.65
521.9 -7.4 15.0 1.0 0.0 0.0 0.0
1435261828.68
522.0 -7.4 15.0 1.0 0.0 0.0 0.0
1435261828.71
522.0 -7.5 15.0 1.0 0.0 0.0 0.0
1435261828.75
522.1 -7.6 15.0 1.0 0.0 0.0 0.0
1435261828.77
522.1 -7.6 15.0 1.0 0.0 0.0 0.0
1435261828.81
522.2 -7.7 15.0 1.0 0.0 0.0 0.0
1435261828.83
522.2 -7.8 15.0 1.0 0.0 0.0 0.0
1435261828.86
522.3 -7.9 15.0 1.0 0.0 0.0 0.0
1435261828.89
522.3 -7.9 15.0 1.0 0.0 0.0 0.0
1435261828.93
522.4 -8.0 15.0 1.0 0.0 0.0 0.0
1435261828.95
522.5 -8.1 15.0 1.0 0.0 0.0 0.0
1435261828.98
522.5 -8.1 15.0 1.0 0.0 0.0 0.0
1435261829.02
522.6 -8.2 15.0 1.0 0.0 0.0 0.0
1435261829.05
522.6 -8.3 15.0 1.0 0.0 0.0 0.0
1435261829.08
522.7 -8.4 15.0 1.0 0.0 0.0 0.0
1435261829.11
522.7 -8.4 15.0 1.0 0.0 0.0 0.0
1435261829.14
522.8 -8.5 15.0 1.0 0.0 0.0 0.0
1435261829.17
522.8 -8.6 15.0 1.0 0.0 0.0 0.0
1435261829.2
522.9 -8.7 15.0 1.0 0.0 0.0 0.0
1435261829.23
522.9 -8.7 15.0 1.0 0.0 0.0 0.0
1435261829.26
523.0 -8.8 15.0 1.0 0.0 0.0 0.0
1435261829.29
523.1 -8.9 15.0 1.0 0.0 0.0 0.0
1435261829.32
523.1 -9.0 15.0 1.0 0.0 0.0 0.0
1435261829.35
523.2 -9.0 15.0 1.0 0.0 0.0 0.0
1435261829.38
523.2 -9.1 15.0 1.0 0.0 0.0 0.0
1435261829.41
523.3 -9.1 15.0 1.0 0.0 0.0 0.0
1435261829.44
523.4 -9.1 15.0 1.0 0.0 0.0 0.0
1435261829.47
523.5 -9.1 15.0 1.0 0.0 0.0 0.0
1435261829.5
523.6 -9.1 15.0 1.0 0.0 0.0 0.0
1435261829.53
523.7 -9.0 15.0 1.0 0.0 0.0 0.0
1435261829.56
523.7 -9.0 15.0 1.0 0.0 0.0 0.0
1435261829.59
523.8 -8.9 15.0 1.0 0.0 0.0 0.0
1435261829.62
523.9 -8.9 15.0 1.0 0.0 0.0 0.0
1435261829.65
524.0 -8.8 15.0 1.0 0.0 0.0 0.0
1435261829.68
524.0 -8.8 15.0 1.0 0.0 0.0 0.0
1435261829.71
524.1 -8.7 15.0 1.0 0.0 0.0 0.0
1435261829.74
524.2 -8.7 15.0 1.0 0.0 0.0 0.0
1435261829.77
524.3 -8.6 15.0 1.0 0.0 0.0 0.0
1435261829.8
524.3 -8.6 15.0 1.0 0.0 0.0 0.0
1435261829.83
524.4 -8.5 15.0 1.0 0.0 0.0 0.0
1435261829.86
524.5 -8.5 15.0 1.0 0.0 0.0 0.0
1435261829.89
524.6 -8.4 15.0 1.0 0.0 0.0 0.0
1435261829.92
524.7 -8.4 15.0 1.0 0.0 0.0 0.0
1435261829.95
524.7 -8.3 15.0 1.0 0.0 0.0 0.0
1435261829.98
524.8 -8.3 15.0 1.0 0.0 0.0 0.0
1435261830.01
524.9 -8.2 15.0 1.0 0.0 0.0 0.0
1435261830.04
525.0 -8.2 15.0 1.0 0.0 0.0 0.0
1435261830.07
525.0 -8.1 15.0 1.0 0.0 0.0 0.0
1435261830.1
525.1 -8.1 15.0 1.0 0.0 0.0 0.0
1435261830.13
525.2 -8.0 15.0 1.0 0.0 0.0 0.0
1435261830.16
525.3 -8.0 15.0 1.0 0.0 0.0 0.0
1435261830.19
525.4 -8.0 15.0 1.0 0.0 0.0 0.0
1435261830.22
525.4 -7.9 15.0 1.0 0.0 0.0 0.0
1435261830.25
525.5 -7.9 15.0 1.0 0.0 0.0 0.0
1435261830.28
525.6 -7.8 15.0 1.0 0.0 0.0 0.0
1435261830.31
525.7 -7.8 15.0 1.0 0.0 0.0 0.0
1435261830.34
525.7 -7.7 15.0 1.0 0.0 0.0 0.0
1435261830.37
525.8 -7.7 15.0 1.0 0.0 0.0 0.0
1435261830.41
525.9 -7.6 15.0 1.0 0.0 0.0 0.0
1435261830.43
526.0 -7.6 15.0 1.0 0.0 0.0 0.0
1435261830.46
526.0 -7.5 15.0 1.0 0.0 0.0 0.0
1435261830.49
526.1 -7.5 15.0 1.0 0.0 0.0 0.0
1435261830.52
526.2 -7.4 15.0 1.0 0.0 0.0 0.0
1435261830.55
526.3 -7.4 15.0 1.0 0.0 0.0 0.0
1435261830.58
526.4 -7.3 15.0 1.0 0.0 0.0 0.0
1435261830.61
526.4 -7.3 15.0 1.0 0.0 0.0 0.0
1435261830.64
526.5 -7.2 15.0 1.0 0.0 0.0 0.0
1435261830.67
526.6 -7.2 15.0 1.0 0.0 0.0 0.0
1435261830.7
526.7 -7.1 15.0 1.0 0.0 0.0 0.0
1435261830.73
526.7 -7.1 15.0 1.0 0.0 0.0 0.0
1435261830.76
526.8 -7.1 15.0 1.0 0.0 0.0 0.0
1435261830.79
526.9 -7.0 15.0 1.0 0.0 0.0 0.0
1435261830.82
527.0 -7.0 15.0 1.0 0.0 0.0 0.0
1435261830.85
527.1 -6.9 15.0 1.0 0.0 0.0 0.0
1435261830.89
527.1 -6.9 15.0 1.0 0.0 0.0 0.0
1435261830.92
527.2 -6.8 15.0 1.0 0.0 0.0 0.0
1435261830.95
527.3 -6.8 15.0 1.0 0.0 0.0 0.0
1435261830.98
527.4 -6.7 15.0 1.0 0.0 0.0 0.0
1435261831.01
527.4 -6.7 15.0 1.0 0.0 0.0 0.0
1435261831.04
527.5 -6.6 15.0 1.0 0.0 0.0 0.0
1435261831.07
527.6 -6.6 15.0 1.0 0.0 0.0 0.0
1435261831.1
527.7 -6.5 15.0 1.0 0.0 0.0 0.0
1435261831.13
527.7 -6.5 15.0 1.0 0.0 0.0 0.0
1435261831.16
527.8 -6.4 15.0 1.0 0.0 0.0 0.0
1435261831.19
527.9 -6.4 15.0 1.0 0.0 0.0 0.0
1435261831.22
528.0 -6.3 15.0 1.0 0.0 0.0 0.0
1435261831.25
528.1 -6.3 15.0 1.0 0.0 0.0 0.0
1435261831.28
528.1 -6.3 15.0 1.0 0.0 0.0 0.0
1435261831.31
528.2 -6.2 15.0 1.0 0.0 0.0 0.0
1435261831.34
528.3 -6.2 15.0 1.0 0.0 0.0 0.0
1435261831.37
528.4 -6.1 15.0 1.0 0.0 0.0 0.0
1435261831.4
528.5 -6.1 15.0 1.0 0.0 0.0 0.0
1435261831.43
528.5 -6.0 15.0 1.0 0.0 0.0 0.0
1435261831.46
528.6 -6.0 15.0 1.0 0.0 0.0 0.0
1435261831.49
528.7 -5.9 15.0 1.0 0.0 0.0 0.0
1435261831.52
528.8 -5.9 15.0 1.0 0.0 0.0 0.0
1435261831.56
528.8 -5.8 15.0 1.0 0.0 0.0 0.0
1435261831.59
528.9 -5.8 15.0 1.0 0.0 0.0 0.0
1435261831.62
529.0 -5.7 15.0 1.0 0.0 0.0 0.0
1435261831.64
529.1 -5.7 15.0 1.0 0.0 0.0 0.0
1435261831.68
529.1 -5.6 15.0 1.0 0.0 0.0 0.0
1435261831.7
529.2 -5.6 15.0 1.0 0.0 0.0 0.0
1435261831.74
529.3 -5.5 15.0 1.0 0.0 0.0 0.0
1435261831.77
529.4 -5.5 15.0 1.0 0.0 0.0 0.0
1435261831.8
529.5 -5.4 15.0 1.0 0.0 0.0 0.0
1435261831.82
529.5 -5.4 15.0 1.0 0.0 0.0 0.0
1435261831.86
529.6 -5.4 15.0 1.0 0.0 0.0 0.0
1435261831.88
529.7 -5.3 15.0 1.0 0.0 0.0 0.0
1435261831.92
529.8 -5.3 15.0 1.0 0.0 0.0 0.0
1435261831.94
529.9 -5.2 15.0 1.0 0.0 0.0 0.0
1435261831.98
529.9 -5.2 15.0 1.0 0.0 0.0 0.0
1435261832.01
530.0 -5.1 15.0 1.0 0.0 0.0 0.0
1435261832.03
530.1 -5.1 15.0 1.0 0.0 0.0 0.0
1435261832.06
530.2 -5.0 15.0 1.0 0.0 0.0 0.0
1435261832.1
530.2 -5.0 15.0 1.0 0.0 0.0 0.0
1435261832.13
530.3 -4.9 15.0 1.0 0.0 0.0 0.0
1435261832.16
530.4 -4.9 15.0 1.0 0.0 0.0 0.0
1435261832.19
530.5 -4.8 15.0 1.0 0.0 0.0 0.0
1435261832.22
530.5 -4.8 15.0 1.0 0.0 0.0 0.0
1435261832.25
530.6 -4.7 15.0 1.0 0.0 0.0 0.0
1435261832.28
530.7 -4.7 15.0 1.0 0.0 0.0 0.0
1435261832.31
530.8 -4.6 15.0 1.0 0.0 0.0 0.0
1435261832.34
530.9 -4.6 15.0 1.0 0.0 0.0 0.0
1435261832.37
530.9 -4.5 15.0 1.0 0.0 0.0 0.0
1435261832.4
531.0 -4.5 15.0 1.0 0.0 0.0 0.0
1435261832.43
531.1 -4.5 15.0 1.0 0.0 0.0 0.0
1435261832.46
531.2 -4.4 15.0 1.0 0.0 0.0 0.0
1435261832.49
531.2 -4.4 15.0 1.0 0.0 0.0 0.0
1435261832.52
531.3 -4.3 15.0 1.0 0.0 0.0 0.0
1435261832.55
531.4 -4.3 15.0 1.0 0.0 0.0 0.0
1435261832.58
531.5 -4.2 15.0 1.0 0.0 0.0 0.0
1435261832.61
531.6 -4.2 15.0 1.0 0.0 0.0 0.0
1435261832.65
531.6 -4.1 15.0 1.0 0.0 0.0 0.0
1435261832.67
531.7 -4.1 15.0 1.0 0.0 0.0 0.0
1435261832.71
531.8 -4.0 15.0 1.0 0.0 0.0 0.0
1435261832.74
531.9 -4.0 15.0 1.0 0.0 0.0 0.0
1435261832.77
532.0 -3.9 15.0 1.0 0.0 0.0 0.0
1435261832.8
532.0 -3.9 15.0 1.0 0.0 0.0 0.0
1435261832.83
532.1 -3.8 15.0 1.0 0.0 0.0 0.0
1435261832.86
532.2 -3.8 15.0 1.0 0.0 0.0 0.0
1435261832.89
532.3 -3.7 15.0 1.0 0.0 0.0 0.0
1435261832.92
532.3 -3.7 15.0 1.0 0.0 0.0 0.0
1435261832.95
532.4 -3.6 15.0 1.0 0.0 0.0 0.0
1435261832.98
532.5 -3.6 15.0 1.0 0.0 0.0 0.0
1435261833.01
532.6 -3.6 15.0 1.0 0.0 0.0 0.0
1435261833.04
532.7 -3.5 15.0 1.0 0.0 0.0 0.0
1435261833.07
532.7 -3.4 15.0 1.0 0.0 0.0 0.0
1435261833.1
532.8 -3.4 15.0 1.0 0.0 0.0 0.0
1435261833.14
532.9 -3.3 15.0 1.0 0.0 0.0 0.0
1435261833.16
533.0 -3.3 15.0 1.0 0.0 0.0 0.0
1435261833.2
533.0 -3.3 15.0 1.0 0.0 0.0 0.0
1435261833.22
533.1 -3.2 15.0 1.0 0.0 0.0 0.0
1435261833.26
533.2 -3.2 15.0 1.0 0.0 0.0 0.0
1435261833.29
533.3 -3.1 15.0 1.0 0.0 0.0 0.0
1435261833.32
533.4 -3.1 15.0 1.0 0.0 0.0 0.0
1435261833.35
533.5 -3.0 15.0 1.0 0.0 0.0 0.0
1435261833.38
533.5 -3.0 15.0 1.0 0.0 0.0 0.0
1435261833.41
533.6 -2.9 15.0 1.0 0.0 0.0 0.0
1435261833.44
533.7 -2.9 15.0 1.0 0.0 0.0 0.0
1435261833.47
533.8 -2.8 15.0 1.0 0.0 0.0 0.0
1435261833.5
533.8 -2.8 15.0 1.0 0.0 0.0 0.0
1435261833.53
533.9 -2.7 15.0 1.0 0.0 0.0 0.0
1435261833.56
534.0 -2.7 15.0 1.0 0.0 0.0 0.0
1435261833.59
534.1 -2.7 15.0 1.0 0.0 0.0 0.0
1435261833.62
534.1 -2.6 15.0 1.0 0.0 0.0 0.0
1435261833.65
534.2 -2.6 15.0 1.0 0.0 0.0 0.0
1435261833.68
534.3 -2.5 15.0 1.0 0.0 0.0 0.0
1435261833.71
534.4 -2.5 15.0 1.0 0.0 0.0 0.0
1435261833.74
534.4 -2.4 15.0 1.0 0.0 0.0 0.0
1435261833.77
534.5 -2.4 15.0 1.0 0.0 0.0 0.0
1435261833.8
534.6 -2.3 15.0 1.0 0.0 0.0 0.0
1435261833.83
534.7 -2.3 15.0 1.0 0.0 0.0 0.0
1435261833.86
534.8 -2.2 15.0 1.0 0.0 0.0 0.0
1435261833.89
534.8 -2.2 15.0 1.0 0.0 0.0 0.0
1435261833.92
534.9 -2.1 15.0 1.0 0.0 0.0 0.0
1435261833.95
535.0 -2.1 15.0 1.0 0.0 0.0 0.0
1435261833.98
535.1 -2.0 15.0 1.0 0.0 0.0 0.0
1435261834.01
535.1 -2.0 15.0 1.0 0.0 0.0 0.0
1435261834.04
535.2 -1.9 15.0 1.0 0.0 0.0 0.0
1435261834.07
535.3 -1.9 15.0 1.0 0.0 0.0 0.0
1435261834.11
535.4 -1.8 15.0 1.0 0.0 0.0 0.0
1435261834.14
535.5 -1.8 15.0 1.0 0.0 0.0 0.0
1435261834.17
535.5 -1.7 15.0 1.0 0.0 0.0 0.0
1435261834.2
535.6 -1.7 15.0 1.0 0.0 0.0 0.0
1435261834.23
535.7 -1.6 15.0 1.0 0.0 0.0 0.0
1435261834.26
535.8 -1.6 15.0 1.0 0.0 0.0 0.0
1435261834.29
535.9 -1.6 15.0 1.0 0.0 0.0 0.0
1435261834.32
535.9 -1.5 15.0 1.0 0.0 0.0 0.0
1435261834.35
536.0 -1.5 15.0 1.0 0.0 0.0 0.0
1435261834.38
536.1 -1.4 15.0 1.0 0.0 0.0 0.0
1435261834.41
536.2 -1.4 15.0 1.0 0.0 0.0 0.0
1435261834.44
536.2 -1.3 15.0 1.0 0.0 0.0 0.0
1435261834.47
536.3 -1.3 15.0 1.0 0.0 0.0 0.0
1435261834.5
536.4 -1.2 15.0 1.0 0.0 0.0 0.0
1435261834.53
536.5 -1.2 15.0 1.0 0.0 0.0 0.0
1435261834.56
536.5 -1.1 15.0 1.0 0.0 0.0 0.0
1435261834.59
536.6 -1.1 15.0 1.0 0.0 0.0 0.0
1435261834.62
536.7 -1.0 15.0 1.0 0.0 0.0 0.0
1435261834.65
536.8 -1.0 15.0 1.0 0.0 0.0 0.0
1435261834.68
536.9 -1.0 15.0 1.0 0.0 0.0 0.0
1435261834.71
536.9 -0.9 15.0 1.0 0.0 0.0 0.0
1435261834.74
537.0 -0.9 15.0 1.0 0.0 0.0 0.0
1435261834.77
537.1 -0.8 15.0 1.0 0.0 0.0 0.0
1435261834.8
537.2 -0.8 15.0 1.0 0.0 0.0 0.0
1435261834.83
537.3 -0.7 15.0 1.0 0.0 0.0 0.0
1435261834.86
537.3 -0.7 15.0 1.0 0.0 0.0 0.0
1435261834.89
537.4 -0.7 15.0 1.0 0.0 0.0 0.0
1435261834.92
537.5 -0.6 15.0 1.0 0.0 0.0 0.0
1435261834.95
537.6 -0.6 15.0 1.0 0.0 0.0 0.0
1435261834.98
537.6 -0.5 15.0 1.0 0.0 0.0 0.0
1435261835.01
537.7 -0.5 15.0 1.0 0.0 0.0 0.0
1435261835.04
537.8 -0.4 15.0 1.0 0.0 0.0 0.0
1435261835.07
537.9 -0.4 15.0 1.0 0.0 0.0 0.0
1435261835.1
538.0 -0.3 15.0 1.0 0.0 0.0 0.0
1435261835.13
538.0 -0.3 15.0 1.0 0.0 0.0 0.0
1435261835.16
538.1 -0.3 15.0 1.0 0.0 0.0 0.0
1435261835.19
538.2 -0.2 15.0 1.0 0.0 0.0 0.0
1435261835.22
538.3 -0.2 15.0 1.0 0.0 0.0 0.0
1435261835.25
538.4 -0.1 15.0 1.0 0.0 0.0 0.0
1435261835.28
538.4 -0.1 15.0 1.0 0.0 0.0 0.0
1435261835.31
538.5 -0.1 15.0 1.0 0.0 0.0 0.0
1435261835.34
538.6 0.0 15.0 1.0 0.0 0.0 0.0
1435261835.37
538.7 0.0 15.0 1.0 0.0 0.0 0.0
1435261835.4
538.8 0.1 15.0 1.0 0.0 0.0 0.0
1435261835.43
538.8 0.1 15.0 1.0 0.0 0.0 0.0
1435261835.46
538.9 0.1 15.0 1.0 0.0 0.0 0.0
1435261835.49
539.0 0.2 15.0 1.0 0.0 0.0 0.0
1435261835.52
539.1 0.2 15.0 1.0 0.0 0.0 0.0
1435261835.55
539.2 0.3 15.0 1.0 0.0 0.0 0.0
1435261835.59
539.2 0.3 15.0 1.0 0.0 0.0 0.0
1435261835.61
539.3 0.4 15.0 1.0 0.0 0.0 0.0
1435261835.65
539.4 0.4 15.0 1.0 0.0 0.0 0.0
1435261835.67
539.5 0.5 15.0 1.0 0.0 0.0 0.0
1435261835.71
539.6 0.5 15.0 1.0 0.0 0.0 0.0
1435261835.74
539.7 0.5 15.0 1.0 0.0 0.0 0.0
1435261835.77
539.7 0.6 15.0 1.0 0.0 0.0 0.0
1435261835.79
539.8 0.6 15.0 1.0 0.0 0.0 0.0
1435261835.83
539.9 0.7 15.0 1.0 0.0 0.0 0.0
1435261835.85
540.0 0.7 15.0 1.0 0.0 0.0 0.0
1435261835.89
540.0 0.8 15.0 1.0 0.0 0.0 0.0
1435261835.91
540.1 0.8 15.0 1.0 0.0 0.0 0.0
1435261835.95
540.2 0.9 15.0 1.0 0.0 0.0 0.0
1435261835.97
540.3 0.9 15.0 1.0 0.0 0.0 0.0
1435261836.01
540.4 0.9 15.0 1.0 0.0 0.0 0.0
1435261836.04
540.4 1.0 15.0 1.0 0.0 0.0 0.0
1435261836.07
540.5 1.0 15.0 1.0 0.0 0.0 0.0
1435261836.1
540.6 1.1 15.0 1.0 0.0 0.0 0.0
1435261836.13
540.7 1.1 15.0 1.0 0.0 0.0 0.0
1435261836.16
540.8 1.2 15.0 1.0 0.0 0.0 0.0
1435261836.19
540.9 1.2 15.0 1.0 0.0 0.0 0.0
1435261836.22
540.9 1.2 15.0 1.0 0.0 0.0 0.0
1435261836.25
541.0 1.3 15.0 1.0 0.0 0.0 0.0
1435261836.28
541.1 1.3 15.0 1.0 0.0 0.0 0.0
1435261836.31
541.2 1.4 15.0 1.0 0.0 0.0 0.0
1435261836.34
541.2 1.4 15.0 1.0 0.0 0.0 0.0
1435261836.37
541.3 1.4 15.0 1.0 0.0 0.0 0.0
1435261836.4
541.4 1.5 15.0 1.0 0.0 0.0 0.0
1435261836.43
541.5 1.5 15.0 1.0 0.0 0.0 0.0
1435261836.46
541.6 1.6 15.0 1.0 0.0 0.0 0.0
1435261836.49
541.6 1.6 15.0 1.0 0.0 0.0 0.0
1435261836.52
541.7 1.7 15.0 1.0 0.0 0.0 0.0
1435261836.55
541.8 1.7 15.0 1.0 0.0 0.0 0.0
1435261836.58
541.9 1.8 15.0 1.0 0.0 0.0 0.0
1435261836.61
542.0 1.8 15.0 1.0 0.0 0.0 0.0
1435261836.64
542.0 1.8 15.0 1.0 0.0 0.0 0.0
1435261836.67
542.1 1.9 15.0 1.0 0.0 0.0 0.0
1435261836.7
542.2 1.9 15.0 1.0 0.0 0.0 0.0
1435261836.74
542.3 2.0 15.0 1.0 0.0 0.0 0.0
1435261836.76
542.4 2.0 15.0 1.0 0.0 0.0 0.0
1435261836.79
542.4 2.1 15.0 1.0 0.0 0.0 0.0
1435261836.82
542.5 2.1 15.0 1.0 0.0 0.0 0.0
1435261836.86
542.6 2.2 15.0 1.0 0.0 0.0 0.0
1435261836.88
542.7 2.2 15.0 1.0 0.0 0.0 0.0
1435261836.92
542.7 2.2 15.0 1.0 0.0 0.0 0.0
1435261836.94
542.8 2.3 15.0 1.0 0.0 0.0 0.0
1435261836.98
542.9 2.3 15.0 1.0 0.0 0.0 0.0
1435261837.0
543.0 2.4 15.0 1.0 0.0 0.0 0.0
1435261837.04
543.1 2.4 15.0 1.0 0.0 0.0 0.0
1435261837.06
543.2 2.5 15.0 1.0 0.0 0.0 0.0
1435261837.1
543.2 2.5 15.0 1.0 0.0 0.0 0.0
1435261837.12
543.3 2.5 15.0 1.0 0.0 0.0 0.0
1435261837.16
543.4 2.6 15.0 1.0 0.0 0.0 0.0
1435261837.18
543.5 2.6 15.0 1.0 0.0 0.0 0.0
1435261837.22
543.5 2.7 15.0 1.0 0.0 0.0 0.0
1435261837.24
543.6 2.7 15.0 1.0 0.0 0.0 0.0
1435261837.28
543.7 2.7 15.0 1.0 0.0 0.0 0.0
1435261837.3
543.8 2.8 15.0 1.0 0.0 0.0 0.0
1435261837.34
543.9 2.8 15.0 1.0 0.0 0.0 0.0
1435261837.37
544.0 2.9 15.0 1.0 0.0 0.0 0.0
1435261837.4
544.0 2.9 15.0 1.0 0.0 0.0 0.0
1435261837.43
544.1 3.0 15.0 1.0 0.0 0.0 0.0
1435261837.46
544.2 3.0 15.0 1.0 0.0 0.0 0.0
1435261837.49
544.3 3.0 15.0 1.0 0.0 0.0 0.0
1435261837.52
544.3 3.1 15.0 1.0 0.0 0.0 0.0
1435261837.55
544.4 3.1 15.0 1.0 0.0 0.0 0.0
1435261837.58
544.5 3.2 15.0 1.0 0.0 0.0 0.0
1435261837.61
544.6 3.2 15.0 1.0 0.0 0.0 0.0
1435261837.64
544.7 3.3 15.0 1.0 0.0 0.0 0.0
1435261837.67
544.8 3.3 15.0 1.0 0.0 0.0 0.0
1435261837.7
544.8 3.4 15.0 1.0 0.0 0.0 0.0
1435261837.73
544.9 3.4 15.0 1.0 0.0 0.0 0.0
1435261837.76
545.0 3.4 15.0 1.0 0.0 0.0 0.0
1435261837.79
545.1 3.5 15.0 1.0 0.0 0.0 0.0
1435261837.83
545.1 3.5 15.0 1.0 0.0 0.0 0.0
1435261837.85
545.2 3.6 15.0 1.0 0.0 0.0 0.0
1435261837.88
545.3 3.6 15.0 1.0 0.0 0.0 0.0
1435261837.91
545.4 3.7 15.0 1.0 0.0 0.0 0.0
1435261837.94
545.5 3.7 15.0 1.0 0.0 0.0 0.0
1435261837.97
545.6 3.8 15.0 1.0 0.0 0.0 0.0
1435261838.0
545.6 3.8 15.0 1.0 0.0 0.0 0.0
1435261838.03
545.7 3.8 15.0 1.0 0.0 0.0 0.0
1435261838.07
545.8 3.9 15.0 1.0 0.0 0.0 0.0
1435261838.09
545.9 3.9 15.0 1.0 0.0 0.0 0.0
1435261838.13
546.0 4.0 15.0 1.0 0.0 0.0 0.0
1435261838.16
546.0 4.0 15.0 1.0 0.0 0.0 0.0
1435261838.19
546.1 4.1 15.0 1.0 0.0 0.0 0.0
1435261838.22
546.2 4.1 15.0 1.0 0.0 0.0 0.0
1435261838.25
546.3 4.1 15.0 1.0 0.0 0.0 0.0
1435261838.28
546.4 4.2 15.0 1.0 0.0 0.0 0.0
1435261838.31
546.4 4.2 15.0 1.0 0.0 0.0 0.0
1435261838.34
546.5 4.3 15.0 1.0 0.0 0.0 0.0
1435261838.37
546.6 4.3 15.0 1.0 0.0 0.0 0.0
1435261838.4
546.7 4.4 15.0 1.0 0.0 0.0 0.0
1435261838.43
546.8 4.4 15.0 1.0 0.0 0.0 0.0
1435261838.46
546.8 4.4 15.0 1.0 0.0 0.0 0.0
1435261838.49
546.9 4.5 15.0 1.0 0.0 0.0 0.0
1435261838.52
547.0 4.5 15.0 1.0 0.0 0.0 0.0
1435261838.55
547.1 4.6 15.0 1.0 0.0 0.0 0.0
1435261838.58
547.2 4.6 15.0 1.0 0.0 0.0 0.0
1435261838.61
547.2 4.7 15.0 1.0 0.0 0.0 0.0
1435261838.64
547.3 4.7 15.0 1.0 0.0 0.0 0.0
1435261838.67
547.4 4.7 15.0 1.0 0.0 0.0 0.0
1435261838.7
547.5 4.8 15.0 1.0 0.0 0.0 0.0
1435261838.73
547.5 4.8 15.0 1.0 0.0 0.0 0.0
1435261838.76
547.6 4.9 15.0 1.0 0.0 0.0 0.0
1435261838.79
547.7 4.9 15.0 1.0 0.0 0.0 0.0
1435261838.82
547.8 5.0 15.0 1.0 0.0 0.0 0.0
1435261838.85
547.9 5.0 15.0 1.0 0.0 0.0 0.0
1435261838.88
548.0 5.0 15.0 1.0 0.0 0.0 0.0
1435261838.91
548.0 5.1 15.0 1.0 0.0 0.0 0.0
1435261838.94
548.1 5.1 15.0 1.0 0.0 0.0 0.0
1435261838.97
548.2 5.2 15.0 1.0 0.0 0.0 0.0
1435261839.0
548.3 5.2 15.0 1.0 0.0 0.0 0.0
1435261839.03
548.3 5.3 15.0 1.0 0.0 0.0 0.0
1435261839.06
548.4 5.3 15.0 1.0 0.0 0.0 0.0
1435261839.09
548.5 5.3 15.0 1.0 0.0 0.0 0.0
1435261839.12
548.6 5.3 15.0 1.0 0.0 0.0 0.0
1435261839.15
548.6 5.3 15.0 1.0 0.0 0.0 0.0
1435261839.18
548.7 5.2 15.0 1.0 0.0 0.0 0.0
1435261839.21
548.7 5.1 15.0 1.0 0.0 0.0 0.0
1435261839.24
548.7 5.0 15.0 1.0 0.0 0.0 0.0
1435261839.27
548.8 4.9 15.0 1.0 0.0 0.0 0.0
1435261839.3
548.8 4.8 15.0 1.0 0.0 0.0 0.0
1435261839.33
548.8 4.7 15.0 1.0 0.0 0.0 0.0
1435261839.36
548.9 4.6 15.0 1.0 0.0 0.0 0.0
1435261839.39
548.9 4.5 15.0 1.0 0.0 0.0 0.0
1435261839.42
548.9 4.4 15.0 1.0 0.0 0.0 0.0
1435261839.45
548.9 4.4 15.0 1.0 0.0 0.0 0.0
1435261839.48
549.0 4.3 15.0 1.0 0.0 0.0 0.0
1435261839.51
549.0 4.2 15.0 1.0 0.0 0.0 0.0
1435261839.54
549.0 4.1 15.0 1.0 0.0 0.0 0.0
1435261839.57
549.1 4.0 15.0 1.0 0.0 0.0 0.0
1435261839.6
549.1 3.9 15.0 1.0 0.0 0.0 0.0
1435261839.63
549.1 3.9 15.0 1.0 0.0 0.0 0.0
1435261839.66
549.1 3.7 15.0 1.0 0.0 0.0 0.0
1435261839.69
549.2 3.7 15.0 1.0 0.0 0.0 0.0
1435261839.72
549.2 3.6 15.0 1.0 0.0 0.0 0.0
1435261839.75
549.2 3.5 15.0 1.0 0.0 0.0 0.0
1435261839.78
549.3 3.4 15.0 1.0 0.0 0.0 0.0
1435261839.81
549.3 3.3 15.0 1.0 0.0 0.0 0.0
1435261839.84
549.3 3.2 15.0 1.0 0.0 0.0 0.0
1435261839.87
549.3 3.2 15.0 1.0 0.0 0.0 0.0
1435261839.9
549.4 3.1 15.0 1.0 0.0 0.0 0.0
1435261839.93
549.4 3.0 15.0 1.0 0.0 0.0 0.0
1435261839.96
549.4 2.9 15.0 1.0 0.0 0.0 0.0
1435261839.99
549.4 2.8 15.0 1.0 0.0 0.0 0.0
1435261840.02
549.5 2.7 15.0 1.0 0.0 0.0 0.0
1435261840.05
549.5 2.6 15.0 1.0 0.0 0.0 0.0
1435261840.08
549.5 2.6 15.0 1.0 0.0 0.0 0.0
1435261840.11
549.6 2.5 15.0 1.0 0.0 0.0 0.0
1435261840.14
549.6 2.4 15.0 1.0 0.0 0.0 0.0
1435261840.17
549.6 2.3 15.0 1.0 0.0 0.0 0.0
1435261840.2
549.7 2.2 15.0 1.0 0.0 0.0 0.0
1435261840.23
549.7 2.1 15.0 1.0 0.0 0.0 0.0
1435261840.26
549.7 2.0 15.0 1.0 0.0 0.0 0.0
1435261840.29
549.7 1.9 15.0 1.0 0.0 0.0 0.0
1435261840.32
549.8 1.8 15.0 1.0 0.0 0.0 0.0
1435261840.35
549.8 1.8 15.0 1.0 0.0 0.0 0.0
1435261840.38
549.8 1.7 15.0 1.0 0.0 0.0 0.0
1435261840.41
549.9 1.6 15.0 1.0 0.0 0.0 0.0
1435261840.44
549.9 1.5 15.0 1.0 0.0 0.0 0.0
1435261840.47
549.9 1.4 15.0 1.0 0.0 0.0 0.0
1435261840.5
549.9 1.4 15.0 1.0 0.0 0.0 0.0
1435261840.54
550.0 1.3 15.0 1.0 0.0 0.0 0.0
1435261840.56
550.0 1.2 15.0 1.0 0.0 0.0 0.0
1435261840.6
550.0 1.1 15.0 1.0 0.0 0.0 0.0
1435261840.62
550.1 1.0 15.0 1.0 0.0 0.0 0.0
1435261840.66
550.1 0.9 15.0 1.0 0.0 0.0 0.0
1435261840.68
550.1 0.8 15.0 1.0 0.0 0.0 0.0
1435261840.72
550.1 0.7 15.0 1.0 0.0 0.0 0.0
1435261840.74
550.2 0.6 15.0 1.0 0.0 0.0 0.0
1435261840.78
550.2 0.6 15.0 1.0 0.0 0.0 0.0
1435261840.81
550.2 0.5 15.0 1.0 0.0 0.0 0.0
1435261840.84
550.3 0.4 15.0 1.0 0.0 0.0 0.0
1435261840.87
550.3 0.3 15.0 1.0 0.0 0.0 0.0
1435261840.9
550.3 0.2 15.0 1.0 0.0 0.0 0.0
1435261840.93
550.3 0.1 15.0 1.0 0.0 0.0 0.0
1435261840.96
550.4 0.1 15.0 1.0 0.0 0.0 0.0
1435261840.99
550.4 0.0 15.0 1.0 0.0 0.0 0.0
1435261841.02
550.4 -0.1 15.0 1.0 0.0 0.0 0.0
1435261841.05
550.5 -0.2 15.0 1.0 0.0 0.0 0.0
1435261841.08
550.5 -0.3 15.0 1.0 0.0 0.0 0.0
1435261841.11
550.5 -0.4 15.0 1.0 0.0 0.0 0.0
1435261841.14
550.5 -0.4 15.0 1.0 0.0 0.0 0.0
1435261841.17
550.6 -0.5 15.0 1.0 0.0 0.0 0.0
1435261841.2
550.6 -0.6 15.0 1.0 0.0 0.0 0.0
1435261841.23
550.6 -0.7 15.0 1.0 0.0 0.0 0.0
1435261841.26
550.6 -0.8 15.0 1.0 0.0 0.0 0.0
1435261841.29
550.7 -0.9 15.0 1.0 0.0 0.0 0.0
1435261841.32
550.7 -1.0 15.0 1.0 0.0 0.0 0.0
1435261841.35
550.7 -1.1 15.0 1.0 0.0 0.0 0.0
1435261841.38
550.8 -1.1 15.0 1.0 0.0 0.0 0.0
1435261841.41
550.8 -1.2 15.0 1.0 0.0 0.0 0.0
1435261841.44
550.8 -1.3 15.0 1.0 0.0 0.0 0.0
1435261841.47
550.8 -1.4 15.0 1.0 0.0 0.0 0.0
1435261841.5
550.9 -1.5 15.0 1.0 0.0 0.0 0.0
1435261841.53
550.9 -1.6 15.0 1.0 0.0 0.0 0.0
1435261841.56
550.9 -1.7 15.0 1.0 0.0 0.0 0.0
1435261841.59
551.0 -1.7 15.0 1.0 0.0 0.0 0.0
1435261841.62
551.0 -1.8 15.0 1.0 0.0 0.0 0.0
1435261841.65
551.0 -1.9 15.0 1.0 0.0 0.0 0.0
1435261841.68
551.0 -2.0 15.0 1.0 0.0 0.0 0.0
1435261841.71
551.1 -2.1 15.0 1.0 0.0 0.0 0.0
1435261841.75
551.1 -2.2 15.0 1.0 0.0 0.0 0.0
1435261841.77
551.1 -2.3 15.0 1.0 0.0 0.0 0.0
1435261841.81
551.2 -2.4 15.0 1.0 0.0 0.0 0.0
1435261841.83
551.2 -2.5 15.0 1.0 0.0 0.0 0.0
1435261841.87
551.2 -2.5 15.0 1.0 0.0 0.0 0.0
1435261841.89
551.3 -2.6 15.0 1.0 0.0 0.0 0.0
1435261841.93
551.3 -2.7 15.0 1.0 0.0 0.0 0.0
1435261841.95
551.3 -2.8 15.0 1.0 0.0 0.0 0.0
1435261841.99
551.3 -2.9 15.0 1.0 0.0 0.0 0.0
1435261842.02
551.4 -3.0 15.0 1.0 0.0 0.0 0.0
1435261842.05
551.4 -3.0 15.0 1.0 0.0 0.0 0.0
1435261842.08
551.4 -3.1 15.0 1.0 0.0 0.0 0.0
1435261842.11
551.5 -3.2 15.0 1.0 0.0 0.0 0.0
1435261842.14
551.5 -3.3 15.0 1.0 0.0 0.0 0.0
1435261842.17
551.5 -3.4 15.0 1.0 0.0 0.0 0.0
1435261842.2
551.5 -3.5 15.0 1.0 0.0 0.0 0.0
1435261842.23
551.6 -3.6 15.0 1.0 0.0 0.0 0.0
1435261842.26
551.6 -3.7 15.0 1.0 0.0 0.0 0.0
1435261842.29
551.6 -3.7 15.0 1.0 0.0 0.0 0.0
1435261842.32
551.7 -3.8 15.0 1.0 0.0 0.0 0.0
1435261842.35
551.7 -3.9 15.0 1.0 0.0 0.0 0.0
1435261842.38
551.7 -4.0 15.0 1.0 0.0 0.0 0.0
1435261842.41
551.7 -4.1 15.0 1.0 0.0 0.0 0.0
1435261842.44
551.8 -4.2 15.0 1.0 0.0 0.0 0.0
1435261842.47
551.8 -4.2 15.0 1.0 0.0 0.0 0.0
1435261842.5
551.8 -4.3 15.0 1.0 0.0 0.0 0.0
1435261842.53
551.8 -4.4 15.0 1.0 0.0 0.0 0.0
1435261842.56
551.9 -4.5 15.0 1.0 0.0 0.0 0.0
1435261842.59
551.9 -4.6 15.0 1.0 0.0 0.0 0.0
1435261842.62
551.9 -4.7 15.0 1.0 0.0 0.0 0.0
1435261842.65
552.0 -4.8 15.0 1.0 0.0 0.0 0.0
1435261842.68
552.0 -4.9 15.0 1.0 0.0 0.0 0.0
1435261842.71
552.0 -4.9 15.0 1.0 0.0 0.0 0.0
1435261842.74
552.0 -5.0 15.0 1.0 0.0 0.0 0.0
1435261842.77
552.1 -5.1 15.0 1.0 0.0 0.0 0.0
1435261842.8
552.1 -5.2 15.0 1.0 0.0 0.0 0.0
1435261842.83
552.1 -5.3 15.0 1.0 0.0 0.0 0.0
1435261842.86
552.2 -5.4 15.0 1.0 0.0 0.0 0.0
1435261842.89
552.2 -5.5 15.0 1.0 0.0 0.0 0.0
1435261842.92
552.2 -5.5 15.0 1.0 0.0 0.0 0.0
1435261842.96
552.2 -5.6 15.0 1.0 0.0 0.0 0.0
1435261842.98
552.3 -5.7 15.0 1.0 0.0 0.0 0.0
1435261843.01
552.3 -5.8 15.0 1.0 0.0 0.0 0.0
1435261843.04
552.3 -5.9 15.0 1.0 0.0 0.0 0.0
1435261843.08
552.4 -6.0 15.0 1.0 0.0 0.0 0.0
1435261843.11
552.4 -6.1 15.0 1.0 0.0 0.0 0.0
1435261843.15
552.4 -6.2 15.0 1.0 0.0 0.0 0.0
1435261843.17
552.5 -6.2 15.0 1.0 0.0 0.0 0.0
1435261843.21
552.5 -6.3 15.0 1.0 0.0 0.0 0.0
1435261843.24
552.5 -6.4 15.0 1.0 0.0 0.0 0.0
1435261843.27
552.5 -6.5 15.0 1.0 0.0 0.0 0.0
1435261843.3
552.6 -6.6 15.0 1.0 0.0 0.0 0.0
1435261843.33
552.6 -6.7 15.0 1.0 0.0 0.0 0.0
1435261843.36
552.6 -6.8 15.0 1.0 0.0 0.0 0.0
1435261843.39
552.7 -6.9 15.0 1.0 0.0 0.0 0.0
1435261843.42
552.7 -7.0 15.0 1.0 0.0 0.0 0.0
1435261843.45
552.7 -7.0 15.0 1.0 0.0 0.0 0.0
1435261843.48
552.8 -7.1 15.0 1.0 0.0 0.0 0.0
1435261843.51
552.8 -7.2 15.0 1.0 0.0 0.0 0.0
1435261843.54
552.9 -7.3 15.0 1.0 0.0 0.0 0.0
1435261843.57
552.9 -7.3 15.0 1.0 0.0 0.0 0.0
1435261843.6
553.0 -7.4 15.0 1.0 0.0 0.0 0.0
1435261843.63
553.1 -7.4 15.0 1.0 0.0 0.0 0.0
1435261843.66
553.2 -7.4 15.0 1.0 0.0 0.0 0.0
1435261843.69
553.3 -7.4 15.0 1.0 0.0 0.0 0.0
1435261843.72
553.4 -7.4 15.0 1.0 0.0 0.0 0.0
1435261843.75
553.5 -7.4 15.0 1.0 0.0 0.0 0.0
1435261843.78
553.6 -7.4 15.0 1.0 0.0 0.0 0.0
1435261843.81
553.6 -7.5 15.0 1.0 0.0 0.0 0.0
1435261843.84
553.7 -7.5 15.0 1.0 0.0 0.0 0.0
1435261843.87
553.8 -7.5 15.0 1.0 0.0 0.0 0.0
1435261843.9
553.9 -7.5 15.0 1.0 0.0 0.0 0.0
1435261843.93
554.0 -7.5 15.0 1.0 0.0 0.0 0.0
1435261843.96
554.1 -7.5 15.0 1.0 0.0 0.0 0.0
1435261843.99
554.2 -7.6 15.0 1.0 0.0 0.0 0.0
1435261844.02
554.3 -7.6 15.0 1.0 0.0 0.0 0.0
1435261844.05
554.4 -7.6 15.0 1.0 0.0 0.0 0.0
1435261844.08
554.4 -7.6 15.0 1.0 0.0 0.0 0.0
1435261844.11
554.5 -7.6 15.0 1.0 0.0 0.0 0.0
1435261844.14
554.6 -7.6 15.0 1.0 0.0 0.0 0.0
1435261844.17
554.7 -7.7 15.0 1.0 0.0 0.0 0.0
1435261844.2
554.8 -7.7 15.0 1.0 0.0 0.0 0.0
1435261844.23
554.9 -7.7 15.0 1.0 0.0 0.0 0.0
1435261844.26
555.0 -7.7 15.0 1.0 0.0 0.0 0.0
1435261844.29
555.1 -7.7 15.0 1.0 0.0 0.0 0.0
1435261844.32
555.2 -7.8 15.0 1.0 0.0 0.0 0.0
1435261844.35
555.2 -7.8 15.0 1.0 0.0 0.0 0.0
1435261844.38
555.3 -7.8 15.0 1.0 0.0 0.0 0.0
1435261844.41
555.4 -7.8 15.0 1.0 0.0 0.0 0.0
1435261844.44
555.5 -7.8 15.0 1.0 0.0 0.0 0.0
1435261844.47
555.6 -7.8 15.0 1.0 0.0 0.0 0.0
1435261844.5
555.7 -7.9 15.0 1.0 0.0 0.0 0.0
1435261844.53
555.8 -7.9 15.0 1.0 0.0 0.0 0.0
1435261844.56
555.9 -7.9 15.0 1.0 0.0 0.0 0.0
1435261844.59
555.9 -7.9 15.0 1.0 0.0 0.0 0.0
1435261844.62
556.1 -7.9 15.0 1.0 0.0 0.0 0.0
1435261844.65
556.1 -7.9 15.0 1.0 0.0 0.0 0.0
1435261844.68
556.2 -8.0 15.0 1.0 0.0 0.0 0.0
1435261844.71
556.3 -8.0 15.0 1.0 0.0 0.0 0.0
1435261844.74
556.4 -8.0 15.0 1.0 0.0 0.0 0.0
1435261844.78
556.5 -8.0 15.0 1.0 0.0 0.0 0.0
1435261844.8
556.6 -8.0 15.0 1.0 0.0 0.0 0.0
1435261844.83
556.7 -8.0 15.0 1.0 0.0 0.0 0.0
1435261844.87
556.7 -8.1 15.0 1.0 0.0 0.0 0.0
1435261844.9
556.9 -8.1 15.0 1.0 0.0 0.0 0.0
1435261844.93
556.9 -8.1 15.0 1.0 0.0 0.0 0.0
1435261844.96
557.0 -8.1 15.0 1.0 0.0 0.0 0.0
1435261844.99
557.1 -8.1 15.0 1.0 0.0 0.0 0.0
1435261845.02
557.2 -8.1 15.0 1.0 0.0 0.0 0.0
1435261845.05
557.3 -8.2 15.0 1.0 0.0 0.0 0.0
1435261845.08
557.4 -8.2 15.0 1.0 0.0 0.0 0.0
1435261845.11
557.5 -8.2 15.0 1.0 0.0 0.0 0.0
1435261845.14
557.6 -8.2 15.0 1.0 0.0 0.0 0.0
1435261845.17
557.6 -8.2 15.0 1.0 0.0 0.0 0.0
1435261845.2
557.7 -8.2 15.0 1.0 0.0 0.0 0.0
1435261845.23
557.8 -8.3 15.0 1.0 0.0 0.0 0.0
1435261845.26
557.9 -8.3 15.0 1.0 0.0 0.0 0.0
1435261845.29
558.0 -8.3 15.0 1.0 0.0 0.0 0.0
1435261845.32
558.1 -8.3 15.0 1.0 0.0 0.0 0.0
1435261845.35
558.2 -8.3 15.0 1.0 0.0 0.0 0.0
1435261845.38
558.3 -8.4 15.0 1.0 0.0 0.0 0.0
1435261845.41
558.4 -8.4 15.0 1.0 0.0 0.0 0.0
1435261845.44
558.5 -8.4 15.0 1.0 0.0 0.0 0.0
1435261845.47
558.5 -8.4 15.0 1.0 0.0 0.0 0.0
1435261845.5
558.6 -8.4 15.0 1.0 0.0 0.0 0.0
1435261845.53
558.7 -8.5 15.0 1.0 0.0 0.0 0.0
1435261845.56
558.8 -8.5 15.0 1.0 0.0 0.0 0.0
1435261845.59
558.9 -8.5 15.0 1.0 0.0 0.0 0.0
1435261845.62
559.0 -8.5 15.0 1.0 0.0 0.0 0.0
1435261845.65
559.0 -8.5 15.0 1.0 0.0 0.0 0.0
1435261845.68
559.1 -8.5 15.0 1.0 0.0 0.0 0.0
1435261845.71
559.2 -8.6 15.0 1.0 0.0 0.0 0.0
1435261845.74
559.3 -8.6 15.0 1.0 0.0 0.0 0.0
1435261845.77
559.4 -8.6 15.0 1.0 0.0 0.0 0.0
1435261845.8
559.5 -8.6 15.0 1.0 0.0 0.0 0.0
1435261845.83
559.6 -8.6 15.0 1.0 0.0 0.0 0.0
1435261845.86
559.7 -8.7 15.0 1.0 0.0 0.0 0.0
1435261845.89
559.8 -8.7 15.0 1.0 0.0 0.0 0.0
1435261845.92
559.9 -8.7 15.0 1.0 0.0 0.0 0.0
1435261845.95
559.9 -8.7 15.0 1.0 0.0 0.0 0.0
1435261845.98
560.0 -8.7 15.0 1.0 0.0 0.0 0.0
1435261846.01
560.1 -8.7 15.0 1.0 0.0 0.0 0.0
1435261846.04
560.2 -8.8 15.0 1.0 0.0 0.0 0.0
1435261846.07
560.3 -8.8 15.0 1.0 0.0 0.0 0.0
1435261846.1
560.4 -8.8 15.0 1.0 0.0 0.0 0.0
1435261846.13
560.5 -8.8 15.0 1.0 0.0 0.0 0.0
1435261846.16
560.6 -8.8 15.0 1.0 0.0 0.0 0.0
1435261846.19
560.6 -8.9 15.0 1.0 0.0 0.0 0.0
1435261846.22
560.7 -8.9 15.0 1.0 0.0 0.0 0.0
1435261846.25
560.8 -8.9 15.0 1.0 0.0 0.0 0.0
1435261846.28
560.9 -8.9 15.0 1.0 0.0 0.0 0.0
1435261846.31
561.0 -8.9 15.0 1.0 0.0 0.0 0.0
1435261846.34
561.1 -9.0 15.0 1.0 0.0 0.0 0.0
1435261846.37
561.2 -9.0 15.0 1.0 0.0 0.0 0.0
1435261846.4
561.3 -9.0 15.0 1.0 0.0 0.0 0.0
1435261846.43
561.4 -9.0 15.0 1.0 0.0 0.0 0.0
1435261846.46
561.4 -9.0 15.0 1.0 0.0 0.0 0.0
1435261846.49
561.5 -9.1 15.0 1.0 0.0 0.0 0.0
1435261846.52
561.6 -9.1 15.0 1.0 0.0 0.0 0.0
1435261846.55
561.7 -9.1 15.0 1.0 0.0 0.0 0.0
1435261846.58
561.8 -9.1 15.0 1.0 0.0 0.0 0.0
1435261846.61
561.9 -9.1 15.0 1.0 0.0 0.0 0.0
1435261846.64
562.0 -9.2 15.0 1.0 0.0 0.0 0.0
1435261846.67
562.1 -9.2 15.0 1.0 0.0 0.0 0.0
1435261846.7
562.2 -9.2 15.0 1.0 0.0 0.0 0.0
1435261846.73
562.2 -9.2 15.0 1.0 0.0 0.0 0.0
1435261846.76
562.3 -9.2 15.0 1.0 0.0 0.0 0.0
1435261846.79
562.4 -9.2 15.0 1.0 0.0 0.0 0.0
1435261846.82
562.5 -9.3 15.0 1.0 0.0 0.0 0.0
1435261846.85
562.6 -9.3 15.0 1.0 0.0 0.0 0.0
1435261846.88
562.7 -9.3 15.0 1.0 0.0 0.0 0.0
1435261846.92
562.8 -9.3 15.0 1.0 0.0 0.0 0.0
1435261846.94
562.9 -9.3 15.0 1.0 0.0 0.0 0.0
1435261846.97
562.9 -9.4 15.0 1.0 0.0 0.0 0.0
1435261847.0
563.0 -9.4 15.0 1.0 0.0 0.0 0.0
1435261847.03
563.1 -9.4 15.0 1.0 0.0 0.0 0.0
1435261847.06
563.2 -9.4 15.0 1.0 0.0 0.0 0.0
1435261847.09
563.3 -9.4 15.0 1.0 0.0 0.0 0.0
1435261847.12
563.4 -9.5 15.0 1.0 0.0 0.0 0.0
1435261847.15
563.5 -9.5 15.0 1.0 0.0 0.0 0.0
1435261847.18
563.6 -9.5 15.0 1.0 0.0 0.0 0.0
1435261847.21
563.6 -9.5 15.0 1.0 0.0 0.0 0.0
1435261847.24
563.7 -9.5 15.0 1.0 0.0 0.0 0.0
1435261847.27
563.8 -9.6 15.0 1.0 0.0 0.0 0.0
1435261847.3
563.9 -9.6 15.0 1.0 0.0 0.0 0.0
1435261847.34
564.0 -9.6 15.0 1.0 0.0 0.0 0.0
1435261847.36
564.1 -9.6 15.0 1.0 0.0 0.0 0.0
1435261847.4
564.2 -9.6 15.0 1.0 0.0 0.0 0.0
1435261847.43
564.3 -9.7 15.0 1.0 0.0 0.0 0.0
1435261847.46
564.4 -9.7 15.0 1.0 0.0 0.0 0.0
1435261847.48
564.5 -9.7 15.0 1.0 0.0 0.0 0.0
1435261847.52
564.5 -9.7 15.0 1.0 0.0 0.0 0.0
1435261847.54
564.6 -9.7 15.0 1.0 0.0 0.0 0.0
1435261847.58
564.7 -9.8 15.0 1.0 0.0 0.0 0.0
1435261847.61
564.8 -9.8 15.0 1.0 0.0 0.0 0.0
1435261847.64
564.9 -9.8 15.0 1.0 0.0 0.0 0.0
1435261847.67
565.0 -9.8 15.0 1.0 0.0 0.0 0.0
1435261847.7
565.1 -9.8 15.0 1.0 0.0 0.0 0.0
1435261847.73
565.2 -9.8 15.0 1.0 0.0 0.0 0.0
1435261847.76
565.2 -9.9 15.0 1.0 0.0 0.0 0.0
1435261847.79
565.3 -9.9 15.0 1.0 0.0 0.0 0.0
1435261847.82
565.4 -9.9 15.0 1.0 0.0 0.0 0.0
1435261847.85
565.5 -9.9 15.0 1.0 0.0 0.0 0.0
1435261847.88
565.6 -9.9 15.0 1.0 0.0 0.0 0.0
1435261847.91
565.7 -10.0 15.0 1.0 0.0 0.0 0.0
1435261847.94
565.8 -10.0 15.0 1.0 0.0 0.0 0.0
1435261847.97
565.9 -10.0 15.0 1.0 0.0 0.0 0.0
1435261848.0
565.9 -10.0 15.0 1.0 0.0 0.0 0.0
1435261848.03
566.0 -10.0 15.0 1.0 0.0 0.0 0.0
1435261848.06
566.1 -10.0 15.0 1.0 0.0 0.0 0.0
1435261848.09
566.2 -10.1 15.0 1.0 0.0 0.0 0.0
1435261848.12
566.3 -10.1 15.0 1.0 0.0 0.0 0.0
1435261848.15
566.4 -10.1 15.0 1.0 0.0 0.0 0.0
1435261848.18
566.5 -10.1 15.0 1.0 0.0 0.0 0.0
1435261848.21
566.6 -10.1 15.0 1.0 0.0 0.0 0.0
1435261848.24
566.6 -10.2 15.0 1.0 0.0 0.0 0.0
1435261848.27
566.7 -10.2 15.0 1.0 0.0 0.0 0.0
1435261848.3
566.8 -10.2 15.0 1.0 0.0 0.0 0.0
1435261848.33
566.9 -10.2 15.0 1.0 0.0 0.0 0.0
1435261848.36
567.0 -10.2 15.0 1.0 0.0 0.0 0.0
1435261848.39
567.1 -10.3 15.0 1.0 0.0 0.0 0.0
1435261848.42
567.2 -10.3 15.0 1.0 0.0 0.0 0.0
1435261848.45
567.3 -10.3 15.0 1.0 0.0 0.0 0.0
1435261848.48
567.4 -10.3 15.0 1.0 0.0 0.0 0.0
1435261848.51
567.5 -10.3 15.0 1.0 0.0 0.0 0.0
1435261848.54
567.5 -10.4 15.0 1.0 0.0 0.0 0.0
1435261848.57
567.6 -10.4 15.0 1.0 0.0 0.0 0.0
1435261848.6
567.7 -10.4 15.0 1.0 0.0 0.0 0.0
1435261848.63
567.8 -10.4 15.0 1.0 0.0 0.0 0.0
1435261848.66
567.9 -10.4 15.0 1.0 0.0 0.0 0.0
1435261848.69
568.0 -10.5 15.0 1.0 0.0 0.0 0.0
1435261848.72
568.1 -10.5 15.0 1.0 0.0 0.0 0.0
1435261848.75
568.2 -10.5 15.0 1.0 0.0 0.0 0.0
1435261848.78
568.3 -10.5 15.0 1.0 0.0 0.0 0.0
1435261848.81
568.3 -10.5 15.0 1.0 0.0 0.0 0.0
1435261848.85
568.4 -10.5 15.0 1.0 0.0 0.0 0.0
1435261848.87
568.5 -10.6 15.0 1.0 0.0 0.0 0.0
1435261848.9
568.6 -10.6 15.0 1.0 0.0 0.0 0.0
1435261848.93
568.7 -10.6 15.0 1.0 0.0 0.0 0.0
1435261848.97
568.8 -10.6 15.0 1.0 0.0 0.0 0.0
1435261848.99
568.9 -10.6 15.0 1.0 0.0 0.0 0.0
1435261849.02
569.0 -10.7 15.0 1.0 0.0 0.0 0.0
1435261849.05
569.1 -10.7 15.0 1.0 0.0 0.0 0.0
1435261849.08
569.1 -10.7 15.0 1.0 0.0 0.0 0.0
1435261849.11
569.2 -10.7 15.0 1.0 0.0 0.0 0.0
1435261849.15
569.3 -10.7 15.0 1.0 0.0 0.0 0.0
1435261849.17
569.4 -10.8 15.0 1.0 0.0 0.0 0.0
1435261849.21
569.5 -10.8 15.0 1.0 0.0 0.0 0.0
1435261849.23
569.6 -10.8 15.0 1.0 0.0 0.0 0.0
1435261849.27
569.7 -10.8 15.0 1.0 0.0 0.0 0.0
1435261849.29
569.8 -10.8 15.0 1.0 0.0 0.0 0.0
1435261849.33
569.8 -10.9 15.0 1.0 0.0 0.0 0.0
1435261849.35
569.9 -10.9 15.0 1.0 0.0 0.0 0.0
1435261849.39
570.0 -10.9 15.0 1.0 0.0 0.0 0.0
1435261849.41
570.1 -10.9 15.0 1.0 0.0 0.0 0.0
1435261849.45
570.2 -10.9 15.0 1.0 0.0 0.0 0.0
1435261849.47
570.3 -11.0 15.0 1.0 0.0 0.0 0.0
1435261849.5
570.4 -11.0 15.0 1.0 0.0 0.0 0.0
1435261849.54
570.5 -11.0 15.0 1.0 0.0 0.0 0.0
1435261849.57
570.6 -11.0 15.0 1.0 0.0 0.0 0.0
1435261849.6
570.6 -11.0 15.0 1.0 0.0 0.0 0.0
1435261849.63
570.7 -11.0 15.0 1.0 0.0 0.0 0.0
1435261849.66
570.8 -11.1 15.0 1.0 0.0 0.0 0.0
1435261849.69
570.9 -11.1 15.0 1.0 0.0 0.0 0.0
1435261849.72
571.0 -11.1 15.0 1.0 0.0 0.0 0.0
1435261849.75
571.1 -11.1 15.0 1.0 0.0 0.0 0.0
1435261849.78
571.2 -11.1 15.0 1.0 0.0 0.0 0.0
1435261849.81
571.3 -11.2 15.0 1.0 0.0 0.0 0.0
1435261849.84
571.4 -11.2 15.0 1.0 0.0 0.0 0.0
1435261849.87
571.4 -11.2 15.0 1.0 0.0 0.0 0.0
1435261849.9
571.5 -11.2 15.0 1.0 0.0 0.0 0.0
1435261849.93
571.6 -11.2 15.0 1.0 0.0 0.0 0.0
1435261849.96
571.7 -11.3 15.0 1.0 0.0 0.0 0.0
1435261849.99
571.8 -11.3 15.0 1.0 0.0 0.0 0.0
1435261850.02
571.9 -11.3 15.0 1.0 0.0 0.0 0.0
1435261850.05
571.9 -11.3 15.0 1.0 0.0 0.0 0.0
1435261850.08
572.1 -11.3 15.0 1.0 0.0 0.0 0.0
1435261850.11
572.1 -11.4 15.0 1.0 0.0 0.0 0.0
1435261850.14
572.2 -11.4 15.0 1.0 0.0 0.0 0.0
1435261850.17
572.3 -11.4 15.0 1.0 0.0 0.0 0.0
1435261850.2
572.4 -11.4 15.0 1.0 0.0 0.0 0.0
1435261850.23
572.5 -11.4 15.0 1.0 0.0 0.0 0.0
1435261850.26
572.6 -11.5 15.0 1.0 0.0 0.0 0.0
1435261850.29
572.7 -11.5 15.0 1.0 0.0 0.0 0.0
1435261850.32
572.8 -11.5 15.0 1.0 0.0 0.0 0.0
1435261850.35
572.9 -11.5 15.0 1.0 0.0 0.0 0.0
1435261850.38
572.9 -11.5 15.0 1.0 0.0 0.0 0.0
1435261850.42
573.0 -11.5 15.0 1.0 0.0 0.0 0.0
1435261850.44
573.1 -11.6 15.0 1.0 0.0 0.0 0.0
1435261850.48
573.2 -11.6 15.0 1.0 0.0 0.0 0.0
1435261850.5
573.3 -11.6 15.0 1.0 0.0 0.0 0.0
1435261850.54
573.4 -11.6 15.0 1.0 0.0 0.0 0.0
1435261850.56
573.5 -11.6 15.0 1.0 0.0 0.0 0.0
1435261850.6
573.6 -11.7 15.0 1.0 0.0 0.0 0.0
1435261850.62
573.7 -11.7 15.0 1.0 0.0 0.0 0.0
1435261850.66
573.8 -11.7 15.0 1.0 0.0 0.0 0.0
1435261850.69
573.8 -11.7 15.0 1.0 0.0 0.0 0.0
1435261850.72
573.9 -11.7 15.0 1.0 0.0 0.0 0.0
1435261850.75
574.0 -11.8 15.0 1.0 0.0 0.0 0.0
1435261850.78
574.1 -11.8 15.0 1.0 0.0 0.0 0.0
1435261850.81
574.2 -11.8 15.0 1.0 0.0 0.0 0.0
1435261850.83
574.3 -11.8 15.0 1.0 0.0 0.0 0.0
1435261850.87
574.4 -11.8 15.0 1.0 0.0 0.0 0.0
1435261850.89
574.5 -11.9 15.0 1.0 0.0 0.0 0.0
1435261850.93
574.5 -11.9 15.0 1.0 0.0 0.0 0.0
1435261850.95
574.6 -11.9 15.0 1.0 0.0 0.0 0.0
1435261850.99
574.7 -11.9 15.0 1.0 0.0 0.0 0.0
1435261851.02
574.8 -11.9 15.0 1.0 0.0 0.0 0.0
1435261851.05
574.9 -11.9 15.0 1.0 0.0 0.0 0.0
1435261851.08
575.0 -12.0 15.0 1.0 0.0 0.0 0.0
1435261851.11
575.1 -12.0 15.0 1.0 0.0 0.0 0.0
1435261851.14
575.2 -12.0 15.0 1.0 0.0 0.0 0.0
1435261851.17
575.2 -12.0 15.0 1.0 0.0 0.0 0.0
1435261851.2
575.3 -12.0 15.0 1.0 0.0 0.0 0.0
1435261851.23
575.4 -12.1 15.0 1.0 0.0 0.0 0.0
1435261851.26
575.5 -12.1 15.0 1.0 0.0 0.0 0.0
1435261851.29
575.6 -12.1 15.0 1.0 0.0 0.0 0.0
1435261851.32
575.7 -12.1 15.0 1.0 0.0 0.0 0.0
1435261851.35
575.8 -12.1 15.0 1.0 0.0 0.0 0.0
1435261851.38
575.9 -12.1 15.0 1.0 0.0 0.0 0.0
1435261851.41
576.0 -12.1 15.0 1.0 0.0 0.0 0.0
1435261851.44
576.1 -12.1 15.0 1.0 0.0 0.0 0.0
1435261851.47
576.1 -12.1 15.0 1.0 0.0 0.0 0.0
1435261851.5
576.2 -12.1 15.0 1.0 0.0 0.0 0.0
1435261851.53
576.3 -12.1 15.0 1.0 0.0 0.0 0.0
1435261851.56
576.4 -12.1 15.0 1.0 0.0 0.0 0.0
1435261851.59
576.5 -12.1 15.0 1.0 0.0 0.0 0.0
1435261851.62
576.6 -12.1 15.0 1.0 0.0 0.0 0.0
1435261851.65
576.7 -12.1 15.0 1.0 0.0 0.0 0.0
1435261851.68
576.8 -12.1 15.0 1.0 0.0 0.0 0.0
1435261851.71
576.9 -12.1 15.0 1.0 0.0 0.0 0.0
1435261851.74
577.0 -12.1 15.0 1.0 0.0 0.0 0.0
1435261851.77
577.1 -12.1 15.0 1.0 0.0 0.0 0.0
1435261851.8
577.1 -12.1 15.0 1.0 0.0 0.0 0.0
1435261851.83
577.2 -12.1 15.0 1.0 0.0 0.0 0.0
1435261851.86
577.3 -12.1 15.0 1.0 0.0 0.0 0.0
1435261851.89
577.4 -12.1 15.0 1.0 0.0 0.0 0.0
1435261851.92
577.5 -12.1 15.0 1.0 0.0 0.0 0.0
1435261851.95
577.6 -12.1 15.0 1.0 0.0 0.0 0.0
1435261851.98
577.7 -12.1 15.0 1.0 0.0 0.0 0.0
1435261852.01
577.8 -12.1 15.0 1.0 0.0 0.0 0.0
1435261852.04
577.9 -12.1 15.0 1.0 0.0 0.0 0.0
1435261852.07
577.9 -12.1 15.0 1.0 0.0 0.0 0.0
1435261852.1
578.0 -12.1 15.0 1.0 0.0 0.0 0.0
1435261852.13
578.1 -12.1 15.0 1.0 0.0 0.0 0.0
1435261852.16
578.2 -12.1 15.0 1.0 0.0 0.0 0.0
1435261852.19
578.3 -12.1 15.0 1.0 0.0 0.0 0.0
1435261852.22
578.4 -12.1 15.0 1.0 0.0 0.0 0.0
1435261852.25
578.5 -12.1 15.0 1.0 0.0 0.0 0.0
1435261852.28
578.6 -12.1 15.0 1.0 0.0 0.0 0.0
1435261852.31
578.7 -12.1 15.0 1.0 0.0 0.0 0.0
1435261852.34
578.8 -12.0 15.0 1.0 0.0 0.0 0.0
1435261852.38
578.9 -12.0 15.0 1.0 0.0 0.0 0.0
1435261852.4
578.9 -12.0 15.0 1.0 0.0 0.0 0.0
1435261852.44
579.0 -12.0 15.0 1.0 0.0 0.0 0.0
1435261852.46
579.1 -12.0 15.0 1.0 0.0 0.0 0.0
1435261852.5
579.2 -12.0 15.0 1.0 0.0 0.0 0.0
1435261852.53
579.3 -12.0 15.0 1.0 0.0 0.0 0.0
1435261852.55
579.4 -12.0 15.0 1.0 0.0 0.0 0.0
1435261852.59
579.5 -12.0 15.0 1.0 0.0 0.0 0.0
1435261852.62
579.6 -12.0 15.0 1.0 0.0 0.0 0.0
1435261852.64
579.7 -12.0 15.0 1.0 0.0 0.0 0.0
1435261852.67
579.8 -12.0 15.0 1.0 0.0 0.0 0.0
1435261852.71
579.8 -12.0 15.0 1.0 0.0 0.0 0.0
1435261852.73
579.9 -12.0 15.0 1.0 0.0 0.0 0.0
1435261852.76
580.0 -12.0 15.0 1.0 0.0 0.0 0.0
1435261852.8
580.1 -12.0 15.0 1.0 0.0 0.0 0.0
1435261852.83
580.2 -12.0 15.0 1.0 0.0 0.0 0.0
1435261852.86
580.3 -12.0 15.0 1.0 0.0 0.0 0.0
1435261852.89
580.4 -12.0 15.0 1.0 0.0 0.0 0.0
1435261852.92
580.5 -12.0 15.0 1.0 0.0 0.0 0.0
1435261852.95
580.6 -12.0 15.0 1.0 0.0 0.0 0.0
1435261852.98
580.7 -12.0 15.0 1.0 0.0 0.0 0.0
1435261853.01
580.8 -12.0 15.0 1.0 0.0 0.0 0.0
1435261853.04
580.9 -12.0 15.0 1.0 0.0 0.0 0.0
1435261853.07
580.9 -12.0 15.0 1.0 0.0 0.0 0.0
1435261853.1
581.0 -12.0 15.0 1.0 0.0 0.0 0.0
1435261853.13
581.1 -12.0 15.0 1.0 0.0 0.0 0.0
1435261853.16
581.2 -12.0 15.0 1.0 0.0 0.0 0.0
1435261853.19
581.3 -12.0 15.0 1.0 0.0 0.0 0.0
1435261853.22
581.4 -12.0 15.0 1.0 0.0 0.0 0.0
1435261853.25
581.5 -11.9 15.0 1.0 0.0 0.0 0.0
1435261853.28
581.6 -11.9 15.0 1.0 0.0 0.0 0.0
1435261853.31
581.7 -11.9 15.0 1.0 0.0 0.0 0.0
1435261853.34
581.8 -11.9 15.0 1.0 0.0 0.0 0.0
1435261853.37
581.8 -11.9 15.0 1.0 0.0 0.0 0.0
1435261853.4
581.9 -11.8 15.0 1.0 0.0 0.0 0.0
1435261853.43
582.0 -11.8 15.0 1.0 0.0 0.0 0.0
1435261853.46
582.1 -11.8 15.0 1.0 0.0 0.0 0.0
1435261853.49
582.2 -11.8 15.0 1.0 0.0 0.0 0.0
1435261853.52
582.3 -11.8 15.0 1.0 0.0 0.0 0.0
1435261853.55
582.4 -11.7 15.0 1.0 0.0 0.0 0.0
1435261853.58
582.5 -11.7 15.0 1.0 0.0 0.0 0.0
1435261853.61
582.6 -11.7 15.0 1.0 0.0 0.0 0.0
1435261853.64
582.6 -11.7 15.0 1.0 0.0 0.0 0.0
1435261853.67
582.7 -11.7 15.0 1.0 0.0 0.0 0.0
1435261853.7
582.8 -11.6 15.0 1.0 0.0 0.0 0.0
1435261853.74
582.9 -11.6 15.0 1.0 0.0 0.0 0.0
1435261853.76
583.0 -11.6 15.0 1.0 0.0 0.0 0.0
1435261853.8
583.1 -11.6 15.0 1.0 0.0 0.0 0.0
1435261853.82
583.2 -11.5 15.0 1.0 0.0 0.0 0.0
1435261853.86
583.3 -11.5 15.0 1.0 0.0 0.0 0.0
1435261853.88
583.4 -11.5 15.0 1.0 0.0 0.0 0.0
1435261853.92
583.4 -11.5 15.0 1.0 0.0 0.0 0.0
1435261853.94
583.5 -11.5 15.0 1.0 0.0 0.0 0.0
1435261853.98
583.6 -11.4 15.0 1.0 0.0 0.0 0.0
1435261854.01
583.7 -11.4 15.0 1.0 0.0 0.0 0.0
1435261854.04
583.8 -11.4 15.0 1.0 0.0 0.0 0.0
1435261854.07
583.9 -11.4 15.0 1.0 0.0 0.0 0.0
1435261854.1
584.0 -11.4 15.0 1.0 0.0 0.0 0.0
1435261854.13
584.1 -11.3 15.0 1.0 0.0 0.0 0.0
1435261854.16
584.1 -11.3 15.0 1.0 0.0 0.0 0.0
1435261854.19
584.2 -11.3 15.0 1.0 0.0 0.0 0.0
1435261854.22
584.3 -11.3 15.0 1.0 0.0 0.0 0.0
1435261854.25
584.4 -11.3 15.0 1.0 0.0 0.0 0.0
1435261854.28
584.5 -11.3 15.0 1.0 0.0 0.0 0.0
1435261854.31
584.6 -11.2 15.0 1.0 0.0 0.0 0.0
1435261854.34
584.7 -11.2 15.0 1.0 0.0 0.0 0.0
1435261854.37
584.8 -11.2 15.0 1.0 0.0 0.0 0.0
1435261854.4
584.8 -11.2 15.0 1.0 0.0 0.0 0.0
1435261854.43
584.9 -11.2 15.0 1.0 0.0 0.0 0.0
1435261854.46
585.0 -11.1 15.0 1.0 0.0 0.0 0.0
1435261854.49
585.1 -11.1 15.0 1.0 0.0 0.0 0.0
1435261854.52
585.2 -11.1 15.0 1.0 0.0 0.0 0.0
1435261854.55
585.3 -11.1 15.0 1.0 0.0 0.0 0.0
1435261854.58
585.4 -11.1 15.0 1.0 0.0 0.0 0.0
1435261854.61
585.5 -11.0 15.0 1.0 0.0 0.0 0.0
1435261854.64
585.6 -11.0 15.0 1.0 0.0 0.0 0.0
1435261854.67
585.6 -11.0 15.0 1.0 0.0 0.0 0.0
1435261854.7
585.7 -11.0 15.0 1.0 0.0 0.0 0.0
1435261854.73
585.8 -10.9 15.0 1.0 0.0 0.0 0.0
1435261854.76
585.9 -10.9 15.0 1.0 0.0 0.0 0.0
1435261854.79
586.0 -10.9 15.0 1.0 0.0 0.0 0.0
1435261854.82
586.1 -10.9 15.0 1.0 0.0 0.0 0.0
1435261854.85
586.2 -10.9 15.0 1.0 0.0 0.0 0.0
1435261854.89
586.3 -10.9 15.0 1.0 0.0 0.0 0.0
1435261854.91
586.4 -10.8 15.0 1.0 0.0 0.0 0.0
1435261854.94
586.4 -10.8 15.0 1.0 0.0 0.0 0.0
1435261854.97
586.5 -10.8 15.0 1.0 0.0 0.0 0.0
1435261855.0
586.6 -10.8 15.0 1.0 0.0 0.0 0.0
1435261855.03
586.7 -10.8 15.0 1.0 0.0 0.0 0.0
1435261855.06
586.8 -10.7 15.0 1.0 0.0 0.0 0.0
1435261855.09
586.9 -10.7 15.0 1.0 0.0 0.0 0.0
1435261855.12
587.0 -10.7 15.0 1.0 0.0 0.0 0.0
1435261855.15
587.0 -10.7 15.0 1.0 0.0 0.0 0.0
1435261855.18
587.1 -10.7 15.0 1.0 0.0 0.0 0.0
1435261855.21
587.2 -10.6 15.0 1.0 0.0 0.0 0.0
1435261855.24
587.3 -10.6 15.0 1.0 0.0 0.0 0.0
1435261855.27
587.4 -10.6 15.0 1.0 0.0 0.0 0.0
1435261855.3
587.5 -10.6 15.0 1.0 0.0 0.0 0.0
1435261855.33
587.6 -10.6 15.0 1.0 0.0 0.0 0.0
1435261855.36
587.7 -10.5 15.0 1.0 0.0 0.0 0.0
1435261855.39
587.8 -10.5 15.0 1.0 0.0 0.0 0.0
1435261855.42
587.8 -10.5 15.0 1.0 0.0 0.0 0.0
1435261855.45
587.9 -10.5 15.0 1.0 0.0 0.0 0.0
1435261855.49
588.0 -10.5 15.0 1.0 0.0 0.0 0.0
1435261855.51
588.1 -10.4 15.0 1.0 0.0 0.0 0.0
1435261855.55
588.2 -10.4 15.0 1.0 0.0 0.0 0.0
1435261855.58
588.3 -10.4 15.0 1.0 0.0 0.0 0.0
1435261855.61
588.4 -10.4 15.0 1.0 0.0 0.0 0.0
1435261855.64
588.5 -10.4 15.0 1.0 0.0 0.0 0.0
1435261855.67
588.6 -10.3 15.0 1.0 0.0 0.0 0.0
1435261855.7
588.7 -10.3 15.0 1.0 0.0 0.0 0.0
1435261855.73
588.7 -10.3 15.0 1.0 0.0 0.0 0.0
1435261855.76
588.8 -10.3 15.0 1.0 0.0 0.0 0.0
1435261855.79
588.9 -10.3 15.0 1.0 0.0 0.0 0.0
1435261855.82
589.0 -10.2 15.0 1.0 0.0 0.0 0.0
1435261855.85
589.1 -10.2 15.0 1.0 0.0 0.0 0.0
1435261855.88
589.2 -10.2 15.0 1.0 0.0 0.0 0.0
1435261855.91
589.3 -10.2 15.0 1.0 0.0 0.0 0.0
1435261855.94
589.4 -10.2 15.0 1.0 0.0 0.0 0.0
1435261855.97
589.4 -10.1 15.0 1.0 0.0 0.0 0.0
1435261856.0
589.5 -10.1 15.0 1.0 0.0 0.0 0.0
1435261856.03
589.6 -10.1 15.0 1.0 0.0 0.0 0.0
1435261856.06
589.7 -10.1 15.0 1.0 0.0 0.0 0.0
1435261856.09
589.8 -10.1 15.0 1.0 0.0 0.0 0.0
1435261856.12
589.9 -10.0 15.0 1.0 0.0 0.0 0.0
1435261856.15
590.0 -10.0 15.0 1.0 0.0 0.0 0.0
1435261856.18
590.1 -10.0 15.0 1.0 0.0 0.0 0.0
1435261856.21
590.1 -10.0 15.0 1.0 0.0 0.0 0.0
1435261856.24
590.2 -10.0 15.0 1.0 0.0 0.0 0.0
1435261856.27
590.3 -9.9 15.0 1.0 0.0 0.0 0.0
1435261856.3
590.4 -9.9 15.0 1.0 0.0 0.0 0.0
1435261856.33
590.5 -9.9 15.0 1.0 0.0 0.0 0.0
1435261856.36
590.6 -9.9 15.0 1.0 0.0 0.0 0.0
1435261856.39
590.7 -9.9 15.0 1.0 0.0 0.0 0.0
1435261856.42
590.8 -9.8 15.0 1.0 0.0 0.0 0.0
1435261856.45
590.9 -9.8 15.0 1.0 0.0 0.0 0.0
1435261856.48
590.9 -9.8 15.0 1.0 0.0 0.0 0.0
1435261856.51
591.0 -9.8 15.0 1.0 0.0 0.0 0.0
1435261856.54
591.1 -9.8 15.0 1.0 0.0 0.0 0.0
1435261856.57
591.2 -9.7 15.0 1.0 0.0 0.0 0.0
1435261856.6
591.3 -9.7 15.0 1.0 0.0 0.0 0.0
1435261856.63
591.4 -9.7 15.0 1.0 0.0 0.0 0.0
1435261856.66
591.5 -9.7 15.0 1.0 0.0 0.0 0.0
1435261856.69
591.6 -9.7 15.0 1.0 0.0 0.0 0.0
1435261856.72
591.6 -9.6 15.0 1.0 0.0 0.0 0.0
1435261856.75
591.7 -9.6 15.0 1.0 0.0 0.0 0.0
1435261856.78
591.8 -9.6 15.0 1.0 0.0 0.0 0.0
1435261856.81
591.9 -9.6 15.0 1.0 0.0 0.0 0.0
1435261856.84
592.0 -9.6 15.0 1.0 0.0 0.0 0.0
1435261856.87
592.1 -9.5 15.0 1.0 0.0 0.0 0.0
1435261856.9
592.2 -9.5 15.0 1.0 0.0 0.0 0.0
1435261856.93
592.3 -9.5 15.0 1.0 0.0 0.0 0.0
1435261856.96
592.3 -9.5 15.0 1.0 0.0 0.0 0.0
1435261856.99
592.4 -9.5 15.0 1.0 0.0 0.0 0.0
1435261857.02
592.5 -9.5 15.0 1.0 0.0 0.0 0.0
1435261857.05
592.6 -9.4 15.0 1.0 0.0 0.0 0.0
1435261857.08
592.7 -9.4 15.0 1.0 0.0 0.0 0.0
1435261857.11
592.8 -9.4 15.0 1.0 0.0 0.0 0.0
1435261857.14
592.9 -9.4 15.0 1.0 0.0 0.0 0.0
1435261857.17
593.0 -9.3 15.0 1.0 0.0 0.0 0.0
1435261857.2
593.0 -9.3 15.0 1.0 0.0 0.0 0.0
1435261857.23
593.1 -9.3 15.0 1.0 0.0 0.0 0.0
1435261857.26
593.2 -9.3 15.0 1.0 0.0 0.0 0.0
1435261857.29
593.3 -9.3 15.0 1.0 0.0 0.0 0.0
1435261857.32
593.4 -9.2 15.0 1.0 0.0 0.0 0.0
1435261857.35
593.5 -9.2 15.0 1.0 0.0 0.0 0.0
1435261857.38
593.6 -9.2 15.0 1.0 0.0 0.0 0.0
1435261857.41
593.7 -9.2 15.0 1.0 0.0 0.0 0.0
1435261857.44
593.7 -9.2 15.0 1.0 0.0 0.0 0.0
1435261857.47
593.8 -9.2 15.0 1.0 0.0 0.0 0.0
1435261857.5
593.9 -9.3 15.0 1.0 0.0 0.0 0.0
1435261857.53
594.0 -9.3 15.0 1.0 0.0 0.0 0.0
1435261857.57
594.1 -9.3 15.0 1.0 0.0 0.0 0.0
1435261857.6
594.2 -9.3 15.0 1.0 0.0 0.0 0.0
1435261857.63
594.3 -9.3 15.0 1.0 0.0 0.0 0.0
1435261857.66
594.4 -9.3 15.0 1.0 0.0 0.0 0.0
1435261857.69
594.5 -9.3 15.0 1.0 0.0 0.0 0.0
1435261857.72
594.6 -9.3 15.0 1.0 0.0 0.0 0.0
1435261857.75
594.7 -9.4 15.0 1.0 0.0 0.0 0.0
1435261857.78
594.7 -9.4 15.0 1.0 0.0 0.0 0.0
1435261857.81
594.8 -9.4 15.0 1.0 0.0 0.0 0.0
1435261857.84
594.9 -9.4 15.0 1.0 0.0 0.0 0.0
1435261857.87
595.0 -9.4 15.0 1.0 0.0 0.0 0.0
1435261857.9
595.1 -9.5 15.0 1.0 0.0 0.0 0.0
1435261857.93
595.2 -9.5 15.0 1.0 0.0 0.0 0.0
1435261857.96
595.3 -9.5 15.0 1.0 0.0 0.0 0.0
1435261857.99
595.4 -9.5 15.0 1.0 0.0 0.0 0.0
1435261858.02
595.5 -9.5 15.0 1.0 0.0 0.0 0.0
1435261858.05
595.6 -9.6 15.0 1.0 0.0 0.0 0.0
1435261858.08
595.7 -9.6 15.0 1.0 0.0 0.0 0.0
1435261858.11
595.7 -9.6 15.0 1.0 0.0 0.0 0.0
1435261858.14
595.8 -9.6 15.0 1.0 0.0 0.0 0.0
1435261858.17
595.9 -9.6 15.0 1.0 0.0 0.0 0.0
1435261858.2
596.0 -9.6 15.0 1.0 0.0 0.0 0.0
1435261858.23
596.1 -9.7 15.0 1.0 0.0 0.0 0.0
1435261858.26
596.2 -9.7 15.0 1.0 0.0 0.0 0.0
1435261858.29
596.3 -9.7 15.0 1.0 0.0 0.0 0.0
1435261858.32
596.4 -9.7 15.0 1.0 0.0 0.0 0.0
1435261858.35
596.4 -9.7 15.0 1.0 0.0 0.0 0.0
1435261858.38
596.5 -9.7 15.0 1.0 0.0 0.0 0.0
1435261858.41
596.6 -9.8 15.0 1.0 0.0 0.0 0.0
1435261858.44
596.7 -9.8 15.0 1.0 0.0 0.0 0.0
1435261858.47
596.8 -9.8 15.0 1.0 0.0 0.0 0.0
1435261858.5
596.9 -9.8 15.0 1.0 0.0 0.0 0.0
1435261858.53
597.0 -9.8 15.0 1.0 0.0 0.0 0.0
1435261858.56
597.1 -9.8 15.0 1.0 0.0 0.0 0.0
1435261858.59
597.1 -9.9 15.0 1.0 0.0 0.0 0.0
1435261858.62
597.2 -9.9 15.0 1.0 0.0 0.0 0.0
1435261858.65
597.3 -9.9 15.0 1.0 0.0 0.0 0.0
1435261858.68
597.4 -9.9 15.0 1.0 0.0 0.0 0.0
1435261858.71
597.5 -9.9 15.0 1.0 0.0 0.0 0.0
1435261858.74
597.6 -9.9 15.0 1.0 0.0 0.0 0.0
1435261858.77
597.7 -10.0 15.0 1.0 0.0 0.0 0.0
1435261858.8
597.8 -10.0 15.0 1.0 0.0 0.0 0.0
1435261858.83
597.9 -10.0 15.0 1.0 0.0 0.0 0.0
1435261858.86
598.0 -10.0 15.0 1.0 0.0 0.0 0.0
1435261858.89
598.0 -10.0 15.0 1.0 0.0 0.0 0.0
1435261858.92
598.1 -10.0 15.0 1.0 0.0 0.0 0.0
1435261858.95
598.2 -10.1 15.0 1.0 0.0 0.0 0.0
1435261858.98
598.3 -10.1 15.0 1.0 0.0 0.0 0.0
1435261859.01
598.4 -10.1 15.0 1.0 0.0 0.0 0.0
1435261859.04
598.5 -10.1 15.0 1.0 0.0 0.0 0.0
1435261859.07
598.6 -10.1 15.0 1.0 0.0 0.0 0.0
1435261859.1
598.7 -10.1 15.0 1.0 0.0 0.0 0.0
1435261859.13
598.8 -10.2 15.0 1.0 0.0 0.0 0.0
1435261859.16
598.8 -10.2 15.0 1.0 0.0 0.0 0.0
1435261859.19
598.9 -10.2 15.0 1.0 0.0 0.0 0.0
1435261859.22
599.0 -10.2 15.0 1.0 0.0 0.0 0.0
1435261859.25
599.1 -10.2 15.0 1.0 0.0 0.0 0.0
1435261859.28
599.2 -10.2 15.0 1.0 0.0 0.0 0.0
1435261859.31
599.3 -10.3 15.0 1.0 0.0 0.0 0.0
1435261859.34
599.4 -10.3 15.0 1.0 0.0 0.0 0.0
1435261859.37
599.4 -10.3 15.0 1.0 0.0 0.0 0.0
1435261859.4
599.5 -10.3 15.0 1.0 0.0 0.0 0.0
1435261859.43
599.6 -10.3 15.0 1.0 0.0 0.0 0.0
1435261859.46
599.7 -10.3 15.0 1.0 0.0 0.0 0.0
1435261859.5
599.8 -10.4 15.0 1.0 0.0 0.0 0.0
1435261859.52
599.9 -10.4 15.0 1.0 0.0 0.0 0.0
1435261859.56
600.0 -10.4 15.0 1.0 0.0 0.0 0.0
1435261859.58
600.1 -10.4 15.0 1.0 0.0 0.0 0.0
1435261859.62
600.2 -10.4 15.0 1.0 0.0 0.0 0.0
1435261859.64
600.3 -10.4 15.0 1.0 0.0 0.0 0.0
1435261859.67
600.3 -10.5 15.0 1.0 0.0 0.0 0.0
1435261859.7
600.4 -10.5 15.0 1.0 0.0 0.0 0.0
1435261859.74
600.5 -10.5 15.0 1.0 0.0 0.0 0.0
1435261859.76
600.6 -10.5 15.0 1.0 0.0 0.0 0.0
1435261859.79
600.6 -10.5 15.0 1.0 0.0 0.0 0.0
1435261859.82
600.6 -10.5 15.0 1.0 0.0 0.0 0.0
1435261859.85
600.6 -10.5 15.0 1.0 0.0 0.0 0.0
1435261859.89
600.6 -10.5 15.0 1.0 0.0 0.0 0.0
1435261859.91
600.6 -10.5 15.0 1.0 0.0 0.0 0.0
1435261859.94
600.6 -10.5 15.0 1.0 0.0 0.0 0.0
1435261859.98
600.6 -10.5 15.0 1.0 0.0 0.0 0.0
1435261860.0
600.6 -10.5 15.0 1.0 0.0 0.0 0.0
1435261860.03
600.6 -10.5 15.0 1.0 0.0 0.0 0.0
1435261860.06
600.6 -10.5 15.0 1.0 0.0 0.0 0.0
1435261860.1
600.6 -10.5 15.0 1.0 0.0 0.0 0.0
1435261860.13
600.6 -10.5 15.0 1.0 0.0 0.0 0.0
1435261860.16
600.6 -10.5 15.0 1.0 0.0 0.0 0.0
1435261860.19
600.6 -10.5 15.0 1.0 0.0 0.0 0.0
1435261860.22
600.6 -10.5 15.0 1.0 0.0 0.0 0.0
1435261860.25
600.6 -10.5 15.0 1.0 0.0 0.0 0.0
1435261860.28
600.6 -10.5 15.0 1.0 0.0 0.0 0.0
1435261860.3
600.6 -10.5 15.0 1.0 0.0 0.0 0.0
1435261860.34
600.6 -10.5 15.0 1.0 0.0 0.0 0.0
1435261860.36
600.6 -10.5 15.0 1.0 0.0 0.0 0.0
1435261860.39
600.6 -10.5 15.0 1.0 0.0 0.0 0.0
1435261860.43
600.6 -10.5 15.0 1.0 0.0 0.0 0.0
1435261860.46
600.6 -10.5 15.0 1.0 0.0 0.0 0.0
1435261860.49
600.6 -10.5 15.0 1.0 0.0 0.0 0.0
1435261860.52
600.6 -10.5 15.0 1.0 0.0 0.0 0.0
1435261860.55
600.6 -10.5 15.0 1.0 0.0 0.0 0.0
1435261860.58
600.6 -10.5 15.0 1.0 0.0 0.0 0.0
1435261860.61
600.6 -10.5 15.0 1.0 0.0 0.0 0.0
1435261860.64
600.6 -10.5 15.0 1.0 0.0 0.0 0.0
1435261860.67
600.6 -10.5 15.0 1.0 0.0 0.0 0.0
1435261860.7
600.6 -10.5 15.0 1.0 0.0 0.0 0.0
1435261860.73
600.6 -10.5 15.0 1.0 0.0 0.0 0.0
1435261860.76
600.6 -10.5 15.0 1.0 0.0 0.0 0.0
1435261860.79
600.6 -10.5 15.0 1.0 0.0 0.0 0.0
1435261860.82
600.6 -10.5 15.0 1.0 0.0 0.0 0.0
1435261860.85
600.6 -10.5 15.0 1.0 0.0 0.0 0.0
1435261860.88
600.6 -10.5 15.0 1.0 0.0 0.0 0.0
1435261860.91
600.6 -10.5 15.0 1.0 0.0 0.0 0.0
1435261860.94
600.6 -10.5 15.0 1.0 0.0 0.0 0.0
1435261860.97
600.6 -10.5 15.0 1.0 0.0 0.0 0.0
1435261861.0
600.6 -10.5 15.0 1.0 0.0 0.0 0.0
1435261861.03
600.6 -10.5 15.0 1.0 0.0 0.0 0.0
1435261861.06
600.6 -10.5 15.0 1.0 0.0 0.0 0.0
1435261861.09
600.6 -10.5 15.0 1.0 0.0 0.0 0.0
1435261861.12
600.6 -10.5 15.0 1.0 0.0 0.0 0.0
1435261861.15
600.6 -10.5 15.0 1.0 0.0 0.0 0.0
1435261861.18
600.6 -10.5 15.0 1.0 0.0 0.0 0.0
1435261861.21
600.6 -10.5 15.0 1.0 0.0 0.0 0.0
1435261861.24
600.6 -10.5 15.0 1.0 0.0 0.0 0.0
1435261861.27
600.6 -10.5 15.0 1.0 0.0 0.0 0.0
1435261861.3
600.6 -10.5 15.0 1.0 0.0 0.0 0.0
1435261861.33
600.6 -10.5 15.0 1.0 0.0 0.0 0.0
1435261861.36
600.6 -10.5 15.0 1.0 0.0 0.0 0.0
1435261861.39
600.6 -10.5 15.0 1.0 0.0 0.0 0.0
1435261861.42
600.6 -10.5 15.0 1.0 0.0 0.0 0.0
1435261861.45
600.6 -10.5 15.0 1.0 0.0 0.0 0.0
1435261861.48
600.6 -10.5 15.0 1.0 0.0 0.0 0.0
1435261861.51
600.6 -10.5 15.0 1.0 0.0 0.0 0.0
1435261861.54
600.6 -10.5 15.0 1.0 0.0 0.0 0.0
1435261861.57
600.6 -10.5 15.0 1.0 0.0 0.0 0.0
1435261861.6
600.6 -10.5 15.0 1.0 0.0 0.0 0.0
1435261861.63
600.6 -10.5 15.0 1.0 0.0 0.0 0.0
1435261861.66
600.6 -10.5 15.0 1.0 0.0 0.0 0.0
1435261861.69
600.6 -10.5 15.0 1.0 0.0 0.0 0.0
1435261861.72
600.6 -10.5 15.0 1.0 0.0 0.0 0.0
1435261861.75
600.6 -10.5 15.0 1.0 0.0 0.0 0.0
1435261861.78
600.6 -10.5 15.0 1.0 0.0 0.0 0.0
1435261861.81
600.6 -10.5 15.0 1.0 0.0 0.0 0.0
1435261861.84
600.6 -10.5 15.0 1.0 0.0 0.0 0.0
1435261861.87
600.6 -10.5 15.0 1.0 0.0 0.0 0.0
1435261861.9
600.6 -10.5 15.0 1.0 0.0 0.0 0.0
1435261861.93
600.6 -10.5 15.0 1.0 0.0 0.0 0.0
1435261861.96
600.6 -10.5 15.0 1.0 0.0 0.0 0.0
1435261861.99
600.6 -10.5 15.0 1.0 0.0 0.0 0.0
1435261862.02
600.6 -10.5 15.0 1.0 0.0 0.0 0.0
1435261862.05
600.6 -10.5 15.0 1.0 0.0 0.0 0.0
1435261862.08
600.6 -10.5 15.0 1.0 0.0 0.0 0.0
1435261862.11
600.6 -10.5 15.0 1.0 0.0 0.0 0.0
1435261862.14
600.6 -10.5 15.0 1.0 0.0 0.0 0.0
1435261862.17
600.6 -10.5 15.0 1.0 0.0 0.0 0.0
1435261862.2
600.6 -10.5 15.0 1.0 0.0 0.0 0.0
1435261862.23
600.6 -10.5 15.0 1.0 0.0 0.0 0.0
1435261862.26
600.6 -10.5 15.0 1.0 0.0 0.0 0.0
1435261862.29
600.6 -10.5 15.0 1.0 0.0 0.0 0.0
1435261862.32
600.6 -10.5 15.0 1.0 0.0 0.0 0.0
1435261862.35
600.6 -10.5 15.0 1.0 0.0 0.0 0.0
1435261862.38
600.6 -10.5 15.0 1.0 0.0 0.0 0.0
1435261862.41
600.6 -10.5 15.0 1.0 0.0 0.0 0.0
1435261862.44
600.6 -10.5 15.0 1.0 0.0 0.0 0.0
1435261862.47
600.6 -10.5 15.0 1.0 0.0 0.0 0.0
1435261862.5
600.6 -10.5 15.0 1.0 0.0 0.0 0.0
1435261862.53
600.6 -10.5 15.0 1.0 0.0 0.0 0.0
1435261862.56
600.6 -10.5 15.0 1.0 0.0 0.0 0.0
1435261862.59
600.6 -10.5 15.0 1.0 0.0 0.0 0.0
1435261862.62
600.6 -10.5 15.0 1.0 0.0 0.0 0.0
1435261862.65
600.6 -10.5 15.0 1.0 0.0 0.0 0.0
1435261862.68
600.6 -10.5 15.0 1.0 0.0 0.0 0.0
1435261862.71
600.6 -10.5 15.0 1.0 0.0 0.0 0.0
1435261862.74
600.6 -10.5 15.0 1.0 0.0 0.0 0.0
1435261862.77
600.6 -10.5 15.0 1.0 0.0 0.0 0.0
1435261862.8
600.6 -10.5 15.0 1.0 0.0 0.0 0.0
1435261862.83
600.6 -10.5 15.0 1.0 0.0 0.0 0.0
1435261862.86
600.6 -10.5 15.0 1.0 0.0 0.0 0.0
1435261862.89
600.6 -10.5 15.0 1.0 0.0 0.0 0.0
1435261862.92
600.6 -10.5 15.0 1.0 0.0 0.0 0.0
1435261862.95
600.6 -10.5 15.0 1.0 0.0 0.0 0.0
1435261862.98
600.6 -10.5 15.0 1.0 0.0 0.0 0.0
1435261863.01
600.6 -10.5 15.0 1.0 0.0 0.0 0.0
1435261863.04
600.6 -10.5 15.0 1.0 0.0 0.0 0.0
1435261863.06
600.6 -10.5 15.0 1.0 0.0 0.0 0.0
1435261863.1
600.6 -10.5 15.0 1.0 0.0 0.0 0.0
1435261863.12
600.6 -10.5 15.0 1.0 0.0 0.0 0.0
1435261863.16
600.6 -10.5 15.0 1.0 0.0 0.0 0.0
1435261863.18
600.6 -10.5 15.0 1.0 0.0 0.0 0.0
1435261863.22
600.6 -10.5 15.0 1.0 0.0 0.0 0.0
1435261863.24
600.6 -10.5 15.0 1.0 0.0 0.0 0.0
1435261863.28
600.6 -10.5 15.0 1.0 0.0 0.0 0.0
1435261863.3
600.6 -10.5 15.0 1.0 0.0 0.0 0.0
1435261863.34
600.6 -10.5 15.0 1.0 0.0 0.0 0.0
1435261863.36
600.6 -10.5 15.0 1.0 0.0 0.0 0.0
1435261863.4
600.6 -10.5 15.0 1.0 0.0 0.0 0.0
1435261863.42
600.6 -10.5 15.0 1.0 0.0 0.0 0.0
1435261863.46
600.6 -10.5 15.0 1.0 0.0 0.0 0.0
1435261863.48
600.6 -10.5 15.0 1.0 0.0 0.0 0.0
1435261863.51
600.6 -10.5 15.0 1.0 0.0 0.0 0.0
1435261863.54
600.6 -10.5 15.0 1.0 0.0 0.0 0.0
1435261863.57
600.6 -10.5 15.0 1.0 0.0 0.0 0.0
1435261863.6
600.6 -10.5 15.0 1.0 0.0 0.0 0.0
1435261863.63
600.6 -10.5 15.0 1.0 0.0 0.0 0.0
1435261863.66
600.6 -10.5 15.0 1.0 0.0 0.0 0.0
1435261863.7
600.6 -10.5 15.0 1.0 0.0 0.0 0.0
1435261863.72
600.6 -10.5 15.0 1.0 0.0 0.0 0.0
1435261863.75
600.6 -10.5 15.0 1.0 0.0 0.0 0.0
1435261863.78
600.6 -10.5 15.0 1.0 0.0 0.0 0.0
1435261863.81
600.6 -10.5 15.0 1.0 0.0 0.0 0.0
1435261863.84
600.6 -10.5 15.0 1.0 0.0 0.0 0.0
1435261863.87
600.6 -10.5 15.0 1.0 0.0 0.0 0.0
1435261863.9
600.6 -10.5 15.0 1.0 0.0 0.0 0.0
1435261863.93
600.6 -10.5 15.0 1.0 0.0 0.0 0.0
1435261863.96
600.6 -10.5 15.0 1.0 0.0 0.0 0.0
1435261863.99
600.6 -10.5 15.0 1.0 0.0 0.0 0.0
1435261864.02
600.6 -10.5 15.0 1.0 0.0 0.0 0.0
1435261864.05
600.6 -10.5 15.0 1.0 0.0 0.0 0.0
1435261864.08
600.6 -10.5 15.0 1.0 0.0 0.0 0.0
1435261864.11
600.6 -10.5 15.0 1.0 0.0 0.0 0.0
1435261864.14
600.6 -10.5 15.0 1.0 0.0 0.0 0.0
1435261864.17
600.6 -10.5 15.0 1.0 0.0 0.0 0.0
1435261864.2
600.6 -10.5 15.0 1.0 0.0 0.0 0.0
1435261864.23
600.6 -10.5 15.0 1.0 0.0 0.0 0.0
1435261864.26
600.6 -10.5 15.0 1.0 0.0 0.0 0.0
1435261864.29
600.6 -10.5 15.0 1.0 0.0 0.0 0.0
1435261864.32
600.6 -10.5 15.0 1.0 0.0 0.0 0.0
1435261864.35
600.6 -10.5 15.0 1.0 0.0 0.0 0.0
1435261864.38
600.6 -10.5 15.0 1.0 0.0 0.0 0.0
1435261864.41
600.6 -10.5 15.0 1.0 0.0 0.0 0.0
1435261864.44
600.6 -10.5 15.0 1.0 0.0 0.0 0.0
1435261864.47
600.6 -10.5 15.0 1.0 0.0 0.0 0.0
1435261864.5
600.6 -10.5 15.0 1.0 0.0 0.0 0.0
1435261864.53
600.6 -10.5 15.0 1.0 0.0 0.0 0.0
1435261864.56
600.6 -10.5 15.0 1.0 0.0 0.0 0.0
1435261864.59
600.6 -10.5 15.0 1.0 0.0 0.0 0.0
1435261864.62
600.6 -10.5 15.0 1.0 0.0 0.0 0.0
1435261864.65
600.6 -10.5 15.0 1.0 0.0 0.0 0.0
1435261864.68
600.6 -10.5 15.0 1.0 0.0 0.0 0.0
1435261864.71
600.6 -10.5 15.0 1.0 0.0 0.0 0.0
1435261864.74
600.6 -10.5 15.0 1.0 0.0 0.0 0.0
1435261864.77
600.6 -10.5 15.0 1.0 0.0 0.0 0.0
1435261864.8
600.6 -10.5 15.0 1.0 0.0 0.0 0.0
1435261864.83
600.6 -10.5 15.0 1.0 0.0 0.0 0.0
1435261864.86
600.6 -10.5 15.0 1.0 0.0 0.0 0.0
1435261864.89
600.6 -10.5 15.0 1.0 0.0 0.0 0.0
1435261864.92
600.6 -10.5 15.0 1.0 0.0 0.0 0.0
1435261864.95
600.6 -10.5 15.0 1.0 0.0 0.0 0.0
1435261864.98
600.6 -10.5 15.0 1.0 0.0 0.0 0.0
1435261865.01
600.6 -10.5 15.0 1.0 0.0 0.0 0.0
1435261865.04
600.6 -10.5 15.0 1.0 0.0 0.0 0.0
1435261865.07
600.6 -10.5 15.0 1.0 0.0 0.0 0.0
1435261865.1
600.6 -10.5 15.0 1.0 0.0 0.0 0.0
1435261865.13
600.6 -10.5 15.0 1.0 0.0 0.0 0.0
1435261865.16
600.6 -10.5 15.0 1.0 0.0 0.0 0.0
1435261865.19
600.6 -10.5 15.0 1.0 0.0 0.0 0.0
1435261865.22
600.6 -10.5 15.0 1.0 0.0 0.0 0.0
1435261865.25
600.6 -10.5 15.0 1.0 0.0 0.0 0.0
1435261865.28
600.6 -10.5 15.0 1.0 0.0 0.0 0.0
1435261865.31
600.6 -10.5 15.0 1.0 0.0 0.0 0.0
1435261865.34
600.6 -10.5 15.0 1.0 0.0 0.0 0.0
1435261865.37
600.6 -10.5 15.0 1.0 0.0 0.0 0.0
1435261865.4
600.6 -10.5 15.0 1.0 0.0 0.0 0.0
1435261865.43
600.6 -10.5 15.0 1.0 0.0 0.0 0.0
1435261865.46
600.6 -10.5 15.0 1.0 0.0 0.0 0.0
1435261865.49
600.6 -10.5 15.0 1.0 0.0 0.0 0.0
1435261865.52
600.6 -10.5 15.0 1.0 0.0 0.0 0.0
1435261865.55
600.6 -10.5 15.0 1.0 0.0 0.0 0.0
1435261865.58
600.6 -10.5 15.0 1.0 0.0 0.0 0.0
1435261865.61
600.6 -10.5 15.0 1.0 0.0 0.0 0.0
1435261865.64
600.6 -10.5 15.0 1.0 0.0 0.0 0.0
1435261865.67
600.6 -10.5 15.0 1.0 0.0 0.0 0.0
1435261865.7
600.6 -10.5 15.0 1.0 0.0 0.0 0.0
1435261865.73
600.6 -10.5 15.0 1.0 0.0 0.0 0.0
1435261865.76
600.6 -10.5 15.0 1.0 0.0 0.0 0.0
1435261865.79
600.6 -10.5 15.0 1.0 0.0 0.0 0.0
1435261865.82
600.6 -10.5 15.0 1.0 0.0 0.0 0.0
1435261865.85
600.6 -10.5 15.0 1.0 0.0 0.0 0.0
1435261865.88
600.6 -10.5 15.0 1.0 0.0 0.0 0.0
1435261865.91
600.6 -10.5 15.0 1.0 0.0 0.0 0.0
1435261865.94
600.6 -10.5 15.0 1.0 0.0 0.0 0.0
1435261865.97
600.6 -10.5 15.0 1.0 0.0 0.0 0.0
1435261866.0
600.6 -10.5 15.0 1.0 0.0 0.0 0.0
1435261866.03
600.6 -10.5 15.0 1.0 0.0 0.0 0.0
1435261866.06
600.6 -10.5 15.0 1.0 0.0 0.0 0.0
1435261866.09
600.6 -10.5 15.0 1.0 0.0 0.0 0.0
1435261866.12
600.6 -10.5 15.0 1.0 0.0 0.0 0.0
1435261866.15
600.6 -10.5 15.0 1.0 0.0 0.0 0.0
1435261866.18
600.6 -10.5 15.0 1.0 0.0 0.0 0.0
1435261866.21
600.6 -10.5 15.0 1.0 0.0 0.0 0.0
1435261866.24
600.6 -10.5 15.0 1.0 0.0 0.0 0.0
1435261866.27
600.6 -10.5 15.0 1.0 0.0 0.0 0.0
1435261866.3
600.6 -10.5 15.0 1.0 0.0 0.0 0.0
1435261866.33
600.6 -10.5 15.0 1.0 0.0 0.0 0.0
1435261866.36
600.6 -10.5 15.0 1.0 0.0 0.0 0.0
1435261866.39
600.6 -10.5 15.0 1.0 0.0 0.0 0.0
1435261866.42
600.6 -10.5 15.0 1.0 0.0 0.0 0.0
1435261866.45
600.6 -10.5 15.0 1.0 0.0 0.0 0.0
1435261866.48
600.6 -10.5 15.0 1.0 0.0 0.0 0.0
1435261866.51
600.6 -10.5 15.0 1.0 0.0 0.0 0.0
1435261866.54
600.6 -10.5 15.0 1.0 0.0 0.0 0.0
1435261866.57
600.6 -10.5 15.0 1.0 0.0 0.0 0.0
1435261866.6
600.6 -10.5 15.0 1.0 0.0 0.0 0.0
1435261866.63
600.6 -10.5 15.0 1.0 0.0 0.0 0.0
1435261866.66
600.6 -10.5 15.0 1.0 0.0 0.0 0.0
1435261866.69
600.6 -10.5 15.0 1.0 0.0 0.0 0.0
1435261866.72
600.6 -10.5 15.0 1.0 0.0 0.0 0.0
1435261866.75
600.6 -10.5 15.0 1.0 0.0 0.0 0.0
1435261866.78
600.6 -10.5 15.0 1.0 0.0 0.0 0.0
1435261866.81
600.6 -10.5 15.0 1.0 0.0 0.0 0.0
1435261866.84
600.6 -10.5 15.0 1.0 0.0 0.0 0.0
1435261866.87
600.6 -10.5 15.0 1.0 0.0 0.0 0.0
1435261866.9
600.6 -10.5 15.0 1.0 0.0 0.0 0.0
1435261866.93
600.6 -10.5 15.0 1.0 0.0 0.0 0.0
