1435291759.42
500.0 0.0 15.0 1.0 0.0 0.0 0.0
1435291759.45
500.0 0.0 15.0 1.0 0.0 0.0 0.0
1435291759.48
500.0 0.0 15.0 1.0 0.0 0.0 0.0
1435291759.51
500.0 0.0 15.0 1.0 0.0 0.0 0.0
1435291759.54
500.0 0.0 15.0 1.0 0.0 0.0 0.0
1435291759.57
500.0 0.0 15.0 1.0 0.0 0.0 0.0
1435291759.6
500.0 0.0 15.0 1.0 0.0 0.0 0.0
1435291759.63
500.0 0.0 15.0 1.0 0.0 0.0 0.0
1435291759.66
500.0 0.0 15.0 1.0 0.0 0.0 0.0
1435291759.69
500.0 0.0 15.0 1.0 0.0 0.0 0.0
1435291759.72
500.0 0.0 15.0 1.0 0.0 0.0 0.0
1435291759.75
500.0 0.0 15.0 1.0 0.0 0.0 0.0
1435291759.78
500.0 0.0 15.0 1.0 0.0 0.0 0.0
1435291759.81
500.0 0.0 15.0 1.0 0.0 0.0 0.0
1435291759.84
500.0 0.0 15.0 1.0 0.0 0.0 0.0
1435291759.87
500.0 0.0 15.0 1.0 0.0 0.0 0.0
1435291759.9
500.0 0.0 15.0 1.0 0.0 0.0 0.0
1435291759.93
500.1 0.0 15.0 1.0 0.0 0.0 0.0
1435291759.96
500.3 0.0 15.0 1.0 0.0 0.0 0.0
1435291759.99
500.4 -0.1 15.0 1.0 0.0 0.0 0.0
1435291760.02
500.5 -0.1 15.0 1.0 0.0 0.0 0.0
1435291760.05
500.7 -0.2 15.0 1.0 0.0 0.0 0.0
1435291760.08
500.8 -0.2 15.0 1.0 0.0 0.0 0.0
1435291760.11
501.0 -0.3 15.0 1.0 0.0 0.0 0.0
1435291760.14
501.1 -0.4 15.0 1.0 0.0 0.0 0.0
1435291760.17
501.3 -0.4 15.0 1.0 0.0 0.0 0.0
1435291760.2
501.4 -0.5 15.0 1.0 0.0 0.0 0.0
1435291760.24
501.6 -0.6 15.0 1.0 0.0 0.0 0.0
1435291760.26
501.7 -0.6 15.0 1.0 0.0 0.0 0.0
1435291760.29
501.8 -0.7 15.0 1.0 0.0 0.0 0.0
1435291760.32
502.0 -0.7 15.0 1.0 0.0 0.0 0.0
1435291760.35
502.1 -0.8 15.0 1.0 0.0 0.0 0.0
1435291760.38
502.3 -0.8 15.0 1.0 0.0 0.0 0.0
1435291760.41
502.4 -0.9 15.0 1.0 0.0 0.0 0.0
1435291760.44
502.6 -0.9 15.0 1.0 0.0 0.0 0.0
1435291760.47
502.7 -1.0 15.0 1.0 0.0 0.0 0.0
1435291760.5
502.8 -1.0 15.0 1.0 0.0 0.0 0.0
1435291760.53
503.0 -1.1 15.0 1.0 0.0 0.0 0.0
1435291760.56
503.1 -1.1 15.0 1.0 0.0 0.0 0.0
1435291760.59
503.2 -1.2 15.0 1.0 0.0 0.0 0.0
1435291760.62
503.4 -1.2 15.0 1.0 0.0 0.0 0.0
1435291760.66
503.5 -1.3 15.0 1.0 0.0 0.0 0.0
1435291760.68
503.7 -1.3 15.0 1.0 0.0 0.0 0.0
1435291760.72
503.8 -1.4 15.0 1.0 0.0 0.0 0.0
1435291760.75
504.0 -1.4 15.0 1.0 0.0 0.0 0.0
1435291760.78
504.1 -1.5 15.0 1.0 0.0 0.0 0.0
1435291760.8
504.2 -1.5 15.0 1.0 0.0 0.0 0.0
1435291760.84
504.4 -1.6 15.0 1.0 0.0 0.0 0.0
1435291760.86
504.5 -1.6 15.0 1.0 0.0 0.0 0.0
1435291760.9
504.7 -1.7 15.0 1.0 0.0 0.0 0.0
1435291760.93
504.8 -1.7 15.0 1.0 0.0 0.0 0.0
1435291760.96
505.0 -1.8 15.0 1.0 0.0 0.0 0.0
1435291760.99
505.1 -1.9 15.0 1.0 0.0 0.0 0.0
1435291761.02
505.2 -1.9 15.0 1.0 0.0 0.0 0.0
1435291761.05
505.4 -2.0 15.0 1.0 0.0 0.0 0.0
1435291761.08
505.5 -2.0 15.0 1.0 0.0 0.0 0.0
1435291761.11
505.7 -2.1 15.0 1.0 0.0 0.0 0.0
1435291761.14
505.8 -2.1 15.0 1.0 0.0 0.0 0.0
1435291761.17
506.0 -2.2 15.0 1.0 0.0 0.0 0.0
1435291761.2
506.1 -2.2 15.0 1.0 0.0 0.0 0.0
1435291761.23
506.2 -2.3 15.0 1.0 0.0 0.0 0.0
1435291761.26
506.4 -2.3 15.0 1.0 0.0 0.0 0.0
1435291761.29
506.5 -2.4 15.0 1.0 0.0 0.0 0.0
1435291761.32
506.6 -2.4 15.0 1.0 0.0 0.0 0.0
1435291761.35
506.8 -2.5 15.0 1.0 0.0 0.0 0.0
1435291761.38
506.9 -2.5 15.0 1.0 0.0 0.0 0.0
1435291761.41
507.1 -2.6 15.0 1.0 0.0 0.0 0.0
1435291761.44
507.2 -2.6 15.0 1.0 0.0 0.0 0.0
1435291761.47
507.4 -2.7 15.0 1.0 0.0 0.0 0.0
1435291761.51
507.5 -2.7 15.0 1.0 0.0 0.0 0.0
1435291761.54
507.7 -2.8 15.0 1.0 0.0 0.0 0.0
1435291761.57
507.8 -2.8 15.0 1.0 0.0 0.0 0.0
1435291761.6
508.0 -2.9 15.0 1.0 0.0 0.0 0.0
1435291761.63
508.1 -2.9 15.0 1.0 0.0 0.0 0.0
1435291761.65
508.2 -3.0 15.0 1.0 0.0 0.0 0.0
1435291761.69
508.4 -3.0 15.0 1.0 0.0 0.0 0.0
1435291761.72
508.5 -3.1 15.0 1.0 0.0 0.0 0.0
1435291761.75
508.7 -3.2 15.0 1.0 0.0 0.0 0.0
1435291761.78
508.8 -3.2 15.0 1.0 0.0 0.0 0.0
1435291761.81
508.9 -3.3 15.0 1.0 0.0 0.0 0.0
1435291761.84
509.1 -3.3 15.0 1.0 0.0 0.0 0.0
1435291761.87
509.2 -3.4 15.0 1.0 0.0 0.0 0.0
1435291761.9
509.4 -3.4 15.0 1.0 0.0 0.0 0.0
1435291761.93
509.5 -3.5 15.0 1.0 0.0 0.0 0.0
1435291761.96
509.7 -3.5 15.0 1.0 0.0 0.0 0.0
1435291761.99
509.8 -3.6 15.0 1.0 0.0 0.0 0.0
1435291762.02
510.0 -3.6 15.0 1.0 0.0 0.0 0.0
1435291762.05
510.1 -3.7 15.0 1.0 0.0 0.0 0.0
1435291762.08
510.2 -3.7 15.0 1.0 0.0 0.0 0.0
1435291762.11
510.4 -3.8 15.0 1.0 0.0 0.0 0.0
1435291762.14
510.5 -3.8 15.0 1.0 0.0 0.0 0.0
1435291762.17
510.6 -3.9 15.0 1.0 0.0 0.0 0.0
1435291762.2
510.8 -3.9 15.0 1.0 0.0 0.0 0.0
1435291762.23
510.9 -4.0 15.0 1.0 0.0 0.0 0.0
1435291762.26
511.1 -4.0 15.0 1.0 0.0 0.0 0.0
1435291762.29
511.2 -4.1 15.0 1.0 0.0 0.0 0.0
1435291762.32
511.4 -4.1 15.0 1.0 0.0 0.0 0.0
1435291762.35
511.5 -4.2 15.0 1.0 0.0 0.0 0.0
1435291762.38
511.7 -4.2 15.0 1.0 0.0 0.0 0.0
1435291762.41
511.8 -4.3 15.0 1.0 0.0 0.0 0.0
1435291762.44
511.9 -4.3 15.0 1.0 0.0 0.0 0.0
1435291762.48
512.1 -4.4 15.0 1.0 0.0 0.0 0.0
1435291762.5
512.2 -4.5 15.0 1.0 0.0 0.0 0.0
1435291762.54
512.4 -4.5 15.0 1.0 0.0 0.0 0.0
1435291762.56
512.5 -4.6 15.0 1.0 0.0 0.0 0.0
1435291762.59
512.6 -4.6 15.0 1.0 0.0 0.0 0.0
1435291762.62
512.8 -4.7 15.0 1.0 0.0 0.0 0.0
1435291762.66
512.9 -4.7 15.0 1.0 0.0 0.0 0.0
1435291762.68
513.1 -4.8 15.0 1.0 0.0 0.0 0.0
1435291762.72
513.2 -4.8 15.0 1.0 0.0 0.0 0.0
1435291762.75
513.4 -4.9 15.0 1.0 0.0 0.0 0.0
1435291762.77
513.5 -4.9 15.0 1.0 0.0 0.0 0.0
1435291762.81
513.7 -5.0 15.0 1.0 0.0 0.0 0.0
1435291762.84
513.8 -5.0 15.0 1.0 0.0 0.0 0.0
1435291762.87
513.9 -5.1 15.0 1.0 0.0 0.0 0.0
1435291762.9
514.1 -5.1 15.0 1.0 0.0 0.0 0.0
1435291762.93
514.2 -5.2 15.0 1.0 0.0 0.0 0.0
1435291762.96
514.3 -5.2 15.0 1.0 0.0 0.0 0.0
1435291762.99
514.5 -5.3 15.0 1.0 0.0 0.0 0.0
1435291763.02
514.6 -5.3 15.0 1.0 0.0 0.0 0.0
1435291763.05
514.8 -5.4 15.0 1.0 0.0 0.0 0.0
1435291763.08
514.9 -5.4 15.0 1.0 0.0 0.0 0.0
1435291763.11
515.1 -5.5 15.0 1.0 0.0 0.0 0.0
1435291763.14
515.2 -5.5 15.0 1.0 0.0 0.0 0.0
1435291763.17
515.3 -5.6 15.0 1.0 0.0 0.0 0.0
1435291763.2
515.5 -5.6 15.0 1.0 0.0 0.0 0.0
1435291763.23
515.6 -5.7 15.0 1.0 0.0 0.0 0.0
1435291763.26
515.8 -5.7 15.0 1.0 0.0 0.0 0.0
1435291763.29
515.9 -5.8 15.0 1.0 0.0 0.0 0.0
1435291763.32
516.1 -5.8 15.0 1.0 0.0 0.0 0.0
1435291763.35
516.2 -5.9 15.0 1.0 0.0 0.0 0.0
1435291763.38
516.3 -5.9 15.0 1.0 0.0 0.0 0.0
1435291763.41
516.5 -6.0 15.0 1.0 0.0 0.0 0.0
1435291763.44
516.6 -6.1 15.0 1.0 0.0 0.0 0.0
1435291763.47
516.8 -6.1 15.0 1.0 0.0 0.0 0.0
1435291763.5
516.9 -6.2 15.0 1.0 0.0 0.0 0.0
1435291763.54
517.1 -6.2 15.0 1.0 0.0 0.0 0.0
1435291763.57
517.2 -6.3 15.0 1.0 0.0 0.0 0.0
1435291763.6
517.4 -6.3 15.0 1.0 0.0 0.0 0.0
1435291763.63
517.5 -6.4 15.0 1.0 0.0 0.0 0.0
1435291763.66
517.7 -6.4 15.0 1.0 0.0 0.0 0.0
1435291763.69
517.8 -6.5 15.0 1.0 0.0 0.0 0.0
1435291763.72
517.9 -6.5 15.0 1.0 0.0 0.0 0.0
1435291763.74
518.1 -6.6 15.0 1.0 0.0 0.0 0.0
1435291763.78
518.2 -6.6 15.0 1.0 0.0 0.0 0.0
1435291763.81
518.3 -6.7 15.0 1.0 0.0 0.0 0.0
1435291763.84
518.5 -6.7 15.0 1.0 0.0 0.0 0.0
1435291763.87
518.6 -6.8 15.0 1.0 0.0 0.0 0.0
1435291763.9
518.7 -6.8 15.0 1.0 0.0 0.0 0.0
1435291763.93
518.7 -6.8 15.0 1.0 0.0 0.0 0.0
1435291763.96
518.7 -6.8 15.0 1.0 0.0 0.0 0.0
1435291763.99
518.7 -6.8 15.0 1.0 0.0 0.0 0.0
1435291764.02
518.7 -6.8 15.0 1.0 0.0 0.0 0.0
1435291764.05
518.7 -6.8 15.0 1.0 0.0 0.0 0.0
1435291764.08
518.7 -6.8 15.0 1.0 0.0 0.0 0.0
1435291764.11
518.7 -6.8 15.0 1.0 0.0 0.0 0.0
1435291764.14
518.7 -6.8 15.0 1.0 0.0 0.0 0.0
1435291764.17
518.7 -6.8 15.0 1.0 0.0 0.0 0.0
1435291764.2
518.7 -6.8 15.0 1.0 0.0 0.0 0.0
1435291764.23
518.7 -6.8 15.0 1.0 0.0 0.0 0.0
1435291764.26
518.7 -6.8 15.0 1.0 0.0 0.0 0.0
1435291764.29
518.7 -6.8 15.0 1.0 0.0 0.0 0.0
1435291764.32
518.7 -6.8 15.0 1.0 0.0 0.0 0.0
1435291764.35
518.7 -6.8 15.0 1.0 0.0 0.0 0.0
1435291764.38
518.7 -6.8 15.0 1.0 0.0 0.0 0.0
1435291764.41
518.7 -6.8 15.0 1.0 0.0 0.0 0.0
1435291764.44
518.7 -6.8 15.0 1.0 0.0 0.0 0.0
1435291764.47
518.7 -6.8 15.0 1.0 0.0 0.0 0.0
1435291764.5
518.7 -6.8 15.0 1.0 0.0 0.0 0.0
1435291764.54
518.7 -6.8 15.0 1.0 0.0 0.0 0.0
1435291764.56
518.7 -6.8 15.0 1.0 0.0 0.0 0.0
1435291764.59
518.7 -6.8 15.0 1.0 0.0 0.0 0.0
1435291764.62
518.5 -6.8 15.0 1.0 0.0 0.0 0.0
1435291764.65
518.4 -6.8 15.0 1.0 0.0 0.0 0.0
1435291764.68
518.2 -6.7 15.0 1.0 0.0 0.0 0.0
1435291764.72
518.1 -6.7 15.0 1.0 0.0 0.0 0.0
1435291764.74
518.0 -6.6 15.0 1.0 0.0 0.0 0.0
1435291764.78
517.8 -6.6 15.0 1.0 0.0 0.0 0.0
1435291764.81
517.7 -6.5 15.0 1.0 0.0 0.0 0.0
1435291764.84
517.6 -6.5 15.0 1.0 0.0 0.0 0.0
1435291764.87
517.4 -6.4 15.0 1.0 0.0 0.0 0.0
1435291764.9
517.3 -6.3 15.0 1.0 0.0 0.0 0.0
1435291764.93
517.3 -6.2 15.0 1.0 0.0 0.0 0.0
1435291764.96
517.3 -6.1 15.0 1.0 0.0 0.0 0.0
1435291764.99
517.4 -6.0 15.0 1.0 0.0 0.0 0.0
1435291765.02
517.5 -5.8 15.0 1.0 0.0 0.0 0.0
1435291765.05
517.6 -5.7 15.0 1.0 0.0 0.0 0.0
1435291765.08
517.6 -5.6 15.0 1.0 0.0 0.0 0.0
1435291765.1
517.7 -5.4 15.0 1.0 0.0 0.0 0.0
1435291765.14
517.8 -5.3 15.0 1.0 0.0 0.0 0.0
1435291765.17
517.9 -5.2 15.0 1.0 0.0 0.0 0.0
1435291765.2
517.9 -5.1 15.0 1.0 0.0 0.0 0.0
1435291765.23
518.0 -4.9 15.0 1.0 0.0 0.0 0.0
1435291765.26
518.1 -4.8 15.0 1.0 0.0 0.0 0.0
1435291765.29
518.2 -4.7 15.0 1.0 0.0 0.0 0.0
1435291765.32
518.2 -4.6 15.0 1.0 0.0 0.0 0.0
1435291765.35
518.3 -4.4 15.0 1.0 0.0 0.0 0.0
1435291765.38
518.4 -4.3 15.0 1.0 0.0 0.0 0.0
1435291765.41
518.5 -4.1 15.0 1.0 0.0 0.0 0.0
1435291765.44
518.6 -4.0 15.0 1.0 0.0 0.0 0.0
1435291765.47
518.6 -3.9 15.0 1.0 0.0 0.0 0.0
1435291765.5
518.7 -3.8 15.0 1.0 0.0 0.0 0.0
1435291765.53
518.8 -3.6 15.0 1.0 0.0 0.0 0.0
1435291765.56
518.9 -3.5 15.0 1.0 0.0 0.0 0.0
1435291765.59
518.9 -3.4 15.0 1.0 0.0 0.0 0.0
1435291765.62
519.0 -3.2 15.0 1.0 0.0 0.0 0.0
1435291765.65
519.1 -3.1 15.0 1.0 0.0 0.0 0.0
1435291765.69
519.2 -3.0 15.0 1.0 0.0 0.0 0.0
1435291765.71
519.2 -2.8 15.0 1.0 0.0 0.0 0.0
1435291765.74
519.3 -2.7 15.0 1.0 0.0 0.0 0.0
1435291765.77
519.4 -2.6 15.0 1.0 0.0 0.0 0.0
1435291765.8
519.5 -2.5 15.0 1.0 0.0 0.0 0.0
1435291765.83
519.6 -2.3 15.0 1.0 0.0 0.0 0.0
1435291765.87
519.6 -2.2 15.0 1.0 0.0 0.0 0.0
1435291765.89
519.7 -2.1 15.0 1.0 0.0 0.0 0.0
1435291765.93
519.8 -2.0 15.0 1.0 0.0 0.0 0.0
1435291765.96
519.9 -1.8 15.0 1.0 0.0 0.0 0.0
1435291765.99
520.0 -1.7 15.0 1.0 0.0 0.0 0.0
1435291766.01
520.0 -1.6 15.0 1.0 0.0 0.0 0.0
1435291766.05
520.1 -1.4 15.0 1.0 0.0 0.0 0.0
1435291766.08
520.2 -1.3 15.0 1.0 0.0 0.0 0.0
1435291766.11
520.3 -1.2 15.0 1.0 0.0 0.0 0.0
1435291766.13
520.3 -1.1 15.0 1.0 0.0 0.0 0.0
1435291766.17
520.4 -0.9 15.0 1.0 0.0 0.0 0.0
1435291766.19
520.5 -0.8 15.0 1.0 0.0 0.0 0.0
1435291766.23
520.6 -0.7 15.0 1.0 0.0 0.0 0.0
1435291766.25
520.6 -0.5 15.0 1.0 0.0 0.0 0.0
1435291766.28
520.7 -0.4 15.0 1.0 0.0 0.0 0.0
1435291766.31
520.8 -0.3 15.0 1.0 0.0 0.0 0.0
1435291766.35
520.9 -0.1 15.0 1.0 0.0 0.0 0.0
1435291766.38
520.9 -0.1 15.0 1.0 0.0 0.0 0.0
1435291766.41
520.9 -0.1 15.0 1.0 0.0 0.0 0.0
1435291766.44
520.9 -0.1 15.0 1.0 0.0 0.0 0.0
1435291766.47
520.9 -0.1 15.0 1.0 0.0 0.0 0.0
1435291766.5
520.9 -0.1 15.0 1.0 0.0 0.0 0.0
1435291766.53
520.9 -0.1 15.0 1.0 0.0 0.0 0.0
1435291766.56
520.9 -0.1 15.0 1.0 0.0 0.0 0.0
1435291766.59
520.9 -0.1 15.0 1.0 0.0 0.0 0.0
1435291766.62
520.9 -0.1 15.0 1.0 0.0 0.0 0.0
1435291766.65
520.9 -0.1 15.0 1.0 0.0 0.0 0.0
1435291766.68
520.9 -0.1 15.0 1.0 0.0 0.0 0.0
1435291766.71
520.9 -0.1 15.0 1.0 0.0 0.0 0.0
1435291766.74
520.9 -0.1 15.0 1.0 0.0 0.0 0.0
1435291766.77
520.9 -0.1 15.0 1.0 0.0 0.0 0.0
1435291766.8
520.9 -0.1 15.0 1.0 0.0 0.0 0.0
1435291766.83
520.9 -0.1 15.0 1.0 0.0 0.0 0.0
1435291766.86
520.9 -0.1 15.0 1.0 0.0 0.0 0.0
1435291766.89
520.9 -0.1 15.0 1.0 0.0 0.0 0.0
1435291766.92
520.9 -0.1 15.0 1.0 0.0 0.0 0.0
1435291766.95
520.9 -0.1 15.0 1.0 0.0 0.0 0.0
1435291766.99
520.9 -0.1 15.0 1.0 0.0 0.0 0.0
1435291767.02
520.9 -0.1 15.0 1.0 0.0 0.0 0.0
1435291767.05
520.9 -0.1 15.0 1.0 0.0 0.0 0.0
1435291767.08
520.9 -0.2 15.0 1.0 0.0 0.0 0.0
1435291767.11
520.8 -0.2 15.0 1.0 0.0 0.0 0.0
1435291767.14
520.8 -0.4 15.0 1.0 0.0 0.0 0.0
1435291767.17
520.8 -0.5 15.0 1.0 0.0 0.0 0.0
1435291767.2
520.8 -0.6 15.0 1.0 0.0 0.0 0.0
1435291767.23
520.9 -0.7 15.0 1.0 0.0 0.0 0.0
1435291767.26
521.0 -0.8 15.0 1.0 0.0 0.0 0.0
1435291767.29
521.2 -0.9 15.0 1.0 0.0 0.0 0.0
1435291767.32
521.3 -1.0 15.0 1.0 0.0 0.0 0.0
1435291767.35
521.4 -1.0 15.0 1.0 0.0 0.0 0.0
1435291767.38
521.5 -1.1 15.0 1.0 0.0 0.0 0.0
1435291767.41
521.6 -1.2 15.0 1.0 0.0 0.0 0.0
1435291767.44
521.8 -1.3 15.0 1.0 0.0 0.0 0.0
1435291767.47
521.9 -1.4 15.0 1.0 0.0 0.0 0.0
1435291767.5
522.0 -1.5 15.0 1.0 0.0 0.0 0.0
1435291767.53
522.1 -1.5 15.0 1.0 0.0 0.0 0.0
1435291767.56
522.3 -1.6 15.0 1.0 0.0 0.0 0.0
1435291767.59
522.4 -1.7 15.0 1.0 0.0 0.0 0.0
1435291767.62
522.5 -1.8 15.0 1.0 0.0 0.0 0.0
1435291767.65
522.7 -1.9 15.0 1.0 0.0 0.0 0.0
1435291767.68
522.8 -2.0 15.0 1.0 0.0 0.0 0.0
1435291767.72
522.9 -2.1 15.0 1.0 0.0 0.0 0.0
1435291767.74
523.0 -2.1 15.0 1.0 0.0 0.0 0.0
1435291767.78
523.1 -2.2 15.0 1.0 0.0 0.0 0.0
1435291767.8
523.3 -2.3 15.0 1.0 0.0 0.0 0.0
1435291767.83
523.4 -2.4 15.0 1.0 0.0 0.0 0.0
1435291767.86
523.5 -2.5 15.0 1.0 0.0 0.0 0.0
1435291767.9
523.7 -2.5 15.0 1.0 0.0 0.0 0.0
1435291767.92
523.8 -2.6 15.0 1.0 0.0 0.0 0.0
1435291767.96
523.9 -2.7 15.0 1.0 0.0 0.0 0.0
1435291767.99
524.0 -2.8 15.0 1.0 0.0 0.0 0.0
1435291768.02
524.2 -2.9 15.0 1.0 0.0 0.0 0.0
1435291768.04
524.3 -3.0 15.0 1.0 0.0 0.0 0.0
1435291768.08
524.4 -3.0 15.0 1.0 0.0 0.0 0.0
1435291768.1
524.6 -3.1 15.0 1.0 0.0 0.0 0.0
1435291768.14
524.7 -3.2 15.0 1.0 0.0 0.0 0.0
1435291768.17
524.8 -3.3 15.0 1.0 0.0 0.0 0.0
1435291768.2
524.9 -3.4 15.0 1.0 0.0 0.0 0.0
1435291768.23
525.1 -3.5 15.0 1.0 0.0 0.0 0.0
1435291768.26
525.2 -3.5 15.0 1.0 0.0 0.0 0.0
1435291768.29
525.3 -3.6 15.0 1.0 0.0 0.0 0.0
1435291768.32
525.4 -3.7 15.0 1.0 0.0 0.0 0.0
1435291768.35
525.5 -3.8 15.0 1.0 0.0 0.0 0.0
1435291768.38
525.7 -3.9 15.0 1.0 0.0 0.0 0.0
1435291768.41
525.8 -3.9 15.0 1.0 0.0 0.0 0.0
1435291768.44
525.9 -4.0 15.0 1.0 0.0 0.0 0.0
1435291768.47
526.1 -4.1 15.0 1.0 0.0 0.0 0.0
1435291768.5
526.2 -4.2 15.0 1.0 0.0 0.0 0.0
1435291768.53
526.3 -4.3 15.0 1.0 0.0 0.0 0.0
1435291768.56
526.4 -4.4 15.0 1.0 0.0 0.0 0.0
1435291768.59
526.6 -4.5 15.0 1.0 0.0 0.0 0.0
1435291768.62
526.7 -4.5 15.0 1.0 0.0 0.0 0.0
1435291768.65
526.8 -4.6 15.0 1.0 0.0 0.0 0.0
1435291768.68
526.9 -4.7 15.0 1.0 0.0 0.0 0.0
1435291768.71
527.1 -4.8 15.0 1.0 0.0 0.0 0.0
1435291768.74
527.2 -4.9 15.0 1.0 0.0 0.0 0.0
1435291768.77
527.3 -5.0 15.0 1.0 0.0 0.0 0.0
1435291768.8
527.4 -5.0 15.0 1.0 0.0 0.0 0.0
1435291768.83
527.6 -5.1 15.0 1.0 0.0 0.0 0.0
1435291768.86
527.7 -5.2 15.0 1.0 0.0 0.0 0.0
1435291768.89
527.8 -5.3 15.0 1.0 0.0 0.0 0.0
1435291768.92
527.9 -5.3 15.0 1.0 0.0 0.0 0.0
1435291768.95
528.0 -5.4 15.0 1.0 0.0 0.0 0.0
1435291768.98
528.2 -5.5 15.0 1.0 0.0 0.0 0.0
1435291769.01
528.3 -5.6 15.0 1.0 0.0 0.0 0.0
1435291769.04
528.4 -5.7 15.0 1.0 0.0 0.0 0.0
1435291769.07
528.6 -5.8 15.0 1.0 0.0 0.0 0.0
1435291769.1
528.7 -5.9 15.0 1.0 0.0 0.0 0.0
1435291769.13
528.8 -5.9 15.0 1.0 0.0 0.0 0.0
1435291769.16
528.9 -6.0 15.0 1.0 0.0 0.0 0.0
1435291769.19
529.1 -6.1 15.0 1.0 0.0 0.0 0.0
1435291769.22
529.2 -6.2 15.0 1.0 0.0 0.0 0.0
1435291769.25
529.3 -6.3 15.0 1.0 0.0 0.0 0.0
1435291769.28
529.4 -6.4 15.0 1.0 0.0 0.0 0.0
1435291769.31
529.6 -6.5 15.0 1.0 0.0 0.0 0.0
1435291769.34
529.7 -6.5 15.0 1.0 0.0 0.0 0.0
1435291769.37
529.8 -6.6 15.0 1.0 0.0 0.0 0.0
1435291769.4
530.0 -6.7 15.0 1.0 0.0 0.0 0.0
1435291769.43
530.1 -6.8 15.0 1.0 0.0 0.0 0.0
1435291769.46
530.2 -6.8 15.0 1.0 0.0 0.0 0.0
1435291769.49
530.3 -6.9 15.0 1.0 0.0 0.0 0.0
1435291769.52
530.4 -7.0 15.0 1.0 0.0 0.0 0.0
1435291769.55
530.6 -7.1 15.0 1.0 0.0 0.0 0.0
1435291769.59
530.7 -7.2 15.0 1.0 0.0 0.0 0.0
1435291769.61
530.8 -7.3 15.0 1.0 0.0 0.0 0.0
1435291769.65
531.0 -7.4 15.0 1.0 0.0 0.0 0.0
1435291769.67
531.1 -7.5 15.0 1.0 0.0 0.0 0.0
1435291769.71
531.2 -7.5 15.0 1.0 0.0 0.0 0.0
1435291769.73
531.4 -7.6 15.0 1.0 0.0 0.0 0.0
1435291769.76
531.5 -7.7 15.0 1.0 0.0 0.0 0.0
1435291769.8
531.6 -7.8 15.0 1.0 0.0 0.0 0.0
1435291769.82
531.7 -7.9 15.0 1.0 0.0 0.0 0.0
1435291769.86
531.9 -7.9 15.0 1.0 0.0 0.0 0.0
1435291769.89
532.0 -8.0 15.0 1.0 0.0 0.0 0.0
1435291769.91
532.1 -8.1 15.0 1.0 0.0 0.0 0.0
1435291769.95
532.2 -8.2 15.0 1.0 0.0 0.0 0.0
1435291769.98
532.4 -8.3 15.0 1.0 0.0 0.0 0.0
1435291770.01
532.5 -8.3 15.0 1.0 0.0 0.0 0.0
1435291770.04
532.6 -8.4 15.0 1.0 0.0 0.0 0.0
1435291770.07
532.7 -8.5 15.0 1.0 0.0 0.0 0.0
1435291770.1
532.9 -8.6 15.0 1.0 0.0 0.0 0.0
1435291770.13
533.0 -8.7 15.0 1.0 0.0 0.0 0.0
1435291770.16
533.1 -8.8 15.0 1.0 0.0 0.0 0.0
1435291770.19
533.2 -8.8 15.0 1.0 0.0 0.0 0.0
1435291770.22
533.4 -8.9 15.0 1.0 0.0 0.0 0.0
1435291770.25
533.5 -9.0 15.0 1.0 0.0 0.0 0.0
1435291770.28
533.6 -9.1 15.0 1.0 0.0 0.0 0.0
1435291770.31
533.8 -9.2 15.0 1.0 0.0 0.0 0.0
1435291770.34
533.9 -9.3 15.0 1.0 0.0 0.0 0.0
1435291770.37
534.0 -9.4 15.0 1.0 0.0 0.0 0.0
1435291770.4
534.1 -9.4 15.0 1.0 0.0 0.0 0.0
1435291770.43
534.3 -9.5 15.0 1.0 0.0 0.0 0.0
1435291770.46
534.4 -9.6 15.0 1.0 0.0 0.0 0.0
1435291770.49
534.5 -9.7 15.0 1.0 0.0 0.0 0.0
1435291770.53
534.7 -9.8 15.0 1.0 0.0 0.0 0.0
1435291770.56
534.8 -9.9 15.0 1.0 0.0 0.0 0.0
1435291770.59
534.9 -9.9 15.0 1.0 0.0 0.0 0.0
1435291770.62
535.1 -10.0 15.0 1.0 0.0 0.0 0.0
1435291770.65
535.2 -10.1 15.0 1.0 0.0 0.0 0.0
1435291770.68
535.3 -10.2 15.0 1.0 0.0 0.0 0.0
1435291770.71
535.4 -10.3 15.0 1.0 0.0 0.0 0.0
1435291770.74
535.6 -10.4 15.0 1.0 0.0 0.0 0.0
1435291770.77
535.7 -10.5 15.0 1.0 0.0 0.0 0.0
1435291770.8
535.8 -10.5 15.0 1.0 0.0 0.0 0.0
1435291770.83
535.9 -10.6 15.0 1.0 0.0 0.0 0.0
1435291770.86
536.1 -10.7 15.0 1.0 0.0 0.0 0.0
1435291770.89
536.2 -10.8 15.0 1.0 0.0 0.0 0.0
1435291770.92
536.2 -10.8 15.0 1.0 0.0 0.0 0.0
1435291770.95
536.2 -10.8 15.0 1.0 0.0 0.0 0.0
1435291770.98
536.2 -10.8 15.0 1.0 0.0 0.0 0.0
1435291771.01
536.2 -10.8 15.0 1.0 0.0 0.0 0.0
1435291771.04
536.2 -10.8 15.0 1.0 0.0 0.0 0.0
1435291771.07
536.2 -10.8 15.0 1.0 0.0 0.0 0.0
1435291771.1
536.2 -10.8 15.0 1.0 0.0 0.0 0.0
1435291771.14
536.2 -10.8 15.0 1.0 0.0 0.0 0.0
1435291771.16
536.2 -10.8 15.0 1.0 0.0 0.0 0.0
1435291771.19
536.2 -10.8 15.0 1.0 0.0 0.0 0.0
1435291771.22
536.2 -10.8 15.0 1.0 0.0 0.0 0.0
1435291771.25
536.2 -10.8 15.0 1.0 0.0 0.0 0.0
1435291771.28
536.2 -10.8 15.0 1.0 0.0 0.0 0.0
1435291771.31
536.2 -10.8 15.0 1.0 0.0 0.0 0.0
1435291771.34
536.2 -10.8 15.0 1.0 0.0 0.0 0.0
1435291771.37
536.2 -10.8 15.0 1.0 0.0 0.0 0.0
1435291771.4
536.2 -10.8 15.0 1.0 0.0 0.0 0.0
1435291771.43
536.2 -10.8 15.0 1.0 0.0 0.0 0.0
1435291771.46
536.2 -10.8 15.0 1.0 0.0 0.0 0.0
1435291771.49
536.2 -10.8 15.0 1.0 0.0 0.0 0.0
1435291771.52
536.2 -10.8 15.0 1.0 0.0 0.0 0.0
1435291771.56
536.2 -10.8 15.0 1.0 0.0 0.0 0.0
1435291771.59
536.2 -10.8 15.0 1.0 0.0 0.0 0.0
1435291771.62
536.2 -10.8 15.0 1.0 0.0 0.0 0.0
1435291771.64
536.1 -10.8 15.0 1.0 0.0 0.0 0.0
1435291771.68
536.0 -10.8 15.0 1.0 0.0 0.0 0.0
1435291771.71
535.9 -10.7 15.0 1.0 0.0 0.0 0.0
1435291771.74
535.8 -10.6 15.0 1.0 0.0 0.0 0.0
1435291771.76
535.6 -10.4 15.0 1.0 0.0 0.0 0.0
1435291771.8
535.5 -10.3 15.0 1.0 0.0 0.0 0.0
1435291771.83
535.4 -10.2 15.0 1.0 0.0 0.0 0.0
1435291771.86
535.3 -10.1 15.0 1.0 0.0 0.0 0.0
1435291771.89
535.2 -10.0 15.0 1.0 0.0 0.0 0.0
1435291771.92
535.1 -9.9 15.0 1.0 0.0 0.0 0.0
1435291771.95
535.1 -9.8 15.0 1.0 0.0 0.0 0.0
1435291771.98
535.2 -9.6 15.0 1.0 0.0 0.0 0.0
1435291772.01
535.3 -9.5 15.0 1.0 0.0 0.0 0.0
1435291772.04
535.4 -9.4 15.0 1.0 0.0 0.0 0.0
1435291772.07
535.5 -9.3 15.0 1.0 0.0 0.0 0.0
1435291772.1
535.5 -9.2 15.0 1.0 0.0 0.0 0.0
1435291772.13
535.6 -9.1 15.0 1.0 0.0 0.0 0.0
1435291772.17
535.7 -8.9 15.0 1.0 0.0 0.0 0.0
1435291772.19
535.8 -8.8 15.0 1.0 0.0 0.0 0.0
1435291772.23
535.9 -8.7 15.0 1.0 0.0 0.0 0.0
1435291772.26
536.0 -8.6 15.0 1.0 0.0 0.0 0.0
1435291772.29
536.1 -8.4 15.0 1.0 0.0 0.0 0.0
1435291772.31
536.1 -8.3 15.0 1.0 0.0 0.0 0.0
1435291772.35
536.2 -8.2 15.0 1.0 0.0 0.0 0.0
1435291772.37
536.3 -8.1 15.0 1.0 0.0 0.0 0.0
1435291772.41
536.4 -8.0 15.0 1.0 0.0 0.0 0.0
1435291772.44
536.5 -7.8 15.0 1.0 0.0 0.0 0.0
1435291772.47
536.6 -7.7 15.0 1.0 0.0 0.0 0.0
1435291772.5
536.7 -7.6 15.0 1.0 0.0 0.0 0.0
1435291772.53
536.8 -7.5 15.0 1.0 0.0 0.0 0.0
1435291772.56
536.9 -7.3 15.0 1.0 0.0 0.0 0.0
1435291772.59
536.9 -7.2 15.0 1.0 0.0 0.0 0.0
1435291772.62
537.0 -7.1 15.0 1.0 0.0 0.0 0.0
1435291772.65
537.1 -7.0 15.0 1.0 0.0 0.0 0.0
1435291772.68
537.2 -6.9 15.0 1.0 0.0 0.0 0.0
1435291772.71
537.3 -6.7 15.0 1.0 0.0 0.0 0.0
1435291772.74
537.4 -6.6 15.0 1.0 0.0 0.0 0.0
1435291772.77
537.5 -6.5 15.0 1.0 0.0 0.0 0.0
1435291772.8
537.6 -6.4 15.0 1.0 0.0 0.0 0.0
1435291772.83
537.6 -6.3 15.0 1.0 0.0 0.0 0.0
1435291772.86
537.7 -6.1 15.0 1.0 0.0 0.0 0.0
1435291772.89
537.8 -6.0 15.0 1.0 0.0 0.0 0.0
1435291772.92
537.9 -5.9 15.0 1.0 0.0 0.0 0.0
1435291772.95
538.0 -5.7 15.0 1.0 0.0 0.0 0.0
1435291772.98
538.1 -5.6 15.0 1.0 0.0 0.0 0.0
1435291773.01
538.2 -5.5 15.0 1.0 0.0 0.0 0.0
1435291773.04
538.3 -5.4 15.0 1.0 0.0 0.0 0.0
1435291773.07
538.4 -5.3 15.0 1.0 0.0 0.0 0.0
1435291773.1
538.5 -5.2 15.0 1.0 0.0 0.0 0.0
1435291773.13
538.5 -5.0 15.0 1.0 0.0 0.0 0.0
1435291773.16
538.6 -4.9 15.0 1.0 0.0 0.0 0.0
1435291773.19
538.7 -4.8 15.0 1.0 0.0 0.0 0.0
1435291773.22
538.8 -4.7 15.0 1.0 0.0 0.0 0.0
1435291773.25
538.9 -4.5 15.0 1.0 0.0 0.0 0.0
1435291773.28
539.0 -4.4 15.0 1.0 0.0 0.0 0.0
1435291773.31
539.1 -4.3 15.0 1.0 0.0 0.0 0.0
1435291773.34
539.2 -4.2 15.0 1.0 0.0 0.0 0.0
1435291773.37
539.3 -4.1 15.0 1.0 0.0 0.0 0.0
1435291773.4
539.3 -3.9 15.0 1.0 0.0 0.0 0.0
1435291773.43
539.4 -3.8 15.0 1.0 0.0 0.0 0.0
1435291773.46
539.5 -3.7 15.0 1.0 0.0 0.0 0.0
1435291773.49
539.6 -3.6 15.0 1.0 0.0 0.0 0.0
1435291773.52
539.7 -3.4 15.0 1.0 0.0 0.0 0.0
1435291773.55
539.8 -3.3 15.0 1.0 0.0 0.0 0.0
1435291773.58
539.8 -3.3 15.0 1.0 0.0 0.0 0.0
1435291773.61
539.8 -3.3 15.0 1.0 0.0 0.0 0.0
1435291773.64
539.8 -3.3 15.0 1.0 0.0 0.0 0.0
1435291773.67
539.8 -3.3 15.0 1.0 0.0 0.0 0.0
1435291773.7
539.8 -3.3 15.0 1.0 0.0 0.0 0.0
1435291773.73
539.8 -3.3 15.0 1.0 0.0 0.0 0.0
1435291773.76
539.8 -3.3 15.0 1.0 0.0 0.0 0.0
1435291773.79
539.8 -3.3 15.0 1.0 0.0 0.0 0.0
1435291773.82
539.8 -3.3 15.0 1.0 0.0 0.0 0.0
1435291773.85
539.8 -3.3 15.0 1.0 0.0 0.0 0.0
1435291773.88
539.8 -3.3 15.0 1.0 0.0 0.0 0.0
1435291773.91
539.8 -3.3 15.0 1.0 0.0 0.0 0.0
1435291773.94
539.8 -3.3 15.0 1.0 0.0 0.0 0.0
1435291773.97
539.8 -3.3 15.0 1.0 0.0 0.0 0.0
1435291774.0
539.8 -3.3 15.0 1.0 0.0 0.0 0.0
1435291774.03
539.8 -3.3 15.0 1.0 0.0 0.0 0.0
1435291774.06
539.8 -3.3 15.0 1.0 0.0 0.0 0.0
1435291774.09
539.8 -3.3 15.0 1.0 0.0 0.0 0.0
1435291774.12
539.8 -3.3 15.0 1.0 0.0 0.0 0.0
1435291774.15
539.8 -3.3 15.0 1.0 0.0 0.0 0.0
1435291774.18
539.8 -3.3 15.0 1.0 0.0 0.0 0.0
1435291774.22
539.8 -3.3 15.0 1.0 0.0 0.0 0.0
1435291774.25
539.8 -3.3 15.0 1.0 0.0 0.0 0.0
1435291774.28
539.8 -3.3 15.0 1.0 0.0 0.0 0.0
1435291774.31
539.8 -3.4 15.0 1.0 0.0 0.0 0.0
1435291774.34
539.7 -3.5 15.0 1.0 0.0 0.0 0.0
1435291774.37
539.7 -3.6 15.0 1.0 0.0 0.0 0.0
1435291774.4
539.6 -3.7 15.0 1.0 0.0 0.0 0.0
1435291774.43
539.6 -3.8 15.0 1.0 0.0 0.0 0.0
1435291774.46
539.7 -3.9 15.0 1.0 0.0 0.0 0.0
1435291774.49
539.8 -3.9 15.0 1.0 0.0 0.0 0.0
1435291774.52
539.9 -3.9 15.0 1.0 0.0 0.0 0.0
1435291774.55
540.1 -3.9 15.0 1.0 0.0 0.0 0.0
1435291774.58
540.2 -3.9 15.0 1.0 0.0 0.0 0.0
1435291774.61
540.3 -3.9 15.0 1.0 0.0 0.0 0.0
1435291774.64
540.5 -3.9 15.0 1.0 0.0 0.0 0.0
1435291774.67
540.7 -4.0 15.0 1.0 0.0 0.0 0.0
1435291774.7
540.8 -4.0 15.0 1.0 0.0 0.0 0.0
1435291774.73
541.0 -4.0 15.0 1.0 0.0 0.0 0.0
1435291774.76
541.1 -4.0 15.0 1.0 0.0 0.0 0.0
1435291774.79
541.3 -4.0 15.0 1.0 0.0 0.0 0.0
1435291774.82
541.4 -4.0 15.0 1.0 0.0 0.0 0.0
1435291774.85
541.6 -4.0 15.0 1.0 0.0 0.0 0.0
1435291774.88
541.7 -4.0 15.0 1.0 0.0 0.0 0.0
1435291774.91
541.9 -4.0 15.0 1.0 0.0 0.0 0.0
1435291774.94
542.0 -4.0 15.0 1.0 0.0 0.0 0.0
1435291774.97
542.2 -4.0 15.0 1.0 0.0 0.0 0.0
1435291775.0
542.3 -4.0 15.0 1.0 0.0 0.0 0.0
1435291775.04
542.5 -4.0 15.0 1.0 0.0 0.0 0.0
1435291775.07
542.6 -4.0 15.0 1.0 0.0 0.0 0.0
1435291775.1
542.8 -4.1 15.0 1.0 0.0 0.0 0.0
1435291775.12
542.9 -4.1 15.0 1.0 0.0 0.0 0.0
1435291775.16
543.1 -4.1 15.0 1.0 0.0 0.0 0.0
1435291775.18
543.2 -4.1 15.0 1.0 0.0 0.0 0.0
1435291775.22
543.4 -4.1 15.0 1.0 0.0 0.0 0.0
1435291775.25
543.5 -4.1 15.0 1.0 0.0 0.0 0.0
1435291775.28
543.7 -4.1 15.0 1.0 0.0 0.0 0.0
1435291775.31
543.8 -4.1 15.0 1.0 0.0 0.0 0.0
1435291775.34
544.0 -4.1 15.0 1.0 0.0 0.0 0.0
1435291775.36
544.1 -4.1 15.0 1.0 0.0 0.0 0.0
1435291775.4
544.3 -4.1 15.0 1.0 0.0 0.0 0.0
1435291775.42
544.5 -4.1 15.0 1.0 0.0 0.0 0.0
1435291775.46
544.6 -4.1 15.0 1.0 0.0 0.0 0.0
1435291775.49
544.7 -4.1 15.0 1.0 0.0 0.0 0.0
1435291775.52
544.9 -4.1 15.0 1.0 0.0 0.0 0.0
1435291775.55
545.0 -4.2 15.0 1.0 0.0 0.0 0.0
1435291775.58
545.2 -4.2 15.0 1.0 0.0 0.0 0.0
1435291775.61
545.4 -4.2 15.0 1.0 0.0 0.0 0.0
1435291775.64
545.5 -4.2 15.0 1.0 0.0 0.0 0.0
1435291775.67
545.7 -4.2 15.0 1.0 0.0 0.0 0.0
1435291775.7
545.8 -4.2 15.0 1.0 0.0 0.0 0.0
1435291775.73
546.0 -4.2 15.0 1.0 0.0 0.0 0.0
1435291775.76
546.1 -4.2 15.0 1.0 0.0 0.0 0.0
1435291775.79
546.3 -4.2 15.0 1.0 0.0 0.0 0.0
1435291775.82
546.4 -4.2 15.0 1.0 0.0 0.0 0.0
1435291775.85
546.6 -4.2 15.0 1.0 0.0 0.0 0.0
1435291775.88
546.7 -4.2 15.0 1.0 0.0 0.0 0.0
1435291775.91
546.9 -4.2 15.0 1.0 0.0 0.0 0.0
1435291775.94
547.0 -4.2 15.0 1.0 0.0 0.0 0.0
1435291775.97
547.2 -4.2 15.0 1.0 0.0 0.0 0.0
1435291776.0
547.3 -4.3 15.0 1.0 0.0 0.0 0.0
1435291776.03
547.5 -4.3 15.0 1.0 0.0 0.0 0.0
1435291776.06
547.6 -4.3 15.0 1.0 0.0 0.0 0.0
1435291776.09
547.8 -4.3 15.0 1.0 0.0 0.0 0.0
1435291776.12
547.9 -4.3 15.0 1.0 0.0 0.0 0.0
1435291776.15
548.1 -4.3 15.0 1.0 0.0 0.0 0.0
1435291776.18
548.2 -4.3 15.0 1.0 0.0 0.0 0.0
1435291776.21
548.4 -4.3 15.0 1.0 0.0 0.0 0.0
1435291776.24
548.5 -4.3 15.0 1.0 0.0 0.0 0.0
1435291776.27
548.7 -4.3 15.0 1.0 0.0 0.0 0.0
1435291776.31
548.8 -4.3 15.0 1.0 0.0 0.0 0.0
1435291776.33
549.0 -4.3 15.0 1.0 0.0 0.0 0.0
1435291776.37
549.1 -4.3 15.0 1.0 0.0 0.0 0.0
1435291776.39
549.3 -4.3 15.0 1.0 0.0 0.0 0.0
1435291776.43
549.4 -4.4 15.0 1.0 0.0 0.0 0.0
1435291776.45
549.6 -4.4 15.0 1.0 0.0 0.0 0.0
1435291776.49
549.7 -4.4 15.0 1.0 0.0 0.0 0.0
1435291776.51
549.9 -4.4 15.0 1.0 0.0 0.0 0.0
1435291776.55
550.0 -4.4 15.0 1.0 0.0 0.0 0.0
1435291776.58
550.2 -4.4 15.0 1.0 0.0 0.0 0.0
1435291776.61
550.3 -4.4 15.0 1.0 0.0 0.0 0.0
1435291776.63
550.5 -4.4 15.0 1.0 0.0 0.0 0.0
1435291776.67
550.6 -4.4 15.0 1.0 0.0 0.0 0.0
1435291776.69
550.8 -4.4 15.0 1.0 0.0 0.0 0.0
1435291776.72
550.9 -4.4 15.0 1.0 0.0 0.0 0.0
1435291776.76
551.1 -4.4 15.0 1.0 0.0 0.0 0.0
1435291776.79
551.2 -4.4 15.0 1.0 0.0 0.0 0.0
1435291776.82
551.4 -4.4 15.0 1.0 0.0 0.0 0.0
1435291776.85
551.5 -4.5 15.0 1.0 0.0 0.0 0.0
1435291776.88
551.7 -4.5 15.0 1.0 0.0 0.0 0.0
1435291776.91
551.8 -4.5 15.0 1.0 0.0 0.0 0.0
1435291776.94
552.0 -4.5 15.0 1.0 0.0 0.0 0.0
1435291776.97
552.1 -4.5 15.0 1.0 0.0 0.0 0.0
1435291777.0
552.3 -4.5 15.0 1.0 0.0 0.0 0.0
1435291777.03
552.4 -4.5 15.0 1.0 0.0 0.0 0.0
1435291777.05
552.6 -4.5 15.0 1.0 0.0 0.0 0.0
1435291777.09
552.6 -4.5 15.0 1.0 0.0 0.0 0.0
1435291777.11
552.6 -4.5 15.0 1.0 0.0 0.0 0.0
1435291777.15
552.6 -4.5 15.0 1.0 0.0 0.0 0.0
1435291777.18
552.6 -4.5 15.0 1.0 0.0 0.0 0.0
1435291777.21
552.6 -4.5 15.0 1.0 0.0 0.0 0.0
1435291777.24
552.6 -4.5 15.0 1.0 0.0 0.0 0.0
1435291777.27
552.6 -4.5 15.0 1.0 0.0 0.0 0.0
1435291777.3
552.6 -4.5 15.0 1.0 0.0 0.0 0.0
1435291777.33
552.6 -4.5 15.0 1.0 0.0 0.0 0.0
1435291777.36
552.6 -4.5 15.0 1.0 0.0 0.0 0.0
1435291777.39
552.6 -4.5 15.0 1.0 0.0 0.0 0.0
1435291777.42
552.6 -4.5 15.0 1.0 0.0 0.0 0.0
1435291777.45
552.6 -4.5 15.0 1.0 0.0 0.0 0.0
1435291777.48
552.6 -4.5 15.0 1.0 0.0 0.0 0.0
1435291777.51
552.6 -4.5 15.0 1.0 0.0 0.0 0.0
1435291777.54
552.6 -4.5 15.0 1.0 0.0 0.0 0.0
1435291777.58
552.6 -4.5 15.0 1.0 0.0 0.0 0.0
1435291777.6
552.6 -4.5 15.0 1.0 0.0 0.0 0.0
1435291777.64
552.6 -4.5 15.0 1.0 0.0 0.0 0.0
1435291777.66
552.6 -4.5 15.0 1.0 0.0 0.0 0.0
1435291777.7
552.6 -4.5 15.0 1.0 0.0 0.0 0.0
1435291777.73
552.6 -4.5 15.0 1.0 0.0 0.0 0.0
1435291777.76
552.6 -4.5 15.0 1.0 0.0 0.0 0.0
1435291777.8
552.5 -4.5 15.0 1.0 0.0 0.0 0.0
1435291777.82
552.4 -4.5 15.0 1.0 0.0 0.0 0.0
1435291777.86
552.2 -4.5 15.0 1.0 0.0 0.0 0.0
1435291777.88
552.1 -4.5 15.0 1.0 0.0 0.0 0.0
1435291777.92
551.9 -4.5 15.0 1.0 0.0 0.0 0.0
1435291777.94
551.8 -4.5 15.0 1.0 0.0 0.0 0.0
1435291777.98
551.7 -4.4 15.0 1.0 0.0 0.0 0.0
1435291778.0
551.7 -4.4 15.0 1.0 0.0 0.0 0.0
1435291778.04
551.8 -4.3 15.0 1.0 0.0 0.0 0.0
1435291778.06
551.9 -4.3 15.0 1.0 0.0 0.0 0.0
1435291778.1
552.1 -4.2 15.0 1.0 0.0 0.0 0.0
1435291778.12
552.2 -4.1 15.0 1.0 0.0 0.0 0.0
1435291778.16
552.3 -4.0 15.0 1.0 0.0 0.0 0.0
1435291778.18
552.4 -3.9 15.0 1.0 0.0 0.0 0.0
1435291778.21
552.6 -3.9 15.0 1.0 0.0 0.0 0.0
1435291778.25
552.7 -3.8 15.0 1.0 0.0 0.0 0.0
1435291778.28
552.8 -3.7 15.0 1.0 0.0 0.0 0.0
1435291778.31
553.0 -3.6 15.0 1.0 0.0 0.0 0.0
1435291778.34
553.1 -3.5 15.0 1.0 0.0 0.0 0.0
1435291778.37
553.2 -3.4 15.0 1.0 0.0 0.0 0.0
1435291778.4
553.4 -3.4 15.0 1.0 0.0 0.0 0.0
1435291778.43
553.5 -3.3 15.0 1.0 0.0 0.0 0.0
1435291778.46
553.6 -3.2 15.0 1.0 0.0 0.0 0.0
1435291778.49
553.7 -3.2 15.0 1.0 0.0 0.0 0.0
1435291778.52
553.9 -3.1 15.0 1.0 0.0 0.0 0.0
1435291778.55
554.0 -3.0 15.0 1.0 0.0 0.0 0.0
1435291778.58
554.1 -2.9 15.0 1.0 0.0 0.0 0.0
1435291778.61
554.3 -2.9 15.0 1.0 0.0 0.0 0.0
1435291778.65
554.4 -2.8 15.0 1.0 0.0 0.0 0.0
1435291778.67
554.6 -2.7 15.0 1.0 0.0 0.0 0.0
1435291778.7
554.7 -2.6 15.0 1.0 0.0 0.0 0.0
1435291778.73
554.8 -2.6 15.0 1.0 0.0 0.0 0.0
1435291778.76
554.9 -2.5 15.0 1.0 0.0 0.0 0.0
1435291778.79
555.1 -2.4 15.0 1.0 0.0 0.0 0.0
1435291778.83
555.2 -2.3 15.0 1.0 0.0 0.0 0.0
1435291778.85
555.3 -2.2 15.0 1.0 0.0 0.0 0.0
1435291778.89
555.5 -2.2 15.0 1.0 0.0 0.0 0.0
1435291778.91
555.6 -2.1 15.0 1.0 0.0 0.0 0.0
1435291778.95
555.7 -2.0 15.0 1.0 0.0 0.0 0.0
1435291778.97
555.8 -1.9 15.0 1.0 0.0 0.0 0.0
1435291779.0
556.0 -1.9 15.0 1.0 0.0 0.0 0.0
1435291779.03
556.1 -1.8 15.0 1.0 0.0 0.0 0.0
1435291779.07
556.2 -1.7 15.0 1.0 0.0 0.0 0.0
1435291779.1
556.4 -1.6 15.0 1.0 0.0 0.0 0.0
1435291779.13
556.5 -1.6 15.0 1.0 0.0 0.0 0.0
1435291779.16
556.6 -1.5 15.0 1.0 0.0 0.0 0.0
1435291779.19
556.8 -1.4 15.0 1.0 0.0 0.0 0.0
1435291779.22
556.9 -1.3 15.0 1.0 0.0 0.0 0.0
1435291779.25
557.0 -1.3 15.0 1.0 0.0 0.0 0.0
1435291779.28
557.2 -1.2 15.0 1.0 0.0 0.0 0.0
1435291779.31
557.3 -1.1 15.0 1.0 0.0 0.0 0.0
1435291779.34
557.4 -1.0 15.0 1.0 0.0 0.0 0.0
1435291779.37
557.5 -1.0 15.0 1.0 0.0 0.0 0.0
1435291779.4
557.7 -0.9 15.0 1.0 0.0 0.0 0.0
1435291779.43
557.8 -0.8 15.0 1.0 0.0 0.0 0.0
1435291779.46
557.9 -0.7 15.0 1.0 0.0 0.0 0.0
1435291779.49
558.0 -0.7 15.0 1.0 0.0 0.0 0.0
1435291779.52
558.2 -0.6 15.0 1.0 0.0 0.0 0.0
1435291779.55
558.3 -0.5 15.0 1.0 0.0 0.0 0.0
1435291779.58
558.5 -0.4 15.0 1.0 0.0 0.0 0.0
1435291779.61
558.6 -0.4 15.0 1.0 0.0 0.0 0.0
1435291779.64
558.7 -0.3 15.0 1.0 0.0 0.0 0.0
1435291779.66
558.8 -0.2 15.0 1.0 0.0 0.0 0.0
1435291779.69
559.0 -0.1 15.0 1.0 0.0 0.0 0.0
1435291779.72
559.1 -0.1 15.0 1.0 0.0 0.0 0.0
1435291779.75
559.2 0.0 15.0 1.0 0.0 0.0 0.0
1435291779.78
559.3 0.1 15.0 1.0 0.0 0.0 0.0
1435291779.81
559.5 0.1 15.0 1.0 0.0 0.0 0.0
1435291779.85
559.6 0.2 15.0 1.0 0.0 0.0 0.0
1435291779.88
559.8 0.3 15.0 1.0 0.0 0.0 0.0
1435291779.91
559.9 0.4 15.0 1.0 0.0 0.0 0.0
1435291779.93
560.0 0.4 15.0 1.0 0.0 0.0 0.0
1435291779.97
560.1 0.5 15.0 1.0 0.0 0.0 0.0
1435291780.0
560.3 0.6 15.0 1.0 0.0 0.0 0.0
1435291780.02
560.4 0.7 15.0 1.0 0.0 0.0 0.0
1435291780.05
560.5 0.8 15.0 1.0 0.0 0.0 0.0
1435291780.09
560.6 0.8 15.0 1.0 0.0 0.0 0.0
1435291780.11
560.6 0.8 15.0 1.0 0.0 0.0 0.0
1435291780.15
560.6 0.8 15.0 1.0 0.0 0.0 0.0
1435291780.17
560.6 0.8 15.0 1.0 0.0 0.0 0.0
1435291780.21
560.6 0.8 15.0 1.0 0.0 0.0 0.0
1435291780.23
560.6 0.8 15.0 1.0 0.0 0.0 0.0
1435291780.26
560.6 0.8 15.0 1.0 0.0 0.0 0.0
1435291780.29
560.6 0.8 15.0 1.0 0.0 0.0 0.0
1435291780.32
560.6 0.8 15.0 1.0 0.0 0.0 0.0
1435291780.35
560.6 0.8 15.0 1.0 0.0 0.0 0.0
1435291780.38
560.6 0.8 15.0 1.0 0.0 0.0 0.0
1435291780.41
560.6 0.8 15.0 1.0 0.0 0.0 0.0
1435291780.44
560.6 0.8 15.0 1.0 0.0 0.0 0.0
1435291780.47
560.6 0.8 15.0 1.0 0.0 0.0 0.0
1435291780.5
560.6 0.8 15.0 1.0 0.0 0.0 0.0
1435291780.53
560.6 0.8 15.0 1.0 0.0 0.0 0.0
1435291780.56
560.6 0.8 15.0 1.0 0.0 0.0 0.0
1435291780.59
560.6 0.8 15.0 1.0 0.0 0.0 0.0
1435291780.62
560.6 0.8 15.0 1.0 0.0 0.0 0.0
1435291780.66
560.6 0.8 15.0 1.0 0.0 0.0 0.0
1435291780.69
560.6 0.8 15.0 1.0 0.0 0.0 0.0
1435291780.72
560.6 0.8 15.0 1.0 0.0 0.0 0.0
1435291780.76
560.6 0.8 15.0 1.0 0.0 0.0 0.0
1435291780.79
560.6 0.8 15.0 1.0 0.0 0.0 0.0
1435291780.82
560.5 0.7 15.0 1.0 0.0 0.0 0.0
1435291780.85
560.4 0.7 15.0 1.0 0.0 0.0 0.0
1435291780.88
560.3 0.6 15.0 1.0 0.0 0.0 0.0
1435291780.91
560.2 0.6 15.0 1.0 0.0 0.0 0.0
1435291780.94
560.1 0.5 15.0 1.0 0.0 0.0 0.0
1435291780.97
560.2 0.5 15.0 1.0 0.0 0.0 0.0
1435291781.0
560.3 0.5 15.0 1.0 0.0 0.0 0.0
1435291781.03
560.4 0.6 15.0 1.0 0.0 0.0 0.0
1435291781.06
560.5 0.6 15.0 1.0 0.0 0.0 0.0
1435291781.09
560.6 0.6 15.0 1.0 0.0 0.0 0.0
1435291781.12
560.8 0.7 15.0 1.0 0.0 0.0 0.0
1435291781.15
560.9 0.8 15.0 1.0 0.0 0.0 0.0
1435291781.18
561.1 0.8 15.0 1.0 0.0 0.0 0.0
1435291781.21
561.2 0.9 15.0 1.0 0.0 0.0 0.0
1435291781.24
561.3 1.0 15.0 1.0 0.0 0.0 0.0
1435291781.27
561.4 1.0 15.0 1.0 0.0 0.0 0.0
1435291781.3
561.6 1.1 15.0 1.0 0.0 0.0 0.0
1435291781.34
561.7 1.2 15.0 1.0 0.0 0.0 0.0
1435291781.36
561.9 1.2 15.0 1.0 0.0 0.0 0.0
1435291781.39
562.0 1.3 15.0 1.0 0.0 0.0 0.0
1435291781.42
562.1 1.3 15.0 1.0 0.0 0.0 0.0
1435291781.45
562.3 1.4 15.0 1.0 0.0 0.0 0.0
1435291781.48
562.4 1.5 15.0 1.0 0.0 0.0 0.0
1435291781.52
562.6 1.5 15.0 1.0 0.0 0.0 0.0
1435291781.55
562.7 1.6 15.0 1.0 0.0 0.0 0.0
1435291781.58
562.8 1.6 15.0 1.0 0.0 0.0 0.0
1435291781.61
563.0 1.7 15.0 1.0 0.0 0.0 0.0
1435291781.64
563.1 1.8 15.0 1.0 0.0 0.0 0.0
1435291781.67
563.3 1.8 15.0 1.0 0.0 0.0 0.0
1435291781.7
563.4 1.9 15.0 1.0 0.0 0.0 0.0
1435291781.73
563.5 2.0 15.0 1.0 0.0 0.0 0.0
1435291781.76
563.7 2.0 15.0 1.0 0.0 0.0 0.0
1435291781.79
563.8 2.1 15.0 1.0 0.0 0.0 0.0
1435291781.82
563.9 2.1 15.0 1.0 0.0 0.0 0.0
1435291781.85
564.1 2.2 15.0 1.0 0.0 0.0 0.0
1435291781.88
564.2 2.3 15.0 1.0 0.0 0.0 0.0
1435291781.91
564.4 2.3 15.0 1.0 0.0 0.0 0.0
1435291781.94
564.5 2.4 15.0 1.0 0.0 0.0 0.0
1435291781.97
564.6 2.5 15.0 1.0 0.0 0.0 0.0
1435291782.0
564.8 2.5 15.0 1.0 0.0 0.0 0.0
1435291782.03
564.9 2.6 15.0 1.0 0.0 0.0 0.0
1435291782.06
565.0 2.6 15.0 1.0 0.0 0.0 0.0
1435291782.09
565.2 2.7 15.0 1.0 0.0 0.0 0.0
1435291782.12
565.3 2.7 15.0 1.0 0.0 0.0 0.0
1435291782.15
565.5 2.8 15.0 1.0 0.0 0.0 0.0
1435291782.18
565.6 2.9 15.0 1.0 0.0 0.0 0.0
1435291782.21
565.7 2.9 15.0 1.0 0.0 0.0 0.0
1435291782.24
565.9 3.0 15.0 1.0 0.0 0.0 0.0
1435291782.27
566.0 3.1 15.0 1.0 0.0 0.0 0.0
1435291782.3
566.1 3.1 15.0 1.0 0.0 0.0 0.0
1435291782.33
566.3 3.2 15.0 1.0 0.0 0.0 0.0
1435291782.36
566.4 3.2 15.0 1.0 0.0 0.0 0.0
1435291782.39
566.6 3.3 15.0 1.0 0.0 0.0 0.0
1435291782.42
566.7 3.4 15.0 1.0 0.0 0.0 0.0
1435291782.45
566.8 3.4 15.0 1.0 0.0 0.0 0.0
1435291782.48
567.0 3.5 15.0 1.0 0.0 0.0 0.0
1435291782.51
567.1 3.5 15.0 1.0 0.0 0.0 0.0
1435291782.54
567.2 3.6 15.0 1.0 0.0 0.0 0.0
1435291782.57
567.4 3.7 15.0 1.0 0.0 0.0 0.0
1435291782.6
567.5 3.7 15.0 1.0 0.0 0.0 0.0
1435291782.63
567.7 3.8 15.0 1.0 0.0 0.0 0.0
1435291782.66
567.8 3.9 15.0 1.0 0.0 0.0 0.0
1435291782.69
567.9 3.9 15.0 1.0 0.0 0.0 0.0
1435291782.72
568.1 4.0 15.0 1.0 0.0 0.0 0.0
1435291782.75
568.2 4.0 15.0 1.0 0.0 0.0 0.0
1435291782.79
568.4 4.1 15.0 1.0 0.0 0.0 0.0
1435291782.82
568.5 4.2 15.0 1.0 0.0 0.0 0.0
1435291782.85
568.6 4.2 15.0 1.0 0.0 0.0 0.0
1435291782.88
568.8 4.3 15.0 1.0 0.0 0.0 0.0
1435291782.91
568.9 4.3 15.0 1.0 0.0 0.0 0.0
1435291782.94
569.1 4.4 15.0 1.0 0.0 0.0 0.0
1435291782.97
569.2 4.4 15.0 1.0 0.0 0.0 0.0
1435291782.99
569.3 4.5 15.0 1.0 0.0 0.0 0.0
1435291783.03
569.5 4.6 15.0 1.0 0.0 0.0 0.0
1435291783.06
569.6 4.6 15.0 1.0 0.0 0.0 0.0
1435291783.09
569.7 4.7 15.0 1.0 0.0 0.0 0.0
1435291783.12
569.9 4.8 15.0 1.0 0.0 0.0 0.0
1435291783.15
570.0 4.8 15.0 1.0 0.0 0.0 0.0
1435291783.18
570.2 4.9 15.0 1.0 0.0 0.0 0.0
1435291783.21
570.3 4.9 15.0 1.0 0.0 0.0 0.0
1435291783.24
570.5 5.0 15.0 1.0 0.0 0.0 0.0
1435291783.27
570.6 5.1 15.0 1.0 0.0 0.0 0.0
1435291783.3
570.7 5.1 15.0 1.0 0.0 0.0 0.0
1435291783.33
570.8 5.2 15.0 1.0 0.0 0.0 0.0
1435291783.36
571.0 5.3 15.0 1.0 0.0 0.0 0.0
1435291783.39
571.1 5.3 15.0 1.0 0.0 0.0 0.0
1435291783.42
571.3 5.4 15.0 1.0 0.0 0.0 0.0
1435291783.45
571.4 5.4 15.0 1.0 0.0 0.0 0.0
1435291783.48
571.5 5.5 15.0 1.0 0.0 0.0 0.0
1435291783.51
571.7 5.6 15.0 1.0 0.0 0.0 0.0
1435291783.54
571.8 5.6 15.0 1.0 0.0 0.0 0.0
1435291783.57
571.9 5.7 15.0 1.0 0.0 0.0 0.0
1435291783.6
572.1 5.7 15.0 1.0 0.0 0.0 0.0
1435291783.63
572.2 5.8 15.0 1.0 0.0 0.0 0.0
1435291783.66
572.4 5.9 15.0 1.0 0.0 0.0 0.0
1435291783.69
572.5 5.9 15.0 1.0 0.0 0.0 0.0
1435291783.72
572.6 6.0 15.0 1.0 0.0 0.0 0.0
1435291783.75
572.8 6.0 15.0 1.0 0.0 0.0 0.0
1435291783.78
572.9 6.1 15.0 1.0 0.0 0.0 0.0
1435291783.81
573.0 6.2 15.0 1.0 0.0 0.0 0.0
1435291783.84
573.2 6.2 15.0 1.0 0.0 0.0 0.0
1435291783.87
573.3 6.3 15.0 1.0 0.0 0.0 0.0
1435291783.9
573.5 6.3 15.0 1.0 0.0 0.0 0.0
1435291783.93
573.6 6.4 15.0 1.0 0.0 0.0 0.0
1435291783.96
573.8 6.5 15.0 1.0 0.0 0.0 0.0
1435291783.99
573.9 6.5 15.0 1.0 0.0 0.0 0.0
1435291784.02
574.0 6.6 15.0 1.0 0.0 0.0 0.0
1435291784.05
574.2 6.7 15.0 1.0 0.0 0.0 0.0
1435291784.08
574.3 6.7 15.0 1.0 0.0 0.0 0.0
1435291784.11
574.4 6.8 15.0 1.0 0.0 0.0 0.0
1435291784.14
574.6 6.8 15.0 1.0 0.0 0.0 0.0
1435291784.17
574.7 6.9 15.0 1.0 0.0 0.0 0.0
1435291784.2
574.9 7.0 15.0 1.0 0.0 0.0 0.0
1435291784.23
575.0 7.0 15.0 1.0 0.0 0.0 0.0
1435291784.26
575.1 7.1 15.0 1.0 0.0 0.0 0.0
1435291784.29
575.3 7.1 15.0 1.0 0.0 0.0 0.0
1435291784.32
575.4 7.2 15.0 1.0 0.0 0.0 0.0
1435291784.35
575.5 7.3 15.0 1.0 0.0 0.0 0.0
1435291784.38
575.7 7.3 15.0 1.0 0.0 0.0 0.0
1435291784.41
575.8 7.4 15.0 1.0 0.0 0.0 0.0
1435291784.44
576.0 7.4 15.0 1.0 0.0 0.0 0.0
1435291784.47
576.1 7.5 15.0 1.0 0.0 0.0 0.0
1435291784.5
576.2 7.6 15.0 1.0 0.0 0.0 0.0
1435291784.53
576.3 7.6 15.0 1.0 0.0 0.0 0.0
1435291784.56
576.3 7.6 15.0 1.0 0.0 0.0 0.0
1435291784.59
576.3 7.6 15.0 1.0 0.0 0.0 0.0
1435291784.62
576.3 7.6 15.0 1.0 0.0 0.0 0.0
1435291784.65
576.3 7.6 15.0 1.0 0.0 0.0 0.0
1435291784.68
576.3 7.6 15.0 1.0 0.0 0.0 0.0
1435291784.71
576.3 7.6 15.0 1.0 0.0 0.0 0.0
1435291784.74
576.3 7.6 15.0 1.0 0.0 0.0 0.0
1435291784.78
576.3 7.6 15.0 1.0 0.0 0.0 0.0
1435291784.81
576.3 7.6 15.0 1.0 0.0 0.0 0.0
1435291784.84
576.3 7.6 15.0 1.0 0.0 0.0 0.0
1435291784.87
576.3 7.6 15.0 1.0 0.0 0.0 0.0
1435291784.9
576.3 7.6 15.0 1.0 0.0 0.0 0.0
1435291784.93
576.3 7.6 15.0 1.0 0.0 0.0 0.0
1435291784.96
576.3 7.6 15.0 1.0 0.0 0.0 0.0
1435291784.99
576.3 7.6 15.0 1.0 0.0 0.0 0.0
1435291785.02
576.3 7.6 15.0 1.0 0.0 0.0 0.0
1435291785.05
576.3 7.6 15.0 1.0 0.0 0.0 0.0
1435291785.08
576.3 7.6 15.0 1.0 0.0 0.0 0.0
1435291785.12
576.3 7.6 15.0 1.0 0.0 0.0 0.0
1435291785.15
576.3 7.6 15.0 1.0 0.0 0.0 0.0
1435291785.19
576.3 7.6 15.0 1.0 0.0 0.0 0.0
1435291785.21
576.2 7.6 15.0 1.0 0.0 0.0 0.0
1435291785.25
576.1 7.6 15.0 1.0 0.0 0.0 0.0
1435291785.27
576.0 7.5 15.0 1.0 0.0 0.0 0.0
1435291785.31
575.8 7.5 15.0 1.0 0.0 0.0 0.0
1435291785.34
575.7 7.5 15.0 1.0 0.0 0.0 0.0
1435291785.37
575.5 7.4 15.0 1.0 0.0 0.0 0.0
1435291785.4
575.4 7.3 15.0 1.0 0.0 0.0 0.0
1435291785.43
575.3 7.3 15.0 1.0 0.0 0.0 0.0
1435291785.46
575.2 7.2 15.0 1.0 0.0 0.0 0.0
1435291785.49
575.1 7.2 15.0 1.0 0.0 0.0 0.0
1435291785.52
575.2 7.2 15.0 1.0 0.0 0.0 0.0
1435291785.55
575.3 7.2 15.0 1.0 0.0 0.0 0.0
1435291785.58
575.4 7.3 15.0 1.0 0.0 0.0 0.0
1435291785.61
575.5 7.4 15.0 1.0 0.0 0.0 0.0
1435291785.64
575.6 7.5 15.0 1.0 0.0 0.0 0.0
1435291785.67
575.7 7.6 15.0 1.0 0.0 0.0 0.0
1435291785.7
575.9 7.7 15.0 1.0 0.0 0.0 0.0
1435291785.73
576.0 7.8 15.0 1.0 0.0 0.0 0.0
1435291785.76
576.1 7.9 15.0 1.0 0.0 0.0 0.0
1435291785.79
576.2 8.0 15.0 1.0 0.0 0.0 0.0
1435291785.82
576.3 8.1 15.0 1.0 0.0 0.0 0.0
1435291785.85
576.4 8.2 15.0 1.0 0.0 0.0 0.0
1435291785.88
576.6 8.3 15.0 1.0 0.0 0.0 0.0
1435291785.91
576.7 8.4 15.0 1.0 0.0 0.0 0.0
1435291785.94
576.8 8.5 15.0 1.0 0.0 0.0 0.0
1435291785.97
576.9 8.6 15.0 1.0 0.0 0.0 0.0
1435291786.0
577.1 8.7 15.0 1.0 0.0 0.0 0.0
1435291786.03
577.2 8.7 15.0 1.0 0.0 0.0 0.0
1435291786.06
577.3 8.8 15.0 1.0 0.0 0.0 0.0
1435291786.1
577.4 8.9 15.0 1.0 0.0 0.0 0.0
1435291786.13
577.5 9.0 15.0 1.0 0.0 0.0 0.0
1435291786.16
577.7 9.1 15.0 1.0 0.0 0.0 0.0
1435291786.19
577.8 9.2 15.0 1.0 0.0 0.0 0.0
1435291786.22
577.9 9.3 15.0 1.0 0.0 0.0 0.0
1435291786.25
578.0 9.4 15.0 1.0 0.0 0.0 0.0
1435291786.28
578.2 9.5 15.0 1.0 0.0 0.0 0.0
1435291786.31
578.3 9.6 15.0 1.0 0.0 0.0 0.0
1435291786.34
578.4 9.6 15.0 1.0 0.0 0.0 0.0
1435291786.37
578.5 9.7 15.0 1.0 0.0 0.0 0.0
1435291786.4
578.6 9.8 15.0 1.0 0.0 0.0 0.0
1435291786.43
578.8 9.9 15.0 1.0 0.0 0.0 0.0
1435291786.46
578.9 10.0 15.0 1.0 0.0 0.0 0.0
1435291786.49
579.0 10.1 15.0 1.0 0.0 0.0 0.0
1435291786.52
579.1 10.2 15.0 1.0 0.0 0.0 0.0
1435291786.55
579.2 10.3 15.0 1.0 0.0 0.0 0.0
1435291786.58
579.4 10.4 15.0 1.0 0.0 0.0 0.0
1435291786.61
579.5 10.5 15.0 1.0 0.0 0.0 0.0
1435291786.64
579.6 10.6 15.0 1.0 0.0 0.0 0.0
1435291786.67
579.7 10.7 15.0 1.0 0.0 0.0 0.0
1435291786.7
579.8 10.7 15.0 1.0 0.0 0.0 0.0
1435291786.73
580.0 10.8 15.0 1.0 0.0 0.0 0.0
1435291786.76
580.1 10.9 15.0 1.0 0.0 0.0 0.0
1435291786.79
580.2 11.0 15.0 1.0 0.0 0.0 0.0
1435291786.82
580.3 11.1 15.0 1.0 0.0 0.0 0.0
1435291786.85
580.5 11.2 15.0 1.0 0.0 0.0 0.0
1435291786.89
580.6 11.3 15.0 1.0 0.0 0.0 0.0
1435291786.91
580.7 11.4 15.0 1.0 0.0 0.0 0.0
1435291786.95
580.8 11.5 15.0 1.0 0.0 0.0 0.0
1435291786.97
580.9 11.6 15.0 1.0 0.0 0.0 0.0
1435291787.01
581.0 11.7 15.0 1.0 0.0 0.0 0.0
1435291787.03
581.2 11.8 15.0 1.0 0.0 0.0 0.0
1435291787.07
581.3 11.8 15.0 1.0 0.0 0.0 0.0
1435291787.1
581.4 11.9 15.0 1.0 0.0 0.0 0.0
1435291787.13
581.5 12.0 15.0 1.0 0.0 0.0 0.0
1435291787.16
581.7 12.1 15.0 1.0 0.0 0.0 0.0
1435291787.19
581.8 12.2 15.0 1.0 0.0 0.0 0.0
1435291787.22
581.9 12.3 15.0 1.0 0.0 0.0 0.0
1435291787.25
582.0 12.4 15.0 1.0 0.0 0.0 0.0
1435291787.28
582.1 12.5 15.0 1.0 0.0 0.0 0.0
1435291787.31
582.3 12.6 15.0 1.0 0.0 0.0 0.0
1435291787.34
582.4 12.6 15.0 1.0 0.0 0.0 0.0
1435291787.37
582.5 12.7 15.0 1.0 0.0 0.0 0.0
1435291787.4
582.6 12.8 15.0 1.0 0.0 0.0 0.0
1435291787.43
582.8 12.9 15.0 1.0 0.0 0.0 0.0
1435291787.46
582.9 13.0 15.0 1.0 0.0 0.0 0.0
1435291787.49
583.0 13.1 15.0 1.0 0.0 0.0 0.0
1435291787.52
583.1 13.2 15.0 1.0 0.0 0.0 0.0
1435291787.55
583.2 13.3 15.0 1.0 0.0 0.0 0.0
1435291787.58
583.4 13.4 15.0 1.0 0.0 0.0 0.0
1435291787.61
583.5 13.5 15.0 1.0 0.0 0.0 0.0
1435291787.64
583.6 13.6 15.0 1.0 0.0 0.0 0.0
1435291787.67
583.7 13.7 15.0 1.0 0.0 0.0 0.0
1435291787.7
583.8 13.8 15.0 1.0 0.0 0.0 0.0
1435291787.73
584.0 13.8 15.0 1.0 0.0 0.0 0.0
1435291787.76
584.1 13.9 15.0 1.0 0.0 0.0 0.0
1435291787.79
584.2 14.0 15.0 1.0 0.0 0.0 0.0
1435291787.82
584.3 14.1 15.0 1.0 0.0 0.0 0.0
1435291787.86
584.4 14.2 15.0 1.0 0.0 0.0 0.0
1435291787.88
584.6 14.3 15.0 1.0 0.0 0.0 0.0
1435291787.92
584.7 14.4 15.0 1.0 0.0 0.0 0.0
1435291787.95
584.8 14.5 15.0 1.0 0.0 0.0 0.0
1435291787.98
584.9 14.6 15.0 1.0 0.0 0.0 0.0
1435291788.0
585.1 14.7 15.0 1.0 0.0 0.0 0.0
1435291788.04
585.2 14.8 15.0 1.0 0.0 0.0 0.0
1435291788.07
585.3 14.9 15.0 1.0 0.0 0.0 0.0
1435291788.1
585.4 14.9 15.0 1.0 0.0 0.0 0.0
1435291788.12
585.5 15.0 15.0 1.0 0.0 0.0 0.0
1435291788.16
585.6 15.1 15.0 1.0 0.0 0.0 0.0
1435291788.19
585.8 15.2 15.0 1.0 0.0 0.0 0.0
1435291788.21
585.9 15.3 15.0 1.0 0.0 0.0 0.0
1435291788.24
586.0 15.4 15.0 1.0 0.0 0.0 0.0
1435291788.28
586.1 15.5 15.0 1.0 0.0 0.0 0.0
1435291788.31
586.3 15.6 15.0 1.0 0.0 0.0 0.0
1435291788.34
586.4 15.6 15.0 1.0 0.0 0.0 0.0
1435291788.37
586.5 15.7 15.0 1.0 0.0 0.0 0.0
1435291788.4
586.6 15.8 15.0 1.0 0.0 0.0 0.0
1435291788.43
586.7 15.9 15.0 1.0 0.0 0.0 0.0
1435291788.46
586.8 16.0 15.0 1.0 0.0 0.0 0.0
1435291788.49
587.0 16.1 15.0 1.0 0.0 0.0 0.0
1435291788.52
587.1 16.2 15.0 1.0 0.0 0.0 0.0
1435291788.55
587.2 16.3 15.0 1.0 0.0 0.0 0.0
1435291788.58
587.3 16.4 15.0 1.0 0.0 0.0 0.0
1435291788.61
587.5 16.5 15.0 1.0 0.0 0.0 0.0
1435291788.64
587.6 16.6 15.0 1.0 0.0 0.0 0.0
1435291788.67
587.7 16.7 15.0 1.0 0.0 0.0 0.0
1435291788.7
587.8 16.8 15.0 1.0 0.0 0.0 0.0
1435291788.73
587.9 16.8 15.0 1.0 0.0 0.0 0.0
1435291788.76
588.1 16.9 15.0 1.0 0.0 0.0 0.0
1435291788.79
588.2 17.0 15.0 1.0 0.0 0.0 0.0
1435291788.82
588.3 17.1 15.0 1.0 0.0 0.0 0.0
1435291788.85
588.4 17.2 15.0 1.0 0.0 0.0 0.0
1435291788.88
588.5 17.3 15.0 1.0 0.0 0.0 0.0
1435291788.91
588.7 17.4 15.0 1.0 0.0 0.0 0.0
1435291788.94
588.8 17.5 15.0 1.0 0.0 0.0 0.0
1435291788.97
588.9 17.6 15.0 1.0 0.0 0.0 0.0
1435291789.0
589.0 17.6 15.0 1.0 0.0 0.0 0.0
1435291789.03
589.2 17.7 15.0 1.0 0.0 0.0 0.0
1435291789.06
589.3 17.8 15.0 1.0 0.0 0.0 0.0
1435291789.09
589.4 17.9 15.0 1.0 0.0 0.0 0.0
1435291789.12
589.5 18.0 15.0 1.0 0.0 0.0 0.0
1435291789.15
589.6 18.1 15.0 1.0 0.0 0.0 0.0
1435291789.18
589.8 18.2 15.0 1.0 0.0 0.0 0.0
1435291789.21
589.9 18.3 15.0 1.0 0.0 0.0 0.0
1435291789.24
590.0 18.4 15.0 1.0 0.0 0.0 0.0
1435291789.27
590.1 18.5 15.0 1.0 0.0 0.0 0.0
1435291789.3
590.2 18.6 15.0 1.0 0.0 0.0 0.0
1435291789.33
590.4 18.7 15.0 1.0 0.0 0.0 0.0
1435291789.36
590.5 18.7 15.0 1.0 0.0 0.0 0.0
1435291789.39
590.6 18.8 15.0 1.0 0.0 0.0 0.0
1435291789.43
590.7 18.9 15.0 1.0 0.0 0.0 0.0
1435291789.45
590.9 19.0 15.0 1.0 0.0 0.0 0.0
1435291789.49
591.0 19.1 15.0 1.0 0.0 0.0 0.0
1435291789.51
591.1 19.2 15.0 1.0 0.0 0.0 0.0
1435291789.55
591.2 19.3 15.0 1.0 0.0 0.0 0.0
1435291789.57
591.3 19.4 15.0 1.0 0.0 0.0 0.0
1435291789.61
591.4 19.5 15.0 1.0 0.0 0.0 0.0
1435291789.64
591.6 19.6 15.0 1.0 0.0 0.0 0.0
1435291789.67
591.7 19.7 15.0 1.0 0.0 0.0 0.0
1435291789.69
591.8 19.8 15.0 1.0 0.0 0.0 0.0
1435291789.73
591.9 19.8 15.0 1.0 0.0 0.0 0.0
1435291789.75
592.1 19.9 15.0 1.0 0.0 0.0 0.0
1435291789.79
592.2 20.0 15.0 1.0 0.0 0.0 0.0
1435291789.82
592.3 20.1 15.0 1.0 0.0 0.0 0.0
1435291789.85
592.4 20.2 15.0 1.0 0.0 0.0 0.0
1435291789.88
592.5 20.3 15.0 1.0 0.0 0.0 0.0
1435291789.91
592.7 20.4 15.0 1.0 0.0 0.0 0.0
1435291789.94
592.8 20.5 15.0 1.0 0.0 0.0 0.0
1435291789.97
592.9 20.6 15.0 1.0 0.0 0.0 0.0
1435291790.0
593.0 20.7 15.0 1.0 0.0 0.0 0.0
1435291790.03
593.1 20.7 15.0 1.0 0.0 0.0 0.0
1435291790.06
593.3 20.8 15.0 1.0 0.0 0.0 0.0
1435291790.09
593.4 20.9 15.0 1.0 0.0 0.0 0.0
1435291790.12
593.5 21.0 15.0 1.0 0.0 0.0 0.0
1435291790.15
593.6 21.1 15.0 1.0 0.0 0.0 0.0
1435291790.19
593.8 21.2 15.0 1.0 0.0 0.0 0.0
1435291790.21
593.9 21.3 15.0 1.0 0.0 0.0 0.0
1435291790.24
594.0 21.4 15.0 1.0 0.0 0.0 0.0
1435291790.27
594.1 21.5 15.0 1.0 0.0 0.0 0.0
1435291790.3
594.2 21.6 15.0 1.0 0.0 0.0 0.0
1435291790.33
594.4 21.7 15.0 1.0 0.0 0.0 0.0
1435291790.36
594.5 21.8 15.0 1.0 0.0 0.0 0.0
1435291790.39
594.6 21.9 15.0 1.0 0.0 0.0 0.0
1435291790.42
594.7 21.9 15.0 1.0 0.0 0.0 0.0
1435291790.45
594.9 22.0 15.0 1.0 0.0 0.0 0.0
1435291790.48
595.0 22.1 15.0 1.0 0.0 0.0 0.0
1435291790.51
595.1 22.2 15.0 1.0 0.0 0.0 0.0
1435291790.54
595.2 22.3 15.0 1.0 0.0 0.0 0.0
1435291790.57
595.2 22.3 15.0 1.0 0.0 0.0 0.0
1435291790.61
595.2 22.3 15.0 1.0 0.0 0.0 0.0
1435291790.63
595.2 22.3 15.0 1.0 0.0 0.0 0.0
1435291790.67
595.2 22.3 15.0 1.0 0.0 0.0 0.0
1435291790.7
595.2 22.3 15.0 1.0 0.0 0.0 0.0
1435291790.73
595.2 22.3 15.0 1.0 0.0 0.0 0.0
1435291790.75
595.2 22.3 15.0 1.0 0.0 0.0 0.0
1435291790.79
595.2 22.3 15.0 1.0 0.0 0.0 0.0
1435291790.82
595.2 22.3 15.0 1.0 0.0 0.0 0.0
1435291790.85
595.2 22.3 15.0 1.0 0.0 0.0 0.0
1435291790.88
595.2 22.3 15.0 1.0 0.0 0.0 0.0
1435291790.91
595.2 22.3 15.0 1.0 0.0 0.0 0.0
1435291790.94
595.2 22.3 15.0 1.0 0.0 0.0 0.0
1435291790.97
595.2 22.3 15.0 1.0 0.0 0.0 0.0
1435291791.0
595.2 22.3 15.0 1.0 0.0 0.0 0.0
1435291791.03
595.2 22.3 15.0 1.0 0.0 0.0 0.0
1435291791.06
595.2 22.3 15.0 1.0 0.0 0.0 0.0
1435291791.09
595.2 22.3 15.0 1.0 0.0 0.0 0.0
1435291791.12
595.2 22.3 15.0 1.0 0.0 0.0 0.0
1435291791.16
595.2 22.3 15.0 1.0 0.0 0.0 0.0
1435291791.19
595.2 22.3 15.0 1.0 0.0 0.0 0.0
1435291791.22
595.2 22.3 15.0 1.0 0.0 0.0 0.0
1435291791.25
595.2 22.3 15.0 1.0 0.0 0.0 0.0
1435291791.28
595.0 22.2 15.0 1.0 0.0 0.0 0.0
1435291791.31
594.9 22.2 15.0 1.0 0.0 0.0 0.0
1435291791.34
594.8 22.1 15.0 1.0 0.0 0.0 0.0
1435291791.38
594.7 22.0 15.0 1.0 0.0 0.0 0.0
1435291791.41
594.6 21.9 15.0 1.0 0.0 0.0 0.0
1435291791.44
594.4 21.8 15.0 1.0 0.0 0.0 0.0
1435291791.47
594.3 21.7 15.0 1.0 0.0 0.0 0.0
1435291791.5
594.2 21.6 15.0 1.0 0.0 0.0 0.0
1435291791.53
594.1 21.5 15.0 1.0 0.0 0.0 0.0
1435291791.56
594.0 21.4 15.0 1.0 0.0 0.0 0.0
1435291791.58
593.9 21.3 15.0 1.0 0.0 0.0 0.0
1435291791.62
593.8 21.2 15.0 1.0 0.0 0.0 0.0
1435291791.64
593.8 21.0 15.0 1.0 0.0 0.0 0.0
1435291791.68
593.8 20.9 15.0 1.0 0.0 0.0 0.0
1435291791.7
593.8 20.7 15.0 1.0 0.0 0.0 0.0
1435291791.74
593.8 20.6 15.0 1.0 0.0 0.0 0.0
1435291791.76
593.9 20.5 15.0 1.0 0.0 0.0 0.0
1435291791.8
593.9 20.3 15.0 1.0 0.0 0.0 0.0
1435291791.82
594.0 20.1 15.0 1.0 0.0 0.0 0.0
1435291791.86
594.0 20.0 15.0 1.0 0.0 0.0 0.0
1435291791.89
594.0 19.9 15.0 1.0 0.0 0.0 0.0
1435291791.92
594.1 19.7 15.0 1.0 0.0 0.0 0.0
1435291791.95
594.1 19.5 15.0 1.0 0.0 0.0 0.0
1435291791.98
594.1 19.4 15.0 1.0 0.0 0.0 0.0
1435291792.0
594.1 19.3 15.0 1.0 0.0 0.0 0.0
1435291792.04
594.2 19.1 15.0 1.0 0.0 0.0 0.0
1435291792.07
594.2 19.0 15.0 1.0 0.0 0.0 0.0
1435291792.1
594.2 18.8 15.0 1.0 0.0 0.0 0.0
1435291792.13
594.3 18.7 15.0 1.0 0.0 0.0 0.0
1435291792.16
594.3 18.6 15.0 1.0 0.0 0.0 0.0
1435291792.19
594.4 18.4 15.0 1.0 0.0 0.0 0.0
1435291792.22
594.4 18.3 15.0 1.0 0.0 0.0 0.0
1435291792.25
594.4 18.1 15.0 1.0 0.0 0.0 0.0
1435291792.28
594.5 18.0 15.0 1.0 0.0 0.0 0.0
1435291792.31
594.5 17.8 15.0 1.0 0.0 0.0 0.0
1435291792.34
594.5 17.7 15.0 1.0 0.0 0.0 0.0
1435291792.37
594.6 17.5 15.0 1.0 0.0 0.0 0.0
1435291792.4
594.6 17.4 15.0 1.0 0.0 0.0 0.0
1435291792.43
594.6 17.2 15.0 1.0 0.0 0.0 0.0
1435291792.46
594.7 17.1 15.0 1.0 0.0 0.0 0.0
1435291792.49
594.7 16.9 15.0 1.0 0.0 0.0 0.0
1435291792.52
594.8 16.8 15.0 1.0 0.0 0.0 0.0
1435291792.55
594.8 16.6 15.0 1.0 0.0 0.0 0.0
1435291792.58
594.8 16.5 15.0 1.0 0.0 0.0 0.0
1435291792.61
594.9 16.3 15.0 1.0 0.0 0.0 0.0
1435291792.64
594.9 16.2 15.0 1.0 0.0 0.0 0.0
1435291792.67
594.9 16.0 15.0 1.0 0.0 0.0 0.0
1435291792.7
595.0 15.9 15.0 1.0 0.0 0.0 0.0
1435291792.73
595.0 15.8 15.0 1.0 0.0 0.0 0.0
1435291792.76
595.0 15.6 15.0 1.0 0.0 0.0 0.0
1435291792.79
595.1 15.5 15.0 1.0 0.0 0.0 0.0
1435291792.83
595.1 15.3 15.0 1.0 0.0 0.0 0.0
1435291792.85
595.2 15.2 15.0 1.0 0.0 0.0 0.0
1435291792.89
595.2 15.0 15.0 1.0 0.0 0.0 0.0
1435291792.91
595.2 14.8 15.0 1.0 0.0 0.0 0.0
1435291792.95
595.3 14.7 15.0 1.0 0.0 0.0 0.0
1435291792.97
595.3 14.5 15.0 1.0 0.0 0.0 0.0
1435291793.01
595.3 14.4 15.0 1.0 0.0 0.0 0.0
1435291793.03
595.4 14.3 15.0 1.0 0.0 0.0 0.0
1435291793.07
595.4 14.1 15.0 1.0 0.0 0.0 0.0
1435291793.1
595.4 14.0 15.0 1.0 0.0 0.0 0.0
1435291793.13
595.5 13.8 15.0 1.0 0.0 0.0 0.0
1435291793.16
595.5 13.7 15.0 1.0 0.0 0.0 0.0
1435291793.19
595.5 13.6 15.0 1.0 0.0 0.0 0.0
1435291793.22
595.6 13.4 15.0 1.0 0.0 0.0 0.0
1435291793.25
595.6 13.3 15.0 1.0 0.0 0.0 0.0
1435291793.28
595.6 13.1 15.0 1.0 0.0 0.0 0.0
1435291793.31
595.7 13.0 15.0 1.0 0.0 0.0 0.0
1435291793.34
595.7 12.8 15.0 1.0 0.0 0.0 0.0
1435291793.37
595.8 12.7 15.0 1.0 0.0 0.0 0.0
1435291793.4
595.8 12.5 15.0 1.0 0.0 0.0 0.0
1435291793.43
595.8 12.4 15.0 1.0 0.0 0.0 0.0
1435291793.46
595.9 12.2 15.0 1.0 0.0 0.0 0.0
1435291793.49
595.9 12.1 15.0 1.0 0.0 0.0 0.0
1435291793.52
595.9 11.9 15.0 1.0 0.0 0.0 0.0
1435291793.55
596.0 11.8 15.0 1.0 0.0 0.0 0.0
1435291793.58
596.0 11.6 15.0 1.0 0.0 0.0 0.0
1435291793.61
596.0 11.5 15.0 1.0 0.0 0.0 0.0
1435291793.64
596.1 11.3 15.0 1.0 0.0 0.0 0.0
1435291793.67
596.1 11.2 15.0 1.0 0.0 0.0 0.0
1435291793.7
596.2 11.1 15.0 1.0 0.0 0.0 0.0
1435291793.73
596.2 10.9 15.0 1.0 0.0 0.0 0.0
1435291793.76
596.2 10.8 15.0 1.0 0.0 0.0 0.0
1435291793.79
596.3 10.6 15.0 1.0 0.0 0.0 0.0
1435291793.82
596.3 10.5 15.0 1.0 0.0 0.0 0.0
1435291793.85
596.3 10.3 15.0 1.0 0.0 0.0 0.0
1435291793.88
596.4 10.2 15.0 1.0 0.0 0.0 0.0
1435291793.91
596.4 10.0 15.0 1.0 0.0 0.0 0.0
1435291793.94
596.4 9.8 15.0 1.0 0.0 0.0 0.0
1435291793.97
596.5 9.7 15.0 1.0 0.0 0.0 0.0
1435291794.0
596.5 9.6 15.0 1.0 0.0 0.0 0.0
1435291794.04
596.5 9.4 15.0 1.0 0.0 0.0 0.0
1435291794.06
596.6 9.3 15.0 1.0 0.0 0.0 0.0
1435291794.09
596.6 9.1 15.0 1.0 0.0 0.0 0.0
1435291794.12
596.7 9.0 15.0 1.0 0.0 0.0 0.0
1435291794.16
596.7 8.8 15.0 1.0 0.0 0.0 0.0
1435291794.18
596.7 8.7 15.0 1.0 0.0 0.0 0.0
1435291794.22
596.8 8.5 15.0 1.0 0.0 0.0 0.0
1435291794.24
596.8 8.4 15.0 1.0 0.0 0.0 0.0
1435291794.28
596.8 8.2 15.0 1.0 0.0 0.0 0.0
1435291794.3
596.9 8.1 15.0 1.0 0.0 0.0 0.0
1435291794.33
596.9 8.0 15.0 1.0 0.0 0.0 0.0
1435291794.37
596.9 7.8 15.0 1.0 0.0 0.0 0.0
1435291794.4
597.0 7.7 15.0 1.0 0.0 0.0 0.0
1435291794.43
597.0 7.5 15.0 1.0 0.0 0.0 0.0
1435291794.46
597.0 7.4 15.0 1.0 0.0 0.0 0.0
1435291794.49
597.1 7.2 15.0 1.0 0.0 0.0 0.0
1435291794.52
597.1 7.1 15.0 1.0 0.0 0.0 0.0
1435291794.55
597.1 6.9 15.0 1.0 0.0 0.0 0.0
1435291794.58
597.2 6.8 15.0 1.0 0.0 0.0 0.0
1435291794.61
597.2 6.6 15.0 1.0 0.0 0.0 0.0
1435291794.64
597.3 6.5 15.0 1.0 0.0 0.0 0.0
1435291794.67
597.3 6.3 15.0 1.0 0.0 0.0 0.0
1435291794.7
597.3 6.2 15.0 1.0 0.0 0.0 0.0
1435291794.73
597.4 6.1 15.0 1.0 0.0 0.0 0.0
1435291794.76
597.4 5.9 15.0 1.0 0.0 0.0 0.0
1435291794.79
597.4 5.8 15.0 1.0 0.0 0.0 0.0
1435291794.82
597.5 5.6 15.0 1.0 0.0 0.0 0.0
1435291794.85
597.5 5.5 15.0 1.0 0.0 0.0 0.0
1435291794.88
597.5 5.5 15.0 1.0 0.0 0.0 0.0
1435291794.91
597.5 5.5 15.0 1.0 0.0 0.0 0.0
1435291794.94
597.5 5.5 15.0 1.0 0.0 0.0 0.0
1435291794.97
597.5 5.5 15.0 1.0 0.0 0.0 0.0
1435291795.0
597.5 5.5 15.0 1.0 0.0 0.0 0.0
1435291795.03
597.5 5.5 15.0 1.0 0.0 0.0 0.0
1435291795.06
597.5 5.5 15.0 1.0 0.0 0.0 0.0
1435291795.09
597.5 5.5 15.0 1.0 0.0 0.0 0.0
1435291795.12
597.5 5.5 15.0 1.0 0.0 0.0 0.0
1435291795.15
597.5 5.5 15.0 1.0 0.0 0.0 0.0
1435291795.18
597.5 5.5 15.0 1.0 0.0 0.0 0.0
1435291795.22
597.5 5.5 15.0 1.0 0.0 0.0 0.0
1435291795.24
597.5 5.5 15.0 1.0 0.0 0.0 0.0
1435291795.28
597.5 5.5 15.0 1.0 0.0 0.0 0.0
1435291795.3
597.5 5.5 15.0 1.0 0.0 0.0 0.0
1435291795.34
597.5 5.5 15.0 1.0 0.0 0.0 0.0
1435291795.36
597.5 5.5 15.0 1.0 0.0 0.0 0.0
1435291795.39
597.5 5.5 15.0 1.0 0.0 0.0 0.0
1435291795.42
597.5 5.5 15.0 1.0 0.0 0.0 0.0
1435291795.46
597.5 5.5 15.0 1.0 0.0 0.0 0.0
1435291795.49
597.5 5.5 15.0 1.0 0.0 0.0 0.0
1435291795.52
597.5 5.5 15.0 1.0 0.0 0.0 0.0
1435291795.56
597.5 5.5 15.0 1.0 0.0 0.0 0.0
1435291795.58
597.5 5.6 15.0 1.0 0.0 0.0 0.0
1435291795.62
597.4 5.8 15.0 1.0 0.0 0.0 0.0
1435291795.64
597.4 5.9 15.0 1.0 0.0 0.0 0.0
1435291795.68
597.4 6.1 15.0 1.0 0.0 0.0 0.0
1435291795.7
597.4 6.2 15.0 1.0 0.0 0.0 0.0
1435291795.74
597.4 6.4 15.0 1.0 0.0 0.0 0.0
1435291795.76
597.3 6.5 15.0 1.0 0.0 0.0 0.0
1435291795.8
597.3 6.6 15.0 1.0 0.0 0.0 0.0
1435291795.83
597.4 6.7 15.0 1.0 0.0 0.0 0.0
1435291795.86
597.4 6.7 15.0 1.0 0.0 0.0 0.0
1435291795.89
597.5 6.6 15.0 1.0 0.0 0.0 0.0
1435291795.92
597.6 6.5 15.0 1.0 0.0 0.0 0.0
1435291795.95
597.7 6.4 15.0 1.0 0.0 0.0 0.0
1435291795.98
597.8 6.3 15.0 1.0 0.0 0.0 0.0
1435291796.01
597.9 6.1 15.0 1.0 0.0 0.0 0.0
1435291796.04
597.9 6.0 15.0 1.0 0.0 0.0 0.0
1435291796.07
598.0 5.9 15.0 1.0 0.0 0.0 0.0
1435291796.1
598.1 5.7 15.0 1.0 0.0 0.0 0.0
1435291796.13
598.2 5.6 15.0 1.0 0.0 0.0 0.0
1435291796.16
598.3 5.5 15.0 1.0 0.0 0.0 0.0
1435291796.19
598.4 5.3 15.0 1.0 0.0 0.0 0.0
1435291796.22
598.5 5.2 15.0 1.0 0.0 0.0 0.0
1435291796.25
598.6 5.1 15.0 1.0 0.0 0.0 0.0
1435291796.28
598.7 4.9 15.0 1.0 0.0 0.0 0.0
1435291796.31
598.8 4.8 15.0 1.0 0.0 0.0 0.0
1435291796.34
598.9 4.7 15.0 1.0 0.0 0.0 0.0
1435291796.37
598.9 4.6 15.0 1.0 0.0 0.0 0.0
1435291796.4
599.0 4.5 15.0 1.0 0.0 0.0 0.0
1435291796.43
599.1 4.3 15.0 1.0 0.0 0.0 0.0
1435291796.46
599.2 4.2 15.0 1.0 0.0 0.0 0.0
1435291796.49
599.3 4.1 15.0 1.0 0.0 0.0 0.0
1435291796.53
599.4 4.0 15.0 1.0 0.0 0.0 0.0
1435291796.55
599.5 3.9 15.0 1.0 0.0 0.0 0.0
1435291796.58
599.5 3.7 15.0 1.0 0.0 0.0 0.0
1435291796.61
599.6 3.6 15.0 1.0 0.0 0.0 0.0
1435291796.64
599.7 3.5 15.0 1.0 0.0 0.0 0.0
1435291796.67
599.8 3.4 15.0 1.0 0.0 0.0 0.0
1435291796.7
599.9 3.3 15.0 1.0 0.0 0.0 0.0
1435291796.73
600.0 3.1 15.0 1.0 0.0 0.0 0.0
1435291796.77
600.1 3.0 15.0 1.0 0.0 0.0 0.0
1435291796.79
600.2 2.9 15.0 1.0 0.0 0.0 0.0
1435291796.83
600.3 2.8 15.0 1.0 0.0 0.0 0.0
1435291796.85
600.4 2.7 15.0 1.0 0.0 0.0 0.0
1435291796.88
600.4 2.5 15.0 1.0 0.0 0.0 0.0
1435291796.91
600.5 2.4 15.0 1.0 0.0 0.0 0.0
1435291796.95
600.6 2.3 15.0 1.0 0.0 0.0 0.0
1435291796.97
600.7 2.1 15.0 1.0 0.0 0.0 0.0
1435291797.01
600.8 2.0 15.0 1.0 0.0 0.0 0.0
1435291797.03
600.9 1.9 15.0 1.0 0.0 0.0 0.0
1435291797.06
601.0 1.8 15.0 1.0 0.0 0.0 0.0
1435291797.09
601.1 1.7 15.0 1.0 0.0 0.0 0.0
1435291797.13
601.2 1.6 15.0 1.0 0.0 0.0 0.0
1435291797.15
601.3 1.4 15.0 1.0 0.0 0.0 0.0
1435291797.19
601.3 1.3 15.0 1.0 0.0 0.0 0.0
1435291797.22
601.4 1.2 15.0 1.0 0.0 0.0 0.0
1435291797.25
601.5 1.1 15.0 1.0 0.0 0.0 0.0
1435291797.28
601.6 0.9 15.0 1.0 0.0 0.0 0.0
1435291797.31
601.7 0.8 15.0 1.0 0.0 0.0 0.0
1435291797.34
601.8 0.7 15.0 1.0 0.0 0.0 0.0
1435291797.37
601.9 0.6 15.0 1.0 0.0 0.0 0.0
1435291797.4
602.0 0.4 15.0 1.0 0.0 0.0 0.0
1435291797.43
602.1 0.3 15.0 1.0 0.0 0.0 0.0
1435291797.46
602.2 0.2 15.0 1.0 0.0 0.0 0.0
1435291797.49
602.3 0.1 15.0 1.0 0.0 0.0 0.0
1435291797.52
602.3 0.0 15.0 1.0 0.0 0.0 0.0
1435291797.55
602.4 -0.1 15.0 1.0 0.0 0.0 0.0
1435291797.58
602.5 -0.3 15.0 1.0 0.0 0.0 0.0
1435291797.61
602.6 -0.4 15.0 1.0 0.0 0.0 0.0
1435291797.64
602.7 -0.5 15.0 1.0 0.0 0.0 0.0
1435291797.67
602.8 -0.6 15.0 1.0 0.0 0.0 0.0
1435291797.7
602.9 -0.8 15.0 1.0 0.0 0.0 0.0
1435291797.73
603.0 -0.9 15.0 1.0 0.0 0.0 0.0
1435291797.76
603.1 -1.0 15.0 1.0 0.0 0.0 0.0
1435291797.79
603.2 -1.1 15.0 1.0 0.0 0.0 0.0
1435291797.82
603.3 -1.2 15.0 1.0 0.0 0.0 0.0
1435291797.85
603.3 -1.3 15.0 1.0 0.0 0.0 0.0
1435291797.88
603.4 -1.5 15.0 1.0 0.0 0.0 0.0
1435291797.91
603.5 -1.6 15.0 1.0 0.0 0.0 0.0
1435291797.94
603.6 -1.7 15.0 1.0 0.0 0.0 0.0
1435291797.97
603.7 -1.8 15.0 1.0 0.0 0.0 0.0
1435291798.0
603.8 -1.9 15.0 1.0 0.0 0.0 0.0
1435291798.03
603.8 -2.1 15.0 1.0 0.0 0.0 0.0
1435291798.06
603.9 -2.2 15.0 1.0 0.0 0.0 0.0
1435291798.09
604.0 -2.3 15.0 1.0 0.0 0.0 0.0
1435291798.12
604.1 -2.4 15.0 1.0 0.0 0.0 0.0
1435291798.15
604.2 -2.6 15.0 1.0 0.0 0.0 0.0
1435291798.18
604.3 -2.7 15.0 1.0 0.0 0.0 0.0
1435291798.21
604.4 -2.8 15.0 1.0 0.0 0.0 0.0
1435291798.24
604.5 -2.9 15.0 1.0 0.0 0.0 0.0
1435291798.27
604.6 -3.0 15.0 1.0 0.0 0.0 0.0
1435291798.3
604.7 -3.2 15.0 1.0 0.0 0.0 0.0
1435291798.33
604.7 -3.3 15.0 1.0 0.0 0.0 0.0
1435291798.36
604.8 -3.4 15.0 1.0 0.0 0.0 0.0
1435291798.39
604.9 -3.5 15.0 1.0 0.0 0.0 0.0
1435291798.42
605.0 -3.7 15.0 1.0 0.0 0.0 0.0
1435291798.45
605.1 -3.8 15.0 1.0 0.0 0.0 0.0
1435291798.48
605.2 -3.9 15.0 1.0 0.0 0.0 0.0
1435291798.51
605.3 -4.0 15.0 1.0 0.0 0.0 0.0
1435291798.54
605.4 -4.1 15.0 1.0 0.0 0.0 0.0
1435291798.57
605.5 -4.3 15.0 1.0 0.0 0.0 0.0
1435291798.6
605.6 -4.4 15.0 1.0 0.0 0.0 0.0
1435291798.63
605.6 -4.5 15.0 1.0 0.0 0.0 0.0
1435291798.66
605.7 -4.6 15.0 1.0 0.0 0.0 0.0
1435291798.69
605.8 -4.7 15.0 1.0 0.0 0.0 0.0
1435291798.72
605.9 -4.9 15.0 1.0 0.0 0.0 0.0
1435291798.75
606.0 -5.0 15.0 1.0 0.0 0.0 0.0
1435291798.78
606.1 -5.1 15.0 1.0 0.0 0.0 0.0
1435291798.81
606.2 -5.2 15.0 1.0 0.0 0.0 0.0
1435291798.84
606.3 -5.4 15.0 1.0 0.0 0.0 0.0
1435291798.87
606.4 -5.5 15.0 1.0 0.0 0.0 0.0
1435291798.9
606.5 -5.6 15.0 1.0 0.0 0.0 0.0
1435291798.93
606.6 -5.7 15.0 1.0 0.0 0.0 0.0
1435291798.96
606.6 -5.9 15.0 1.0 0.0 0.0 0.0
1435291798.99
606.7 -6.0 15.0 1.0 0.0 0.0 0.0
1435291799.02
606.8 -6.1 15.0 1.0 0.0 0.0 0.0
1435291799.05
606.9 -6.2 15.0 1.0 0.0 0.0 0.0
1435291799.09
607.0 -6.3 15.0 1.0 0.0 0.0 0.0
1435291799.12
607.1 -6.4 15.0 1.0 0.0 0.0 0.0
1435291799.15
607.2 -6.6 15.0 1.0 0.0 0.0 0.0
1435291799.18
607.3 -6.7 15.0 1.0 0.0 0.0 0.0
1435291799.21
607.4 -6.8 15.0 1.0 0.0 0.0 0.0
1435291799.24
607.5 -6.9 15.0 1.0 0.0 0.0 0.0
1435291799.27
607.6 -7.1 15.0 1.0 0.0 0.0 0.0
1435291799.3
607.6 -7.2 15.0 1.0 0.0 0.0 0.0
1435291799.33
607.7 -7.3 15.0 1.0 0.0 0.0 0.0
1435291799.36
607.8 -7.4 15.0 1.0 0.0 0.0 0.0
1435291799.39
607.9 -7.6 15.0 1.0 0.0 0.0 0.0
1435291799.42
608.0 -7.7 15.0 1.0 0.0 0.0 0.0
1435291799.45
608.1 -7.8 15.0 1.0 0.0 0.0 0.0
1435291799.48
608.2 -7.9 15.0 1.0 0.0 0.0 0.0
1435291799.51
608.3 -8.0 15.0 1.0 0.0 0.0 0.0
1435291799.54
608.3 -8.1 15.0 1.0 0.0 0.0 0.0
1435291799.57
608.4 -8.3 15.0 1.0 0.0 0.0 0.0
1435291799.6
608.5 -8.4 15.0 1.0 0.0 0.0 0.0
1435291799.63
608.6 -8.5 15.0 1.0 0.0 0.0 0.0
1435291799.66
608.7 -8.6 15.0 1.0 0.0 0.0 0.0
1435291799.69
608.8 -8.8 15.0 1.0 0.0 0.0 0.0
1435291799.72
608.9 -8.9 15.0 1.0 0.0 0.0 0.0
1435291799.75
608.9 -8.9 15.0 1.0 0.0 0.0 0.0
1435291799.78
608.9 -8.9 15.0 1.0 0.0 0.0 0.0
1435291799.81
608.9 -8.9 15.0 1.0 0.0 0.0 0.0
1435291799.84
608.9 -8.9 15.0 1.0 0.0 0.0 0.0
1435291799.87
608.9 -8.9 15.0 1.0 0.0 0.0 0.0
1435291799.91
608.9 -8.9 15.0 1.0 0.0 0.0 0.0
1435291799.93
608.9 -8.9 15.0 1.0 0.0 0.0 0.0
1435291799.97
608.9 -8.9 15.0 1.0 0.0 0.0 0.0
1435291800.0
608.9 -8.9 15.0 1.0 0.0 0.0 0.0
1435291800.03
608.9 -8.9 15.0 1.0 0.0 0.0 0.0
1435291800.06
608.9 -8.9 15.0 1.0 0.0 0.0 0.0
1435291800.09
608.9 -8.9 15.0 1.0 0.0 0.0 0.0
1435291800.12
608.9 -8.9 15.0 1.0 0.0 0.0 0.0
1435291800.15
608.9 -8.9 15.0 1.0 0.0 0.0 0.0
1435291800.18
608.9 -8.9 15.0 1.0 0.0 0.0 0.0
1435291800.21
608.9 -8.9 15.0 1.0 0.0 0.0 0.0
1435291800.24
608.9 -8.9 15.0 1.0 0.0 0.0 0.0
1435291800.27
608.9 -8.9 15.0 1.0 0.0 0.0 0.0
1435291800.3
608.9 -8.9 15.0 1.0 0.0 0.0 0.0
1435291800.33
608.9 -8.9 15.0 1.0 0.0 0.0 0.0
1435291800.36
608.9 -8.9 15.0 1.0 0.0 0.0 0.0
1435291800.39
608.9 -8.9 15.0 1.0 0.0 0.0 0.0
1435291800.42
608.9 -8.9 15.0 1.0 0.0 0.0 0.0
1435291800.45
608.9 -8.8 15.0 1.0 0.0 0.0 0.0
1435291800.48
608.8 -8.7 15.0 1.0 0.0 0.0 0.0
1435291800.51
608.7 -8.7 15.0 1.0 0.0 0.0 0.0
1435291800.54
608.6 -8.5 15.0 1.0 0.0 0.0 0.0
1435291800.57
608.5 -8.4 15.0 1.0 0.0 0.0 0.0
1435291800.6
608.4 -8.3 15.0 1.0 0.0 0.0 0.0
1435291800.63
608.3 -8.2 15.0 1.0 0.0 0.0 0.0
1435291800.66
608.2 -8.1 15.0 1.0 0.0 0.0 0.0
1435291800.69
608.1 -8.0 15.0 1.0 0.0 0.0 0.0
1435291800.72
608.0 -7.9 15.0 1.0 0.0 0.0 0.0
1435291800.75
608.0 -7.8 15.0 1.0 0.0 0.0 0.0
1435291800.78
608.0 -7.8 15.0 1.0 0.0 0.0 0.0
1435291800.81
608.0 -7.8 15.0 1.0 0.0 0.0 0.0
1435291800.84
608.0 -7.8 15.0 1.0 0.0 0.0 0.0
1435291800.87
608.0 -7.8 15.0 1.0 0.0 0.0 0.0
1435291800.9
608.0 -7.8 15.0 1.0 0.0 0.0 0.0
1435291800.93
608.0 -7.8 15.0 1.0 0.0 0.0 0.0
1435291800.96
608.0 -7.8 15.0 1.0 0.0 0.0 0.0
1435291800.99
608.0 -7.8 15.0 1.0 0.0 0.0 0.0
1435291801.02
608.0 -7.8 15.0 1.0 0.0 0.0 0.0
1435291801.05
608.0 -7.8 15.0 1.0 0.0 0.0 0.0
1435291801.08
608.0 -7.8 15.0 1.0 0.0 0.0 0.0
1435291801.11
608.0 -7.8 15.0 1.0 0.0 0.0 0.0
1435291801.14
608.0 -7.8 15.0 1.0 0.0 0.0 0.0
1435291801.17
608.0 -7.8 15.0 1.0 0.0 0.0 0.0
1435291801.2
608.0 -7.8 15.0 1.0 0.0 0.0 0.0
1435291801.23
608.0 -7.8 15.0 1.0 0.0 0.0 0.0
1435291801.26
608.0 -7.8 15.0 1.0 0.0 0.0 0.0
1435291801.29
608.0 -7.8 15.0 1.0 0.0 0.0 0.0
1435291801.32
608.0 -7.8 15.0 1.0 0.0 0.0 0.0
1435291801.35
608.0 -7.8 15.0 1.0 0.0 0.0 0.0
1435291801.38
608.0 -7.8 15.0 1.0 0.0 0.0 0.0
1435291801.41
608.0 -7.8 15.0 1.0 0.0 0.0 0.0
1435291801.44
608.0 -7.8 15.0 1.0 0.0 0.0 0.0
1435291801.47
608.0 -7.8 15.0 1.0 0.0 0.0 0.0
1435291801.5
608.0 -7.8 15.0 1.0 0.0 0.0 0.0
1435291801.53
608.0 -7.8 15.0 1.0 0.0 0.0 0.0
1435291801.56
608.0 -7.8 15.0 1.0 0.0 0.0 0.0
1435291801.59
608.0 -7.8 15.0 1.0 0.0 0.0 0.0
1435291801.62
608.0 -7.8 15.0 1.0 0.0 0.0 0.0
1435291801.65
608.0 -7.8 15.0 1.0 0.0 0.0 0.0
1435291801.68
608.0 -7.8 15.0 1.0 0.0 0.0 0.0
1435291801.71
608.0 -7.8 15.0 1.0 0.0 0.0 0.0
1435291801.74
608.0 -7.8 15.0 1.0 0.0 0.0 0.0
1435291801.77
608.0 -7.8 15.0 1.0 0.0 0.0 0.0
1435291801.8
608.0 -7.8 15.0 1.0 0.0 0.0 0.0
1435291801.83
608.0 -7.8 15.0 1.0 0.0 0.0 0.0
1435291801.86
608.0 -7.8 15.0 1.0 0.0 0.0 0.0
1435291801.89
608.0 -7.8 15.0 1.0 0.0 0.0 0.0
1435291801.92
608.0 -7.8 15.0 1.0 0.0 0.0 0.0
1435291801.95
608.0 -7.8 15.0 1.0 0.0 0.0 0.0
1435291801.98
608.0 -7.8 15.0 1.0 0.0 0.0 0.0
1435291802.01
608.0 -7.8 15.0 1.0 0.0 0.0 0.0
1435291802.04
608.0 -7.8 15.0 1.0 0.0 0.0 0.0
1435291802.07
608.0 -7.8 15.0 1.0 0.0 0.0 0.0
1435291802.1
608.0 -7.8 15.0 1.0 0.0 0.0 0.0
1435291802.13
608.0 -7.8 15.0 1.0 0.0 0.0 0.0
1435291802.16
608.0 -7.8 15.0 1.0 0.0 0.0 0.0
1435291802.19
608.0 -7.8 15.0 1.0 0.0 0.0 0.0
1435291802.22
608.0 -7.8 15.0 1.0 0.0 0.0 0.0
1435291802.25
608.0 -7.8 15.0 1.0 0.0 0.0 0.0
1435291802.28
608.0 -7.8 15.0 1.0 0.0 0.0 0.0
1435291802.31
608.0 -7.8 15.0 1.0 0.0 0.0 0.0
1435291802.34
608.0 -7.8 15.0 1.0 0.0 0.0 0.0
1435291802.37
608.0 -7.8 15.0 1.0 0.0 0.0 0.0
1435291802.4
608.0 -7.8 15.0 1.0 0.0 0.0 0.0
1435291802.43
608.0 -7.8 15.0 1.0 0.0 0.0 0.0
1435291802.46
608.0 -7.8 15.0 1.0 0.0 0.0 0.0
1435291802.49
608.0 -7.8 15.0 1.0 0.0 0.0 0.0
1435291802.52
608.0 -7.8 15.0 1.0 0.0 0.0 0.0
1435291802.55
608.0 -7.8 15.0 1.0 0.0 0.0 0.0
1435291802.58
608.0 -7.8 15.0 1.0 0.0 0.0 0.0
1435291802.61
608.0 -7.8 15.0 1.0 0.0 0.0 0.0
1435291802.64
608.0 -7.8 15.0 1.0 0.0 0.0 0.0
1435291802.67
608.0 -7.8 15.0 1.0 0.0 0.0 0.0
1435291802.7
608.0 -7.8 15.0 1.0 0.0 0.0 0.0
1435291802.73
608.0 -7.8 15.0 1.0 0.0 0.0 0.0
1435291802.76
608.0 -7.8 15.0 1.0 0.0 0.0 0.0
1435291802.79
608.0 -7.8 15.0 1.0 0.0 0.0 0.0
1435291802.82
608.0 -7.8 15.0 1.0 0.0 0.0 0.0
1435291802.85
608.0 -7.8 15.0 1.0 0.0 0.0 0.0
1435291802.88
608.0 -7.8 15.0 1.0 0.0 0.0 0.0
1435291802.91
608.0 -7.8 15.0 1.0 0.0 0.0 0.0
1435291802.94
608.0 -7.8 15.0 1.0 0.0 0.0 0.0
1435291802.97
608.0 -7.8 15.0 1.0 0.0 0.0 0.0
1435291803.0
608.0 -7.8 15.0 1.0 0.0 0.0 0.0
1435291803.03
608.0 -7.8 15.0 1.0 0.0 0.0 0.0
1435291803.06
608.0 -7.8 15.0 1.0 0.0 0.0 0.0
1435291803.09
608.0 -7.8 15.0 1.0 0.0 0.0 0.0
1435291803.12
608.0 -7.8 15.0 1.0 0.0 0.0 0.0
1435291803.15
608.0 -7.8 15.0 1.0 0.0 0.0 0.0
1435291803.17
608.0 -7.8 15.0 1.0 0.0 0.0 0.0
1435291803.21
608.0 -7.8 15.0 1.0 0.0 0.0 0.0
1435291803.23
608.0 -7.8 15.0 1.0 0.0 0.0 0.0
1435291803.27
608.0 -7.8 15.0 1.0 0.0 0.0 0.0
1435291803.29
608.0 -7.8 15.0 1.0 0.0 0.0 0.0
1435291803.33
608.0 -7.8 15.0 1.0 0.0 0.0 0.0
1435291803.35
608.0 -7.8 15.0 1.0 0.0 0.0 0.0
1435291803.39
608.0 -7.8 15.0 1.0 0.0 0.0 0.0
1435291803.42
608.0 -7.8 15.0 1.0 0.0 0.0 0.0
1435291803.45
608.0 -7.8 15.0 1.0 0.0 0.0 0.0
1435291803.47
608.0 -7.8 15.0 1.0 0.0 0.0 0.0
1435291803.51
608.0 -7.8 15.0 1.0 0.0 0.0 0.0
1435291803.53
608.0 -7.8 15.0 1.0 0.0 0.0 0.0
1435291803.57
608.0 -7.8 15.0 1.0 0.0 0.0 0.0
1435291803.59
608.0 -7.8 15.0 1.0 0.0 0.0 0.0
1435291803.63
608.0 -7.8 15.0 1.0 0.0 0.0 0.0
1435291803.65
608.0 -7.8 15.0 1.0 0.0 0.0 0.0
1435291803.69
608.0 -7.8 15.0 1.0 0.0 0.0 0.0
1435291803.71
608.0 -7.8 15.0 1.0 0.0 0.0 0.0
1435291803.75
608.0 -7.8 15.0 1.0 0.0 0.0 0.0
1435291803.77
608.0 -7.8 15.0 1.0 0.0 0.0 0.0
1435291803.81
608.0 -7.8 15.0 1.0 0.0 0.0 0.0
1435291803.83
608.0 -7.8 15.0 1.0 0.0 0.0 0.0
1435291803.87
608.0 -7.8 15.0 1.0 0.0 0.0 0.0
1435291803.89
608.0 -7.8 15.0 1.0 0.0 0.0 0.0
1435291803.93
608.0 -7.8 15.0 1.0 0.0 0.0 0.0
1435291803.95
608.0 -7.8 15.0 1.0 0.0 0.0 0.0
1435291803.99
608.0 -7.8 15.0 1.0 0.0 0.0 0.0
1435291804.01
608.0 -7.8 15.0 1.0 0.0 0.0 0.0
1435291804.05
608.0 -7.8 15.0 1.0 0.0 0.0 0.0
1435291804.07
608.0 -7.8 15.0 1.0 0.0 0.0 0.0
1435291804.11
608.0 -7.8 15.0 1.0 0.0 0.0 0.0
1435291804.14
608.0 -7.8 15.0 1.0 0.0 0.0 0.0
1435291804.17
608.0 -7.8 15.0 1.0 0.0 0.0 0.0
1435291804.19
608.0 -7.8 15.0 1.0 0.0 0.0 0.0
1435291804.23
608.0 -7.8 15.0 1.0 0.0 0.0 0.0
1435291804.25
608.0 -7.8 15.0 1.0 0.0 0.0 0.0
1435291804.29
608.0 -7.8 15.0 1.0 0.0 0.0 0.0
1435291804.31
608.0 -7.8 15.0 1.0 0.0 0.0 0.0
1435291804.35
608.0 -7.8 15.0 1.0 0.0 0.0 0.0
1435291804.37
608.0 -7.8 15.0 1.0 0.0 0.0 0.0
1435291804.41
608.0 -7.8 15.0 1.0 0.0 0.0 0.0
1435291804.43
608.0 -7.8 15.0 1.0 0.0 0.0 0.0
1435291804.47
608.0 -7.8 15.0 1.0 0.0 0.0 0.0
1435291804.49
608.0 -7.8 15.0 1.0 0.0 0.0 0.0
1435291804.53
608.0 -7.8 15.0 1.0 0.0 0.0 0.0
1435291804.55
608.0 -7.8 15.0 1.0 0.0 0.0 0.0
1435291804.59
608.0 -7.8 15.0 1.0 0.0 0.0 0.0
1435291804.61
608.0 -7.8 15.0 1.0 0.0 0.0 0.0
1435291804.65
608.0 -7.8 15.0 1.0 0.0 0.0 0.0
1435291804.68
608.0 -7.8 15.0 1.0 0.0 0.0 0.0
1435291804.71
608.0 -7.8 15.0 1.0 0.0 0.0 0.0
1435291804.73
608.0 -7.8 15.0 1.0 0.0 0.0 0.0
1435291804.77
608.0 -7.8 15.0 1.0 0.0 0.0 0.0
1435291804.79
608.0 -7.8 15.0 1.0 0.0 0.0 0.0
1435291804.83
608.0 -7.8 15.0 1.0 0.0 0.0 0.0
1435291804.85
608.0 -7.8 15.0 1.0 0.0 0.0 0.0
1435291804.89
608.0 -7.8 15.0 1.0 0.0 0.0 0.0
1435291804.91
608.0 -7.8 15.0 1.0 0.0 0.0 0.0
1435291804.95
608.0 -7.8 15.0 1.0 0.0 0.0 0.0
1435291804.97
608.0 -7.8 15.0 1.0 0.0 0.0 0.0
1435291805.01
608.0 -7.8 15.0 1.0 0.0 0.0 0.0
1435291805.03
608.0 -7.8 15.0 1.0 0.0 0.0 0.0
1435291805.07
608.0 -7.8 15.0 1.0 0.0 0.0 0.0
1435291805.1
608.0 -7.8 15.0 1.0 0.0 0.0 0.0
1435291805.13
608.0 -7.8 15.0 1.0 0.0 0.0 0.0
1435291805.16
608.0 -7.8 15.0 1.0 0.0 0.0 0.0
1435291805.19
608.0 -7.8 15.0 1.0 0.0 0.0 0.0
1435291805.21
608.0 -7.8 15.0 1.0 0.0 0.0 0.0
1435291805.25
608.0 -7.8 15.0 1.0 0.0 0.0 0.0
1435291805.27
608.0 -7.8 15.0 1.0 0.0 0.0 0.0
1435291805.31
608.0 -7.8 15.0 1.0 0.0 0.0 0.0
1435291805.33
608.0 -7.8 15.0 1.0 0.0 0.0 0.0
1435291805.37
608.0 -7.8 15.0 1.0 0.0 0.0 0.0
1435291805.39
608.0 -7.8 15.0 1.0 0.0 0.0 0.0
1435291805.42
608.0 -7.8 15.0 1.0 0.0 0.0 0.0
1435291805.45
608.0 -7.8 15.0 1.0 0.0 0.0 0.0
1435291805.49
608.0 -7.8 15.0 1.0 0.0 0.0 0.0
1435291805.51
608.0 -7.8 15.0 1.0 0.0 0.0 0.0
1435291805.54
608.0 -7.8 15.0 1.0 0.0 0.0 0.0
1435291805.57
608.0 -7.8 15.0 1.0 0.0 0.0 0.0
1435291805.61
608.0 -7.8 15.0 1.0 0.0 0.0 0.0
1435291805.63
608.0 -7.8 15.0 1.0 0.0 0.0 0.0
1435291805.67
608.0 -7.8 15.0 1.0 0.0 0.0 0.0
1435291805.69
608.0 -7.8 15.0 1.0 0.0 0.0 0.0
1435291805.72
608.0 -7.8 15.0 1.0 0.0 0.0 0.0
1435291805.75
608.0 -7.8 15.0 1.0 0.0 0.0 0.0
1435291805.79
608.0 -7.8 15.0 1.0 0.0 0.0 0.0
1435291805.81
608.0 -7.8 15.0 1.0 0.0 0.0 0.0
1435291805.84
608.0 -7.8 15.0 1.0 0.0 0.0 0.0
1435291805.87
608.0 -7.8 15.0 1.0 0.0 0.0 0.0
1435291805.91
608.0 -7.8 15.0 1.0 0.0 0.0 0.0
1435291805.93
608.0 -7.8 15.0 1.0 0.0 0.0 0.0
1435291805.97
608.0 -7.8 15.0 1.0 0.0 0.0 0.0
1435291805.99
608.0 -7.8 15.0 1.0 0.0 0.0 0.0
1435291806.03
608.0 -7.8 15.0 1.0 0.0 0.0 0.0
1435291806.05
608.0 -7.8 15.0 1.0 0.0 0.0 0.0
1435291806.09
608.0 -7.8 15.0 1.0 0.0 0.0 0.0
1435291806.11
608.0 -7.8 15.0 1.0 0.0 0.0 0.0
1435291806.15
608.0 -7.8 15.0 1.0 0.0 0.0 0.0
1435291806.17
608.0 -7.8 15.0 1.0 0.0 0.0 0.0
1435291806.21
608.0 -7.8 15.0 1.0 0.0 0.0 0.0
1435291806.23
608.0 -7.8 15.0 1.0 0.0 0.0 0.0
1435291806.27
608.0 -7.8 15.0 1.0 0.0 0.0 0.0
1435291806.3
608.0 -7.8 15.0 1.0 0.0 0.0 0.0
1435291806.33
608.0 -7.8 15.0 1.0 0.0 0.0 0.0
1435291806.36
608.0 -7.8 15.0 1.0 0.0 0.0 0.0
1435291806.39
608.0 -7.8 15.0 1.0 0.0 0.0 0.0
1435291806.42
608.0 -7.8 15.0 1.0 0.0 0.0 0.0
1435291806.45
608.0 -7.8 15.0 1.0 0.0 0.0 0.0
1435291806.48
608.0 -7.8 15.0 1.0 0.0 0.0 0.0
1435291806.51
608.0 -7.8 15.0 1.0 0.0 0.0 0.0
1435291806.54
608.0 -7.8 15.0 1.0 0.0 0.0 0.0
1435291806.57
608.0 -7.8 15.0 1.0 0.0 0.0 0.0
1435291806.59
608.0 -7.8 15.0 1.0 0.0 0.0 0.0
1435291806.63
608.0 -7.8 15.0 1.0 0.0 0.0 0.0
1435291806.66
608.0 -7.8 15.0 1.0 0.0 0.0 0.0
1435291806.69
608.0 -7.8 15.0 1.0 0.0 0.0 0.0
1435291806.72
608.0 -7.8 15.0 1.0 0.0 0.0 0.0
1435291806.75
608.0 -7.8 15.0 1.0 0.0 0.0 0.0
1435291806.78
608.0 -7.8 15.0 1.0 0.0 0.0 0.0
1435291806.81
608.0 -7.8 15.0 1.0 0.0 0.0 0.0
1435291806.83
608.0 -7.8 15.0 1.0 0.0 0.0 0.0
1435291806.87
608.0 -7.8 15.0 1.0 0.0 0.0 0.0
1435291806.89
608.0 -7.8 15.0 1.0 0.0 0.0 0.0
1435291806.93
608.0 -7.8 15.0 1.0 0.0 0.0 0.0
1435291806.95
608.0 -7.8 15.0 1.0 0.0 0.0 0.0
1435291806.99
608.0 -7.8 15.0 1.0 0.0 0.0 0.0
1435291807.01
608.0 -7.8 15.0 1.0 0.0 0.0 0.0
1435291807.05
608.0 -7.8 15.0 1.0 0.0 0.0 0.0
1435291807.08
608.0 -7.8 15.0 1.0 0.0 0.0 0.0
1435291807.11
608.0 -7.8 15.0 1.0 0.0 0.0 0.0
1435291807.14
608.0 -7.8 15.0 1.0 0.0 0.0 0.0
1435291807.17
608.0 -7.8 15.0 1.0 0.0 0.0 0.0
1435291807.2
608.0 -7.8 15.0 1.0 0.0 0.0 0.0
1435291807.23
608.0 -7.8 15.0 1.0 0.0 0.0 0.0
1435291807.26
608.0 -7.8 15.0 1.0 0.0 0.0 0.0
1435291807.29
608.0 -7.8 15.0 1.0 0.0 0.0 0.0
1435291807.32
608.0 -7.8 15.0 1.0 0.0 0.0 0.0
1435291807.35
608.0 -7.8 15.0 1.0 0.0 0.0 0.0
1435291807.38
608.0 -7.8 15.0 1.0 0.0 0.0 0.0
1435291807.41
608.0 -7.8 15.0 1.0 0.0 0.0 0.0
1435291807.44
608.0 -7.8 15.0 1.0 0.0 0.0 0.0
1435291807.47
608.0 -7.8 15.0 1.0 0.0 0.0 0.0
1435291807.5
608.0 -7.8 15.0 1.0 0.0 0.0 0.0
1435291807.53
608.0 -7.8 15.0 1.0 0.0 0.0 0.0
1435291807.56
608.0 -7.8 15.0 1.0 0.0 0.0 0.0
1435291807.59
608.0 -7.8 15.0 1.0 0.0 0.0 0.0
1435291807.62
608.0 -7.8 15.0 1.0 0.0 0.0 0.0
1435291807.65
608.0 -7.8 15.0 1.0 0.0 0.0 0.0
1435291807.68
608.0 -7.8 15.0 1.0 0.0 0.0 0.0
1435291807.71
608.0 -7.8 15.0 1.0 0.0 0.0 0.0
1435291807.74
608.0 -7.8 15.0 1.0 0.0 0.0 0.0
1435291807.77
608.0 -7.8 15.0 1.0 0.0 0.0 0.0
1435291807.8
608.0 -7.8 15.0 1.0 0.0 0.0 0.0
1435291807.83
608.0 -7.8 15.0 1.0 0.0 0.0 0.0
1435291807.86
608.0 -7.8 15.0 1.0 0.0 0.0 0.0
1435291807.89
608.0 -7.8 15.0 1.0 0.0 0.0 0.0
1435291807.92
608.0 -7.8 15.0 1.0 0.0 0.0 0.0
1435291807.95
608.0 -7.8 15.0 1.0 0.0 0.0 0.0
1435291807.97
608.0 -7.8 15.0 1.0 0.0 0.0 0.0
1435291808.01
608.0 -7.8 15.0 1.0 0.0 0.0 0.0
1435291808.04
608.0 -7.8 15.0 1.0 0.0 0.0 0.0
1435291808.07
608.0 -7.8 15.0 1.0 0.0 0.0 0.0
1435291808.1
608.0 -7.8 15.0 1.0 0.0 0.0 0.0
1435291808.13
608.0 -7.8 15.0 1.0 0.0 0.0 0.0
1435291808.16
608.0 -7.8 15.0 1.0 0.0 0.0 0.0
1435291808.19
608.0 -7.8 15.0 1.0 0.0 0.0 0.0
1435291808.22
608.0 -7.8 15.0 1.0 0.0 0.0 0.0
1435291808.25
608.0 -7.8 15.0 1.0 0.0 0.0 0.0
1435291808.28
608.0 -7.8 15.0 1.0 0.0 0.0 0.0
1435291808.31
608.0 -7.8 15.0 1.0 0.0 0.0 0.0
1435291808.34
608.0 -7.8 15.0 1.0 0.0 0.0 0.0
1435291808.37
608.0 -7.8 15.0 1.0 0.0 0.0 0.0
1435291808.4
608.0 -7.8 15.0 1.0 0.0 0.0 0.0
1435291808.43
608.0 -7.8 15.0 1.0 0.0 0.0 0.0
1435291808.46
608.0 -7.8 15.0 1.0 0.0 0.0 0.0
1435291808.49
608.0 -7.8 15.0 1.0 0.0 0.0 0.0
1435291808.52
608.0 -7.8 15.0 1.0 0.0 0.0 0.0
1435291808.55
608.0 -7.8 15.0 1.0 0.0 0.0 0.0
1435291808.58
608.0 -7.8 15.0 1.0 0.0 0.0 0.0
1435291808.61
608.0 -7.8 15.0 1.0 0.0 0.0 0.0
1435291808.64
608.0 -7.8 15.0 1.0 0.0 0.0 0.0
1435291808.67
608.0 -7.8 15.0 1.0 0.0 0.0 0.0
1435291808.7
608.0 -7.8 15.0 1.0 0.0 0.0 0.0
1435291808.73
608.0 -7.8 15.0 1.0 0.0 0.0 0.0
1435291808.76
608.0 -7.8 15.0 1.0 0.0 0.0 0.0
1435291808.79
608.0 -7.8 15.0 1.0 0.0 0.0 0.0
1435291808.82
608.0 -7.8 15.0 1.0 0.0 0.0 0.0
1435291808.85
608.0 -7.8 15.0 1.0 0.0 0.0 0.0
1435291808.88
608.0 -7.8 15.0 1.0 0.0 0.0 0.0
1435291808.91
608.0 -7.8 15.0 1.0 0.0 0.0 0.0
1435291808.94
608.0 -7.8 15.0 1.0 0.0 0.0 0.0
1435291808.97
608.0 -7.8 15.0 1.0 0.0 0.0 0.0
1435291809.0
608.0 -7.8 15.0 1.0 0.0 0.0 0.0
