1435293013.75
500.0 0.0 15.0 1.0 0.0 0.0 0.0
1435293013.78
500.0 0.0 15.0 1.0 0.0 0.0 0.0
1435293013.81
500.0 0.0 15.0 1.0 0.0 0.0 0.0
1435293013.84
500.0 0.0 15.0 1.0 0.0 0.0 0.0
1435293013.87
500.0 0.0 15.0 1.0 0.0 0.0 0.0
1435293013.9
500.0 0.0 15.0 1.0 0.0 0.0 0.0
1435293013.93
500.0 0.0 15.0 1.0 0.0 0.0 0.0
1435293013.96
500.0 0.0 15.0 1.0 0.0 0.0 0.0
1435293013.99
500.0 0.0 15.0 1.0 0.0 0.0 0.0
1435293014.02
500.0 0.0 15.0 1.0 0.0 0.0 0.0
1435293014.05
500.0 0.0 15.0 1.0 0.0 0.0 0.0
1435293014.08
500.0 0.0 15.0 1.0 0.0 0.0 0.0
1435293014.11
500.0 0.0 15.0 1.0 0.0 0.0 0.0
1435293014.14
500.0 0.0 15.0 1.0 0.0 0.0 0.0
1435293014.17
500.0 0.0 15.0 1.0 0.0 0.0 0.0
1435293014.2
500.0 0.0 15.0 1.0 0.0 0.0 0.0
1435293014.23
500.0 0.0 15.0 1.0 0.0 0.0 0.0
1435293014.26
500.0 0.0 15.0 1.0 0.0 0.0 0.0
1435293014.29
500.1 0.0 15.0 1.0 0.0 0.0 0.0
1435293014.32
500.2 0.0 15.0 1.0 0.0 0.0 0.0
1435293014.35
500.3 -0.1 15.0 1.0 0.0 0.0 0.0
1435293014.38
500.5 -0.1 15.0 1.0 0.0 0.0 0.0
1435293014.41
500.6 -0.2 15.0 1.0 0.0 0.0 0.0
1435293014.44
500.7 -0.2 15.0 1.0 0.0 0.0 0.0
1435293014.47
500.9 -0.3 15.0 1.0 0.0 0.0 0.0
1435293014.5
501.0 -0.3 15.0 1.0 0.0 0.0 0.0
1435293014.53
501.2 -0.4 15.0 1.0 0.0 0.0 0.0
1435293014.56
501.3 -0.5 15.0 1.0 0.0 0.0 0.0
1435293014.59
501.4 -0.5 15.0 1.0 0.0 0.0 0.0
1435293014.62
501.6 -0.6 15.0 1.0 0.0 0.0 0.0
1435293014.66
501.7 -0.6 15.0 1.0 0.0 0.0 0.0
1435293014.68
501.9 -0.7 15.0 1.0 0.0 0.0 0.0
1435293014.72
502.0 -0.7 15.0 1.0 0.0 0.0 0.0
1435293014.75
502.2 -0.8 15.0 1.0 0.0 0.0 0.0
1435293014.78
502.3 -0.8 15.0 1.0 0.0 0.0 0.0
1435293014.81
502.5 -0.9 15.0 1.0 0.0 0.0 0.0
1435293014.84
502.6 -0.9 15.0 1.0 0.0 0.0 0.0
1435293014.86
502.7 -1.0 15.0 1.0 0.0 0.0 0.0
1435293014.9
502.9 -1.0 15.0 1.0 0.0 0.0 0.0
1435293014.93
503.0 -1.1 15.0 1.0 0.0 0.0 0.0
1435293014.96
503.1 -1.1 15.0 1.0 0.0 0.0 0.0
1435293014.99
503.3 -1.2 15.0 1.0 0.0 0.0 0.0
1435293015.02
503.4 -1.3 15.0 1.0 0.0 0.0 0.0
1435293015.05
503.6 -1.3 15.0 1.0 0.0 0.0 0.0
1435293015.08
503.7 -1.4 15.0 1.0 0.0 0.0 0.0
1435293015.11
503.9 -1.4 15.0 1.0 0.0 0.0 0.0
1435293015.14
504.0 -1.5 15.0 1.0 0.0 0.0 0.0
1435293015.17
504.2 -1.5 15.0 1.0 0.0 0.0 0.0
1435293015.2
504.3 -1.6 15.0 1.0 0.0 0.0 0.0
1435293015.23
504.4 -1.6 15.0 1.0 0.0 0.0 0.0
1435293015.26
504.6 -1.7 15.0 1.0 0.0 0.0 0.0
1435293015.29
504.7 -1.7 15.0 1.0 0.0 0.0 0.0
1435293015.32
504.9 -1.8 15.0 1.0 0.0 0.0 0.0
1435293015.35
505.0 -1.8 15.0 1.0 0.0 0.0 0.0
1435293015.38
505.1 -1.9 15.0 1.0 0.0 0.0 0.0
1435293015.41
505.3 -1.9 15.0 1.0 0.0 0.0 0.0
1435293015.44
505.4 -2.0 15.0 1.0 0.0 0.0 0.0
1435293015.47
505.6 -2.0 15.0 1.0 0.0 0.0 0.0
1435293015.5
505.7 -2.1 15.0 1.0 0.0 0.0 0.0
1435293015.53
505.9 -2.1 15.0 1.0 0.0 0.0 0.0
1435293015.56
506.0 -2.2 15.0 1.0 0.0 0.0 0.0
1435293015.59
506.1 -2.3 15.0 1.0 0.0 0.0 0.0
1435293015.62
506.3 -2.3 15.0 1.0 0.0 0.0 0.0
1435293015.65
506.4 -2.4 15.0 1.0 0.0 0.0 0.0
1435293015.68
506.6 -2.4 15.0 1.0 0.0 0.0 0.0
1435293015.71
506.7 -2.5 15.0 1.0 0.0 0.0 0.0
1435293015.74
506.8 -2.5 15.0 1.0 0.0 0.0 0.0
1435293015.77
507.0 -2.6 15.0 1.0 0.0 0.0 0.0
1435293015.8
507.1 -2.6 15.0 1.0 0.0 0.0 0.0
1435293015.83
507.3 -2.7 15.0 1.0 0.0 0.0 0.0
1435293015.87
507.4 -2.7 15.0 1.0 0.0 0.0 0.0
1435293015.89
507.6 -2.8 15.0 1.0 0.0 0.0 0.0
1435293015.93
507.7 -2.8 15.0 1.0 0.0 0.0 0.0
1435293015.96
507.8 -2.9 15.0 1.0 0.0 0.0 0.0
1435293015.99
508.0 -2.9 15.0 1.0 0.0 0.0 0.0
1435293016.01
508.1 -3.0 15.0 1.0 0.0 0.0 0.0
1435293016.05
508.3 -3.0 15.0 1.0 0.0 0.0 0.0
1435293016.07
508.4 -3.1 15.0 1.0 0.0 0.0 0.0
1435293016.11
508.5 -3.1 15.0 1.0 0.0 0.0 0.0
1435293016.13
508.7 -3.2 15.0 1.0 0.0 0.0 0.0
1435293016.17
508.8 -3.2 15.0 1.0 0.0 0.0 0.0
1435293016.19
509.0 -3.3 15.0 1.0 0.0 0.0 0.0
1435293016.23
509.1 -3.3 15.0 1.0 0.0 0.0 0.0
1435293016.26
509.3 -3.4 15.0 1.0 0.0 0.0 0.0
1435293016.29
509.4 -3.4 15.0 1.0 0.0 0.0 0.0
1435293016.32
509.6 -3.5 15.0 1.0 0.0 0.0 0.0
1435293016.35
509.7 -3.6 15.0 1.0 0.0 0.0 0.0
1435293016.38
509.9 -3.6 15.0 1.0 0.0 0.0 0.0
1435293016.41
510.0 -3.7 15.0 1.0 0.0 0.0 0.0
1435293016.45
510.1 -3.7 15.0 1.0 0.0 0.0 0.0
1435293016.47
510.3 -3.8 15.0 1.0 0.0 0.0 0.0
1435293016.51
510.4 -3.8 15.0 1.0 0.0 0.0 0.0
1435293016.53
510.6 -3.9 15.0 1.0 0.0 0.0 0.0
1435293016.57
510.7 -3.9 15.0 1.0 0.0 0.0 0.0
1435293016.59
510.8 -4.0 15.0 1.0 0.0 0.0 0.0
1435293016.63
511.0 -4.0 15.0 1.0 0.0 0.0 0.0
1435293016.66
511.1 -4.1 15.0 1.0 0.0 0.0 0.0
1435293016.69
511.2 -4.1 15.0 1.0 0.0 0.0 0.0
1435293016.71
511.2 -4.1 15.0 1.0 0.0 0.0 0.0
1435293016.75
511.2 -4.1 15.0 1.0 0.0 0.0 0.0
1435293016.78
511.2 -4.1 15.0 1.0 0.0 0.0 0.0
1435293016.81
511.2 -4.1 15.0 1.0 0.0 0.0 0.0
1435293016.83
511.2 -4.1 15.0 1.0 0.0 0.0 0.0
1435293016.87
511.2 -4.1 15.0 1.0 0.0 0.0 0.0
1435293016.89
511.2 -4.1 15.0 1.0 0.0 0.0 0.0
1435293016.93
511.2 -4.1 15.0 1.0 0.0 0.0 0.0
1435293016.96
511.2 -4.1 15.0 1.0 0.0 0.0 0.0
1435293016.99
511.2 -4.1 15.0 1.0 0.0 0.0 0.0
1435293017.02
511.2 -4.1 15.0 1.0 0.0 0.0 0.0
1435293017.05
511.2 -4.1 15.0 1.0 0.0 0.0 0.0
1435293017.08
511.2 -4.1 15.0 1.0 0.0 0.0 0.0
1435293017.11
511.2 -4.1 15.0 1.0 0.0 0.0 0.0
1435293017.14
511.2 -4.1 15.0 1.0 0.0 0.0 0.0
1435293017.17
511.2 -4.1 15.0 1.0 0.0 0.0 0.0
1435293017.2
511.2 -4.1 15.0 1.0 0.0 0.0 0.0
1435293017.23
511.2 -4.1 15.0 1.0 0.0 0.0 0.0
1435293017.26
511.2 -4.1 15.0 1.0 0.0 0.0 0.0
1435293017.28
511.2 -4.1 15.0 1.0 0.0 0.0 0.0
1435293017.32
511.2 -4.1 15.0 1.0 0.0 0.0 0.0
1435293017.35
511.2 -4.1 15.0 1.0 0.0 0.0 0.0
1435293017.37
511.2 -4.1 15.0 1.0 0.0 0.0 0.0
1435293017.41
511.1 -4.1 15.0 1.0 0.0 0.0 0.0
1435293017.44
510.9 -4.1 15.0 1.0 0.0 0.0 0.0
1435293017.47
510.8 -4.0 15.0 1.0 0.0 0.0 0.0
1435293017.5
510.6 -4.0 15.0 1.0 0.0 0.0 0.0
1435293017.53
510.5 -3.9 15.0 1.0 0.0 0.0 0.0
1435293017.56
510.3 -3.9 15.0 1.0 0.0 0.0 0.0
1435293017.59
510.2 -3.8 15.0 1.0 0.0 0.0 0.0
1435293017.62
510.1 -3.8 15.0 1.0 0.0 0.0 0.0
1435293017.65
509.9 -3.7 15.0 1.0 0.0 0.0 0.0
1435293017.68
509.8 -3.6 15.0 1.0 0.0 0.0 0.0
1435293017.71
509.8 -3.5 15.0 1.0 0.0 0.0 0.0
1435293017.74
509.9 -3.4 15.0 1.0 0.0 0.0 0.0
1435293017.77
510.0 -3.3 15.0 1.0 0.0 0.0 0.0
1435293017.8
510.1 -3.2 15.0 1.0 0.0 0.0 0.0
1435293017.83
510.1 -3.1 15.0 1.0 0.0 0.0 0.0
1435293017.86
510.2 -2.9 15.0 1.0 0.0 0.0 0.0
1435293017.89
510.3 -2.8 15.0 1.0 0.0 0.0 0.0
1435293017.92
510.4 -2.7 15.0 1.0 0.0 0.0 0.0
1435293017.95
510.5 -2.6 15.0 1.0 0.0 0.0 0.0
1435293017.98
510.6 -2.5 15.0 1.0 0.0 0.0 0.0
1435293018.02
510.7 -2.4 15.0 1.0 0.0 0.0 0.0
1435293018.05
510.8 -2.2 15.0 1.0 0.0 0.0 0.0
1435293018.08
510.9 -2.1 15.0 1.0 0.0 0.0 0.0
1435293018.1
511.0 -2.0 15.0 1.0 0.0 0.0 0.0
1435293018.14
511.1 -1.9 15.0 1.0 0.0 0.0 0.0
1435293018.17
511.2 -1.8 15.0 1.0 0.0 0.0 0.0
1435293018.2
511.3 -1.6 15.0 1.0 0.0 0.0 0.0
1435293018.23
511.4 -1.5 15.0 1.0 0.0 0.0 0.0
1435293018.26
511.5 -1.4 15.0 1.0 0.0 0.0 0.0
1435293018.29
511.6 -1.3 15.0 1.0 0.0 0.0 0.0
1435293018.32
511.7 -1.2 15.0 1.0 0.0 0.0 0.0
1435293018.36
511.7 -1.0 15.0 1.0 0.0 0.0 0.0
1435293018.38
511.8 -0.9 15.0 1.0 0.0 0.0 0.0
1435293018.42
511.9 -0.8 15.0 1.0 0.0 0.0 0.0
1435293018.44
512.0 -0.7 15.0 1.0 0.0 0.0 0.0
1435293018.48
512.1 -0.6 15.0 1.0 0.0 0.0 0.0
1435293018.5
512.2 -0.4 15.0 1.0 0.0 0.0 0.0
1435293018.54
512.3 -0.3 15.0 1.0 0.0 0.0 0.0
1435293018.56
512.4 -0.2 15.0 1.0 0.0 0.0 0.0
1435293018.6
512.5 -0.1 15.0 1.0 0.0 0.0 0.0
1435293018.63
512.5 -0.1 15.0 1.0 0.0 0.0 0.0
1435293018.66
512.5 -0.1 15.0 1.0 0.0 0.0 0.0
1435293018.69
512.5 -0.1 15.0 1.0 0.0 0.0 0.0
1435293018.72
512.5 -0.1 15.0 1.0 0.0 0.0 0.0
1435293018.75
512.5 -0.1 15.0 1.0 0.0 0.0 0.0
1435293018.78
512.5 -0.1 15.0 1.0 0.0 0.0 0.0
1435293018.81
512.5 -0.1 15.0 1.0 0.0 0.0 0.0
1435293018.84
512.5 -0.1 15.0 1.0 0.0 0.0 0.0
1435293018.87
512.5 -0.1 15.0 1.0 0.0 0.0 0.0
1435293018.9
512.5 -0.1 15.0 1.0 0.0 0.0 0.0
1435293018.93
512.5 -0.1 15.0 1.0 0.0 0.0 0.0
1435293018.96
512.5 -0.1 15.0 1.0 0.0 0.0 0.0
1435293018.99
512.5 -0.1 15.0 1.0 0.0 0.0 0.0
1435293019.02
512.5 -0.1 15.0 1.0 0.0 0.0 0.0
1435293019.05
512.5 -0.1 15.0 1.0 0.0 0.0 0.0
1435293019.09
512.5 -0.1 15.0 1.0 0.0 0.0 0.0
1435293019.11
512.5 -0.1 15.0 1.0 0.0 0.0 0.0
1435293019.14
512.5 -0.1 15.0 1.0 0.0 0.0 0.0
1435293019.17
512.5 -0.1 15.0 1.0 0.0 0.0 0.0
1435293019.2
512.5 -0.1 15.0 1.0 0.0 0.0 0.0
1435293019.23
512.5 -0.1 15.0 1.0 0.0 0.0 0.0
1435293019.27
512.5 -0.1 15.0 1.0 0.0 0.0 0.0
1435293019.3
512.5 -0.1 15.0 1.0 0.0 0.0 0.0
1435293019.32
512.5 -0.1 15.0 1.0 0.0 0.0 0.0
1435293019.36
512.4 -0.2 15.0 1.0 0.0 0.0 0.0
1435293019.38
512.4 -0.3 15.0 1.0 0.0 0.0 0.0
1435293019.42
512.4 -0.4 15.0 1.0 0.0 0.0 0.0
1435293019.45
512.4 -0.6 15.0 1.0 0.0 0.0 0.0
1435293019.48
512.5 -0.7 15.0 1.0 0.0 0.0 0.0
1435293019.51
512.6 -0.8 15.0 1.0 0.0 0.0 0.0
1435293019.54
512.7 -0.8 15.0 1.0 0.0 0.0 0.0
1435293019.57
512.8 -0.9 15.0 1.0 0.0 0.0 0.0
1435293019.6
513.0 -1.0 15.0 1.0 0.0 0.0 0.0
1435293019.62
513.1 -1.1 15.0 1.0 0.0 0.0 0.0
1435293019.66
513.2 -1.2 15.0 1.0 0.0 0.0 0.0
1435293019.69
513.3 -1.2 15.0 1.0 0.0 0.0 0.0
1435293019.72
513.5 -1.3 15.0 1.0 0.0 0.0 0.0
1435293019.75
513.6 -1.4 15.0 1.0 0.0 0.0 0.0
1435293019.78
513.7 -1.5 15.0 1.0 0.0 0.0 0.0
1435293019.81
513.9 -1.6 15.0 1.0 0.0 0.0 0.0
1435293019.84
514.0 -1.6 15.0 1.0 0.0 0.0 0.0
1435293019.87
514.1 -1.7 15.0 1.0 0.0 0.0 0.0
1435293019.9
514.2 -1.8 15.0 1.0 0.0 0.0 0.0
1435293019.93
514.4 -1.9 15.0 1.0 0.0 0.0 0.0
1435293019.96
514.5 -2.0 15.0 1.0 0.0 0.0 0.0
1435293019.99
514.6 -2.1 15.0 1.0 0.0 0.0 0.0
1435293020.02
514.7 -2.1 15.0 1.0 0.0 0.0 0.0
1435293020.05
514.9 -2.2 15.0 1.0 0.0 0.0 0.0
1435293020.08
515.0 -2.3 15.0 1.0 0.0 0.0 0.0
1435293020.11
515.2 -2.4 15.0 1.0 0.0 0.0 0.0
1435293020.14
515.3 -2.5 15.0 1.0 0.0 0.0 0.0
1435293020.17
515.4 -2.5 15.0 1.0 0.0 0.0 0.0
1435293020.2
515.5 -2.6 15.0 1.0 0.0 0.0 0.0
1435293020.23
515.6 -2.7 15.0 1.0 0.0 0.0 0.0
1435293020.26
515.8 -2.8 15.0 1.0 0.0 0.0 0.0
1435293020.29
515.9 -2.9 15.0 1.0 0.0 0.0 0.0
1435293020.32
516.0 -2.9 15.0 1.0 0.0 0.0 0.0
1435293020.35
516.2 -3.0 15.0 1.0 0.0 0.0 0.0
1435293020.38
516.3 -3.1 15.0 1.0 0.0 0.0 0.0
1435293020.41
516.4 -3.2 15.0 1.0 0.0 0.0 0.0
1435293020.44
516.5 -3.3 15.0 1.0 0.0 0.0 0.0
1435293020.47
516.7 -3.3 15.0 1.0 0.0 0.0 0.0
1435293020.5
516.8 -3.4 15.0 1.0 0.0 0.0 0.0
1435293020.54
517.0 -3.5 15.0 1.0 0.0 0.0 0.0
1435293020.57
517.1 -3.6 15.0 1.0 0.0 0.0 0.0
1435293020.6
517.2 -3.7 15.0 1.0 0.0 0.0 0.0
1435293020.63
517.3 -3.8 15.0 1.0 0.0 0.0 0.0
1435293020.66
517.5 -3.8 15.0 1.0 0.0 0.0 0.0
1435293020.69
517.6 -3.9 15.0 1.0 0.0 0.0 0.0
1435293020.72
517.7 -4.0 15.0 1.0 0.0 0.0 0.0
1435293020.75
517.8 -4.1 15.0 1.0 0.0 0.0 0.0
1435293020.78
518.0 -4.2 15.0 1.0 0.0 0.0 0.0
1435293020.81
518.1 -4.2 15.0 1.0 0.0 0.0 0.0
1435293020.84
518.2 -4.3 15.0 1.0 0.0 0.0 0.0
1435293020.87
518.4 -4.4 15.0 1.0 0.0 0.0 0.0
1435293020.9
518.5 -4.5 15.0 1.0 0.0 0.0 0.0
1435293020.93
518.6 -4.6 15.0 1.0 0.0 0.0 0.0
1435293020.96
518.8 -4.7 15.0 1.0 0.0 0.0 0.0
1435293021.0
518.9 -4.7 15.0 1.0 0.0 0.0 0.0
1435293021.02
519.0 -4.8 15.0 1.0 0.0 0.0 0.0
1435293021.05
519.1 -4.9 15.0 1.0 0.0 0.0 0.0
1435293021.08
519.2 -5.0 15.0 1.0 0.0 0.0 0.0
1435293021.12
519.4 -5.1 15.0 1.0 0.0 0.0 0.0
1435293021.14
519.5 -5.1 15.0 1.0 0.0 0.0 0.0
1435293021.17
519.6 -5.2 15.0 1.0 0.0 0.0 0.0
1435293021.2
519.8 -5.3 15.0 1.0 0.0 0.0 0.0
1435293021.24
519.9 -5.4 15.0 1.0 0.0 0.0 0.0
1435293021.26
520.0 -5.4 15.0 1.0 0.0 0.0 0.0
1435293021.3
520.1 -5.5 15.0 1.0 0.0 0.0 0.0
1435293021.32
520.3 -5.6 15.0 1.0 0.0 0.0 0.0
1435293021.35
520.4 -5.7 15.0 1.0 0.0 0.0 0.0
1435293021.38
520.5 -5.8 15.0 1.0 0.0 0.0 0.0
1435293021.42
520.7 -5.8 15.0 1.0 0.0 0.0 0.0
1435293021.44
520.8 -5.9 15.0 1.0 0.0 0.0 0.0
1435293021.47
520.9 -6.0 15.0 1.0 0.0 0.0 0.0
1435293021.5
521.1 -6.1 15.0 1.0 0.0 0.0 0.0
1435293021.53
521.2 -6.2 15.0 1.0 0.0 0.0 0.0
1435293021.56
521.3 -6.3 15.0 1.0 0.0 0.0 0.0
1435293021.59
521.4 -6.3 15.0 1.0 0.0 0.0 0.0
1435293021.62
521.5 -6.4 15.0 1.0 0.0 0.0 0.0
1435293021.65
521.6 -6.5 15.0 1.0 0.0 0.0 0.0
1435293021.68
521.7 -6.5 15.0 1.0 0.0 0.0 0.0
1435293021.72
521.7 -6.5 15.0 1.0 0.0 0.0 0.0
1435293021.74
521.7 -6.5 15.0 1.0 0.0 0.0 0.0
1435293021.78
521.7 -6.5 15.0 1.0 0.0 0.0 0.0
1435293021.8
521.7 -6.5 15.0 1.0 0.0 0.0 0.0
1435293021.84
521.7 -6.5 15.0 1.0 0.0 0.0 0.0
1435293021.87
521.7 -6.5 15.0 1.0 0.0 0.0 0.0
1435293021.9
521.7 -6.5 15.0 1.0 0.0 0.0 0.0
1435293021.92
521.7 -6.5 15.0 1.0 0.0 0.0 0.0
1435293021.96
521.7 -6.5 15.0 1.0 0.0 0.0 0.0
1435293021.98
521.7 -6.5 15.0 1.0 0.0 0.0 0.0
1435293022.02
521.7 -6.5 15.0 1.0 0.0 0.0 0.0
1435293022.04
521.7 -6.5 15.0 1.0 0.0 0.0 0.0
1435293022.08
521.7 -6.5 15.0 1.0 0.0 0.0 0.0
1435293022.1
521.7 -6.5 15.0 1.0 0.0 0.0 0.0
1435293022.14
521.7 -6.5 15.0 1.0 0.0 0.0 0.0
1435293022.16
521.7 -6.5 15.0 1.0 0.0 0.0 0.0
1435293022.2
521.7 -6.5 15.0 1.0 0.0 0.0 0.0
1435293022.22
521.7 -6.5 15.0 1.0 0.0 0.0 0.0
1435293022.26
521.7 -6.5 15.0 1.0 0.0 0.0 0.0
1435293022.3
521.7 -6.5 15.0 1.0 0.0 0.0 0.0
1435293022.33
521.7 -6.5 15.0 1.0 0.0 0.0 0.0
1435293022.36
521.7 -6.5 15.0 1.0 0.0 0.0 0.0
1435293022.39
521.7 -6.5 15.0 1.0 0.0 0.0 0.0
1435293022.42
521.6 -6.5 15.0 1.0 0.0 0.0 0.0
1435293022.45
521.5 -6.4 15.0 1.0 0.0 0.0 0.0
1435293022.48
521.4 -6.3 15.0 1.0 0.0 0.0 0.0
1435293022.51
521.2 -6.2 15.0 1.0 0.0 0.0 0.0
1435293022.54
521.1 -6.1 15.0 1.0 0.0 0.0 0.0
1435293022.57
521.0 -6.0 15.0 1.0 0.0 0.0 0.0
1435293022.6
520.9 -5.9 15.0 1.0 0.0 0.0 0.0
1435293022.63
520.8 -5.8 15.0 1.0 0.0 0.0 0.0
1435293022.66
520.7 -5.7 15.0 1.0 0.0 0.0 0.0
1435293022.69
520.6 -5.6 15.0 1.0 0.0 0.0 0.0
1435293022.72
520.6 -5.5 15.0 1.0 0.0 0.0 0.0
1435293022.75
520.7 -5.4 15.0 1.0 0.0 0.0 0.0
1435293022.78
520.8 -5.3 15.0 1.0 0.0 0.0 0.0
1435293022.81
520.9 -5.1 15.0 1.0 0.0 0.0 0.0
1435293022.85
521.0 -5.0 15.0 1.0 0.0 0.0 0.0
1435293022.87
521.1 -4.9 15.0 1.0 0.0 0.0 0.0
1435293022.91
521.2 -4.8 15.0 1.0 0.0 0.0 0.0
1435293022.94
521.3 -4.7 15.0 1.0 0.0 0.0 0.0
1435293022.97
521.4 -4.6 15.0 1.0 0.0 0.0 0.0
1435293023.0
521.5 -4.5 15.0 1.0 0.0 0.0 0.0
1435293023.03
521.6 -4.4 15.0 1.0 0.0 0.0 0.0
1435293023.06
521.7 -4.3 15.0 1.0 0.0 0.0 0.0
1435293023.09
521.8 -4.1 15.0 1.0 0.0 0.0 0.0
1435293023.12
521.9 -4.0 15.0 1.0 0.0 0.0 0.0
1435293023.15
522.0 -3.9 15.0 1.0 0.0 0.0 0.0
1435293023.18
522.1 -3.8 15.0 1.0 0.0 0.0 0.0
1435293023.21
522.2 -3.7 15.0 1.0 0.0 0.0 0.0
1435293023.24
522.3 -3.6 15.0 1.0 0.0 0.0 0.0
1435293023.27
522.5 -3.5 15.0 1.0 0.0 0.0 0.0
1435293023.31
522.6 -3.4 15.0 1.0 0.0 0.0 0.0
1435293023.34
522.7 -3.2 15.0 1.0 0.0 0.0 0.0
1435293023.37
522.8 -3.1 15.0 1.0 0.0 0.0 0.0
1435293023.4
522.9 -3.0 15.0 1.0 0.0 0.0 0.0
1435293023.43
523.0 -2.9 15.0 1.0 0.0 0.0 0.0
1435293023.46
523.1 -2.8 15.0 1.0 0.0 0.0 0.0
1435293023.49
523.2 -2.7 15.0 1.0 0.0 0.0 0.0
1435293023.52
523.3 -2.6 15.0 1.0 0.0 0.0 0.0
1435293023.55
523.4 -2.5 15.0 1.0 0.0 0.0 0.0
1435293023.58
523.5 -2.3 15.0 1.0 0.0 0.0 0.0
1435293023.61
523.6 -2.2 15.0 1.0 0.0 0.0 0.0
1435293023.64
523.7 -2.1 15.0 1.0 0.0 0.0 0.0
1435293023.67
523.8 -2.0 15.0 1.0 0.0 0.0 0.0
1435293023.7
523.8 -2.0 15.0 1.0 0.0 0.0 0.0
1435293023.73
523.8 -2.0 15.0 1.0 0.0 0.0 0.0
1435293023.76
523.8 -2.0 15.0 1.0 0.0 0.0 0.0
1435293023.79
523.8 -2.0 15.0 1.0 0.0 0.0 0.0
1435293023.82
523.8 -2.0 15.0 1.0 0.0 0.0 0.0
1435293023.85
523.8 -2.0 15.0 1.0 0.0 0.0 0.0
1435293023.88
523.8 -2.0 15.0 1.0 0.0 0.0 0.0
1435293023.91
523.8 -2.0 15.0 1.0 0.0 0.0 0.0
1435293023.94
523.8 -2.0 15.0 1.0 0.0 0.0 0.0
1435293023.97
523.8 -2.0 15.0 1.0 0.0 0.0 0.0
1435293024.0
523.8 -2.0 15.0 1.0 0.0 0.0 0.0
1435293024.03
523.8 -2.0 15.0 1.0 0.0 0.0 0.0
1435293024.06
523.8 -2.0 15.0 1.0 0.0 0.0 0.0
1435293024.09
523.8 -2.0 15.0 1.0 0.0 0.0 0.0
1435293024.12
523.8 -2.0 15.0 1.0 0.0 0.0 0.0
1435293024.15
523.8 -2.0 15.0 1.0 0.0 0.0 0.0
1435293024.18
523.8 -2.0 15.0 1.0 0.0 0.0 0.0
1435293024.21
523.8 -2.0 15.0 1.0 0.0 0.0 0.0
1435293024.25
523.8 -2.0 15.0 1.0 0.0 0.0 0.0
1435293024.28
523.8 -2.0 15.0 1.0 0.0 0.0 0.0
1435293024.31
523.8 -2.0 15.0 1.0 0.0 0.0 0.0
1435293024.34
523.8 -2.0 15.0 1.0 0.0 0.0 0.0
1435293024.37
523.8 -2.0 15.0 1.0 0.0 0.0 0.0
1435293024.4
523.8 -2.1 15.0 1.0 0.0 0.0 0.0
1435293024.43
523.7 -2.1 15.0 1.0 0.0 0.0 0.0
1435293024.46
523.7 -2.3 15.0 1.0 0.0 0.0 0.0
1435293024.49
523.6 -2.4 15.0 1.0 0.0 0.0 0.0
1435293024.52
523.6 -2.5 15.0 1.0 0.0 0.0 0.0
1435293024.55
523.7 -2.5 15.0 1.0 0.0 0.0 0.0
1435293024.58
523.8 -2.6 15.0 1.0 0.0 0.0 0.0
1435293024.61
523.9 -2.6 15.0 1.0 0.0 0.0 0.0
1435293024.64
524.1 -2.6 15.0 1.0 0.0 0.0 0.0
1435293024.67
524.2 -2.6 15.0 1.0 0.0 0.0 0.0
1435293024.7
524.4 -2.6 15.0 1.0 0.0 0.0 0.0
1435293024.73
524.5 -2.6 15.0 1.0 0.0 0.0 0.0
1435293024.76
524.7 -2.6 15.0 1.0 0.0 0.0 0.0
1435293024.79
524.8 -2.6 15.0 1.0 0.0 0.0 0.0
1435293024.82
525.0 -2.6 15.0 1.0 0.0 0.0 0.0
1435293024.85
525.1 -2.6 15.0 1.0 0.0 0.0 0.0
1435293024.88
525.3 -2.6 15.0 1.0 0.0 0.0 0.0
1435293024.91
525.4 -2.6 15.0 1.0 0.0 0.0 0.0
1435293024.94
525.6 -2.6 15.0 1.0 0.0 0.0 0.0
1435293024.97
525.7 -2.6 15.0 1.0 0.0 0.0 0.0
1435293025.0
525.9 -2.6 15.0 1.0 0.0 0.0 0.0
1435293025.03
526.0 -2.6 15.0 1.0 0.0 0.0 0.0
1435293025.06
526.2 -2.6 15.0 1.0 0.0 0.0 0.0
1435293025.09
526.3 -2.6 15.0 1.0 0.0 0.0 0.0
1435293025.12
526.5 -2.6 15.0 1.0 0.0 0.0 0.0
1435293025.15
526.6 -2.6 15.0 1.0 0.0 0.0 0.0
1435293025.18
526.8 -2.6 15.0 1.0 0.0 0.0 0.0
1435293025.21
526.9 -2.6 15.0 1.0 0.0 0.0 0.0
1435293025.24
527.1 -2.6 15.0 1.0 0.0 0.0 0.0
1435293025.27
527.2 -2.6 15.0 1.0 0.0 0.0 0.0
1435293025.3
527.4 -2.7 15.0 1.0 0.0 0.0 0.0
1435293025.33
527.5 -2.7 15.0 1.0 0.0 0.0 0.0
1435293025.36
527.7 -2.7 15.0 1.0 0.0 0.0 0.0
1435293025.39
527.8 -2.7 15.0 1.0 0.0 0.0 0.0
1435293025.42
528.0 -2.7 15.0 1.0 0.0 0.0 0.0
1435293025.45
528.1 -2.7 15.0 1.0 0.0 0.0 0.0
1435293025.48
528.2 -2.7 15.0 1.0 0.0 0.0 0.0
1435293025.51
528.4 -2.7 15.0 1.0 0.0 0.0 0.0
1435293025.54
528.6 -2.7 15.0 1.0 0.0 0.0 0.0
1435293025.57
528.7 -2.7 15.0 1.0 0.0 0.0 0.0
1435293025.6
528.9 -2.7 15.0 1.0 0.0 0.0 0.0
1435293025.63
529.0 -2.7 15.0 1.0 0.0 0.0 0.0
1435293025.66
529.2 -2.7 15.0 1.0 0.0 0.0 0.0
1435293025.69
529.3 -2.7 15.0 1.0 0.0 0.0 0.0
1435293025.72
529.5 -2.7 15.0 1.0 0.0 0.0 0.0
1435293025.75
529.6 -2.7 15.0 1.0 0.0 0.0 0.0
1435293025.78
529.8 -2.7 15.0 1.0 0.0 0.0 0.0
1435293025.81
529.9 -2.7 15.0 1.0 0.0 0.0 0.0
1435293025.84
530.1 -2.7 15.0 1.0 0.0 0.0 0.0
1435293025.87
530.2 -2.7 15.0 1.0 0.0 0.0 0.0
1435293025.9
530.4 -2.7 15.0 1.0 0.0 0.0 0.0
1435293025.93
530.5 -2.7 15.0 1.0 0.0 0.0 0.0
1435293025.96
530.7 -2.7 15.0 1.0 0.0 0.0 0.0
1435293025.99
530.8 -2.7 15.0 1.0 0.0 0.0 0.0
1435293026.02
531.0 -2.7 15.0 1.0 0.0 0.0 0.0
1435293026.05
531.1 -2.7 15.0 1.0 0.0 0.0 0.0
1435293026.08
531.3 -2.7 15.0 1.0 0.0 0.0 0.0
1435293026.11
531.4 -2.7 15.0 1.0 0.0 0.0 0.0
1435293026.14
531.5 -2.7 15.0 1.0 0.0 0.0 0.0
1435293026.17
531.5 -2.7 15.0 1.0 0.0 0.0 0.0
1435293026.2
531.5 -2.7 15.0 1.0 0.0 0.0 0.0
1435293026.23
531.5 -2.7 15.0 1.0 0.0 0.0 0.0
1435293026.26
531.5 -2.7 15.0 1.0 0.0 0.0 0.0
1435293026.29
531.5 -2.7 15.0 1.0 0.0 0.0 0.0
1435293026.32
531.5 -2.7 15.0 1.0 0.0 0.0 0.0
1435293026.35
531.5 -2.7 15.0 1.0 0.0 0.0 0.0
1435293026.38
531.5 -2.7 15.0 1.0 0.0 0.0 0.0
1435293026.41
531.5 -2.7 15.0 1.0 0.0 0.0 0.0
1435293026.44
531.5 -2.7 15.0 1.0 0.0 0.0 0.0
1435293026.47
531.5 -2.7 15.0 1.0 0.0 0.0 0.0
1435293026.5
531.5 -2.7 15.0 1.0 0.0 0.0 0.0
1435293026.53
531.5 -2.7 15.0 1.0 0.0 0.0 0.0
1435293026.56
531.5 -2.7 15.0 1.0 0.0 0.0 0.0
1435293026.59
531.5 -2.7 15.0 1.0 0.0 0.0 0.0
1435293026.62
531.5 -2.7 15.0 1.0 0.0 0.0 0.0
1435293026.65
531.5 -2.7 15.0 1.0 0.0 0.0 0.0
1435293026.68
531.5 -2.7 15.0 1.0 0.0 0.0 0.0
1435293026.72
531.5 -2.7 15.0 1.0 0.0 0.0 0.0
1435293026.75
531.5 -2.7 15.0 1.0 0.0 0.0 0.0
1435293026.78
531.5 -2.7 15.0 1.0 0.0 0.0 0.0
1435293026.81
531.5 -2.7 15.0 1.0 0.0 0.0 0.0
1435293026.84
531.5 -2.7 15.0 1.0 0.0 0.0 0.0
1435293026.87
531.4 -2.7 15.0 1.0 0.0 0.0 0.0
1435293026.9
531.3 -2.7 15.0 1.0 0.0 0.0 0.0
1435293026.93
531.2 -2.7 15.0 1.0 0.0 0.0 0.0
1435293026.96
531.0 -2.7 15.0 1.0 0.0 0.0 0.0
1435293026.99
530.9 -2.7 15.0 1.0 0.0 0.0 0.0
1435293027.02
530.7 -2.7 15.0 1.0 0.0 0.0 0.0
1435293027.05
530.6 -2.6 15.0 1.0 0.0 0.0 0.0
1435293027.08
530.6 -2.6 15.0 1.0 0.0 0.0 0.0
1435293027.11
530.7 -2.5 15.0 1.0 0.0 0.0 0.0
1435293027.14
530.8 -2.5 15.0 1.0 0.0 0.0 0.0
1435293027.17
531.0 -2.4 15.0 1.0 0.0 0.0 0.0
1435293027.2
531.1 -2.3 15.0 1.0 0.0 0.0 0.0
1435293027.23
531.2 -2.3 15.0 1.0 0.0 0.0 0.0
1435293027.26
531.3 -2.2 15.0 1.0 0.0 0.0 0.0
1435293027.29
531.5 -2.1 15.0 1.0 0.0 0.0 0.0
1435293027.32
531.6 -2.0 15.0 1.0 0.0 0.0 0.0
1435293027.35
531.7 -1.9 15.0 1.0 0.0 0.0 0.0
1435293027.38
531.9 -1.9 15.0 1.0 0.0 0.0 0.0
1435293027.41
532.0 -1.8 15.0 1.0 0.0 0.0 0.0
1435293027.44
532.1 -1.7 15.0 1.0 0.0 0.0 0.0
1435293027.47
532.3 -1.6 15.0 1.0 0.0 0.0 0.0
1435293027.5
532.4 -1.6 15.0 1.0 0.0 0.0 0.0
1435293027.53
532.5 -1.5 15.0 1.0 0.0 0.0 0.0
1435293027.56
532.7 -1.4 15.0 1.0 0.0 0.0 0.0
1435293027.59
532.8 -1.4 15.0 1.0 0.0 0.0 0.0
1435293027.62
532.9 -1.3 15.0 1.0 0.0 0.0 0.0
1435293027.65
533.1 -1.2 15.0 1.0 0.0 0.0 0.0
1435293027.68
533.2 -1.2 15.0 1.0 0.0 0.0 0.0
1435293027.71
533.3 -1.1 15.0 1.0 0.0 0.0 0.0
1435293027.74
533.5 -1.0 15.0 1.0 0.0 0.0 0.0
1435293027.77
533.6 -0.9 15.0 1.0 0.0 0.0 0.0
1435293027.81
533.7 -0.9 15.0 1.0 0.0 0.0 0.0
1435293027.83
533.9 -0.8 15.0 1.0 0.0 0.0 0.0
1435293027.87
534.0 -0.7 15.0 1.0 0.0 0.0 0.0
1435293027.89
534.1 -0.6 15.0 1.0 0.0 0.0 0.0
1435293027.93
534.3 -0.6 15.0 1.0 0.0 0.0 0.0
1435293027.95
534.4 -0.5 15.0 1.0 0.0 0.0 0.0
1435293027.99
534.5 -0.4 15.0 1.0 0.0 0.0 0.0
1435293028.01
534.7 -0.4 15.0 1.0 0.0 0.0 0.0
1435293028.05
534.8 -0.3 15.0 1.0 0.0 0.0 0.0
1435293028.07
534.9 -0.2 15.0 1.0 0.0 0.0 0.0
1435293028.11
535.1 -0.2 15.0 1.0 0.0 0.0 0.0
1435293028.14
535.2 -0.1 15.0 1.0 0.0 0.0 0.0
1435293028.17
535.4 0.0 15.0 1.0 0.0 0.0 0.0
1435293028.2
535.5 0.1 15.0 1.0 0.0 0.0 0.0
1435293028.23
535.6 0.1 15.0 1.0 0.0 0.0 0.0
1435293028.26
535.7 0.2 15.0 1.0 0.0 0.0 0.0
1435293028.29
535.9 0.3 15.0 1.0 0.0 0.0 0.0
1435293028.32
536.0 0.3 15.0 1.0 0.0 0.0 0.0
1435293028.35
536.2 0.4 15.0 1.0 0.0 0.0 0.0
1435293028.38
536.3 0.5 15.0 1.0 0.0 0.0 0.0
1435293028.41
536.3 0.5 15.0 1.0 0.0 0.0 0.0
1435293028.44
536.3 0.5 15.0 1.0 0.0 0.0 0.0
1435293028.47
536.3 0.5 15.0 1.0 0.0 0.0 0.0
1435293028.5
536.3 0.5 15.0 1.0 0.0 0.0 0.0
1435293028.53
536.3 0.5 15.0 1.0 0.0 0.0 0.0
1435293028.56
536.3 0.5 15.0 1.0 0.0 0.0 0.0
1435293028.59
536.3 0.5 15.0 1.0 0.0 0.0 0.0
1435293028.62
536.3 0.5 15.0 1.0 0.0 0.0 0.0
1435293028.65
536.3 0.5 15.0 1.0 0.0 0.0 0.0
1435293028.68
536.3 0.5 15.0 1.0 0.0 0.0 0.0
1435293028.71
536.3 0.5 15.0 1.0 0.0 0.0 0.0
1435293028.74
536.3 0.5 15.0 1.0 0.0 0.0 0.0
1435293028.77
536.3 0.5 15.0 1.0 0.0 0.0 0.0
1435293028.8
536.3 0.5 15.0 1.0 0.0 0.0 0.0
1435293028.83
536.3 0.5 15.0 1.0 0.0 0.0 0.0
1435293028.86
536.3 0.5 15.0 1.0 0.0 0.0 0.0
1435293028.89
536.3 0.5 15.0 1.0 0.0 0.0 0.0
1435293028.92
536.3 0.5 15.0 1.0 0.0 0.0 0.0
1435293028.95
536.3 0.5 15.0 1.0 0.0 0.0 0.0
1435293028.98
536.3 0.5 15.0 1.0 0.0 0.0 0.0
1435293029.02
536.3 0.5 15.0 1.0 0.0 0.0 0.0
1435293029.06
536.3 0.5 15.0 1.0 0.0 0.0 0.0
1435293029.08
536.3 0.5 15.0 1.0 0.0 0.0 0.0
1435293029.11
536.3 0.5 15.0 1.0 0.0 0.0 0.0
1435293029.14
536.1 0.4 15.0 1.0 0.0 0.0 0.0
1435293029.18
536.0 0.4 15.0 1.0 0.0 0.0 0.0
1435293029.2
535.9 0.3 15.0 1.0 0.0 0.0 0.0
1435293029.24
535.9 0.2 15.0 1.0 0.0 0.0 0.0
1435293029.26
535.9 0.2 15.0 1.0 0.0 0.0 0.0
1435293029.29
535.9 0.2 15.0 1.0 0.0 0.0 0.0
1435293029.32
536.0 0.3 15.0 1.0 0.0 0.0 0.0
1435293029.36
536.2 0.3 15.0 1.0 0.0 0.0 0.0
1435293029.39
536.3 0.3 15.0 1.0 0.0 0.0 0.0
1435293029.42
536.4 0.4 15.0 1.0 0.0 0.0 0.0
1435293029.45
536.5 0.4 15.0 1.0 0.0 0.0 0.0
1435293029.48
536.7 0.5 15.0 1.0 0.0 0.0 0.0
1435293029.51
536.8 0.6 15.0 1.0 0.0 0.0 0.0
1435293029.54
537.0 0.6 15.0 1.0 0.0 0.0 0.0
1435293029.57
537.1 0.7 15.0 1.0 0.0 0.0 0.0
1435293029.6
537.2 0.8 15.0 1.0 0.0 0.0 0.0
1435293029.63
537.4 0.8 15.0 1.0 0.0 0.0 0.0
1435293029.66
537.5 0.9 15.0 1.0 0.0 0.0 0.0
1435293029.69
537.7 1.0 15.0 1.0 0.0 0.0 0.0
1435293029.72
537.8 1.0 15.0 1.0 0.0 0.0 0.0
1435293029.75
537.9 1.1 15.0 1.0 0.0 0.0 0.0
1435293029.78
538.1 1.2 15.0 1.0 0.0 0.0 0.0
1435293029.81
538.2 1.2 15.0 1.0 0.0 0.0 0.0
1435293029.84
538.3 1.3 15.0 1.0 0.0 0.0 0.0
1435293029.87
538.5 1.4 15.0 1.0 0.0 0.0 0.0
1435293029.9
538.6 1.4 15.0 1.0 0.0 0.0 0.0
1435293029.93
538.8 1.5 15.0 1.0 0.0 0.0 0.0
1435293029.96
538.9 1.5 15.0 1.0 0.0 0.0 0.0
1435293029.99
539.0 1.6 15.0 1.0 0.0 0.0 0.0
1435293030.02
539.2 1.7 15.0 1.0 0.0 0.0 0.0
1435293030.05
539.3 1.7 15.0 1.0 0.0 0.0 0.0
1435293030.08
539.4 1.8 15.0 1.0 0.0 0.0 0.0
1435293030.11
539.6 1.8 15.0 1.0 0.0 0.0 0.0
1435293030.14
539.7 1.9 15.0 1.0 0.0 0.0 0.0
1435293030.17
539.9 2.0 15.0 1.0 0.0 0.0 0.0
1435293030.2
540.0 2.0 15.0 1.0 0.0 0.0 0.0
1435293030.23
540.1 2.1 15.0 1.0 0.0 0.0 0.0
1435293030.26
540.2 2.2 15.0 1.0 0.0 0.0 0.0
1435293030.29
540.4 2.2 15.0 1.0 0.0 0.0 0.0
1435293030.32
540.5 2.3 15.0 1.0 0.0 0.0 0.0
1435293030.35
540.7 2.3 15.0 1.0 0.0 0.0 0.0
1435293030.38
540.8 2.4 15.0 1.0 0.0 0.0 0.0
1435293030.41
541.0 2.5 15.0 1.0 0.0 0.0 0.0
1435293030.44
541.1 2.5 15.0 1.0 0.0 0.0 0.0
1435293030.47
541.2 2.6 15.0 1.0 0.0 0.0 0.0
1435293030.5
541.3 2.6 15.0 1.0 0.0 0.0 0.0
1435293030.53
541.5 2.7 15.0 1.0 0.0 0.0 0.0
1435293030.56
541.6 2.8 15.0 1.0 0.0 0.0 0.0
1435293030.59
541.8 2.8 15.0 1.0 0.0 0.0 0.0
1435293030.62
541.9 2.9 15.0 1.0 0.0 0.0 0.0
1435293030.65
542.1 2.9 15.0 1.0 0.0 0.0 0.0
1435293030.68
542.2 3.0 15.0 1.0 0.0 0.0 0.0
1435293030.71
542.3 3.1 15.0 1.0 0.0 0.0 0.0
1435293030.74
542.5 3.1 15.0 1.0 0.0 0.0 0.0
1435293030.77
542.6 3.2 15.0 1.0 0.0 0.0 0.0
1435293030.8
542.7 3.3 15.0 1.0 0.0 0.0 0.0
1435293030.83
542.9 3.3 15.0 1.0 0.0 0.0 0.0
1435293030.86
543.0 3.4 15.0 1.0 0.0 0.0 0.0
1435293030.89
543.1 3.4 15.0 1.0 0.0 0.0 0.0
1435293030.92
543.3 3.5 15.0 1.0 0.0 0.0 0.0
1435293030.95
543.4 3.6 15.0 1.0 0.0 0.0 0.0
1435293030.98
543.5 3.6 15.0 1.0 0.0 0.0 0.0
1435293031.01
543.7 3.7 15.0 1.0 0.0 0.0 0.0
1435293031.04
543.8 3.8 15.0 1.0 0.0 0.0 0.0
1435293031.07
543.9 3.8 15.0 1.0 0.0 0.0 0.0
1435293031.1
544.1 3.9 15.0 1.0 0.0 0.0 0.0
1435293031.13
544.2 3.9 15.0 1.0 0.0 0.0 0.0
1435293031.16
544.4 4.0 15.0 1.0 0.0 0.0 0.0
1435293031.19
544.5 4.1 15.0 1.0 0.0 0.0 0.0
1435293031.22
544.6 4.1 15.0 1.0 0.0 0.0 0.0
1435293031.25
544.8 4.2 15.0 1.0 0.0 0.0 0.0
1435293031.28
544.9 4.2 15.0 1.0 0.0 0.0 0.0
1435293031.31
545.0 4.3 15.0 1.0 0.0 0.0 0.0
1435293031.34
545.2 4.4 15.0 1.0 0.0 0.0 0.0
1435293031.37
545.3 4.4 15.0 1.0 0.0 0.0 0.0
1435293031.4
545.5 4.5 15.0 1.0 0.0 0.0 0.0
1435293031.43
545.6 4.5 15.0 1.0 0.0 0.0 0.0
1435293031.47
545.7 4.6 15.0 1.0 0.0 0.0 0.0
1435293031.5
545.7 4.6 15.0 1.0 0.0 0.0 0.0
1435293031.53
545.7 4.6 15.0 1.0 0.0 0.0 0.0
1435293031.56
545.7 4.6 15.0 1.0 0.0 0.0 0.0
1435293031.59
545.7 4.6 15.0 1.0 0.0 0.0 0.0
1435293031.62
545.7 4.6 15.0 1.0 0.0 0.0 0.0
1435293031.65
545.7 4.6 15.0 1.0 0.0 0.0 0.0
1435293031.68
545.7 4.6 15.0 1.0 0.0 0.0 0.0
1435293031.71
545.7 4.6 15.0 1.0 0.0 0.0 0.0
1435293031.74
545.7 4.6 15.0 1.0 0.0 0.0 0.0
1435293031.77
545.7 4.6 15.0 1.0 0.0 0.0 0.0
1435293031.8
545.7 4.6 15.0 1.0 0.0 0.0 0.0
1435293031.83
545.7 4.6 15.0 1.0 0.0 0.0 0.0
1435293031.86
545.7 4.6 15.0 1.0 0.0 0.0 0.0
1435293031.89
545.7 4.6 15.0 1.0 0.0 0.0 0.0
1435293031.92
545.7 4.6 15.0 1.0 0.0 0.0 0.0
1435293031.95
545.7 4.6 15.0 1.0 0.0 0.0 0.0
1435293031.98
545.7 4.6 15.0 1.0 0.0 0.0 0.0
1435293032.01
545.7 4.6 15.0 1.0 0.0 0.0 0.0
1435293032.04
545.7 4.6 15.0 1.0 0.0 0.0 0.0
1435293032.08
545.7 4.6 15.0 1.0 0.0 0.0 0.0
1435293032.11
545.7 4.6 15.0 1.0 0.0 0.0 0.0
1435293032.13
545.7 4.6 15.0 1.0 0.0 0.0 0.0
1435293032.17
545.5 4.6 15.0 1.0 0.0 0.0 0.0
1435293032.2
545.4 4.6 15.0 1.0 0.0 0.0 0.0
1435293032.22
545.3 4.5 15.0 1.0 0.0 0.0 0.0
1435293032.25
545.1 4.5 15.0 1.0 0.0 0.0 0.0
1435293032.29
545.0 4.4 15.0 1.0 0.0 0.0 0.0
1435293032.32
544.8 4.3 15.0 1.0 0.0 0.0 0.0
1435293032.35
544.7 4.3 15.0 1.0 0.0 0.0 0.0
1435293032.38
544.6 4.2 15.0 1.0 0.0 0.0 0.0
1435293032.41
544.5 4.2 15.0 1.0 0.0 0.0 0.0
1435293032.43
544.6 4.2 15.0 1.0 0.0 0.0 0.0
1435293032.46
544.6 4.2 15.0 1.0 0.0 0.0 0.0
1435293032.49
544.7 4.3 15.0 1.0 0.0 0.0 0.0
1435293032.52
544.8 4.3 15.0 1.0 0.0 0.0 0.0
1435293032.56
545.0 4.4 15.0 1.0 0.0 0.0 0.0
1435293032.59
545.1 4.5 15.0 1.0 0.0 0.0 0.0
1435293032.62
545.2 4.6 15.0 1.0 0.0 0.0 0.0
1435293032.65
545.3 4.7 15.0 1.0 0.0 0.0 0.0
1435293032.68
545.4 4.8 15.0 1.0 0.0 0.0 0.0
1435293032.71
545.5 4.9 15.0 1.0 0.0 0.0 0.0
1435293032.74
545.7 5.0 15.0 1.0 0.0 0.0 0.0
1435293032.77
545.8 5.1 15.0 1.0 0.0 0.0 0.0
1435293032.8
545.9 5.2 15.0 1.0 0.0 0.0 0.0
1435293032.83
546.0 5.3 15.0 1.0 0.0 0.0 0.0
1435293032.86
546.1 5.4 15.0 1.0 0.0 0.0 0.0
1435293032.89
546.3 5.5 15.0 1.0 0.0 0.0 0.0
1435293032.91
546.4 5.6 15.0 1.0 0.0 0.0 0.0
1435293032.95
546.5 5.6 15.0 1.0 0.0 0.0 0.0
1435293032.98
546.6 5.7 15.0 1.0 0.0 0.0 0.0
1435293033.01
546.7 5.8 15.0 1.0 0.0 0.0 0.0
1435293033.03
546.9 5.9 15.0 1.0 0.0 0.0 0.0
1435293033.06
547.0 6.0 15.0 1.0 0.0 0.0 0.0
1435293033.1
547.1 6.1 15.0 1.0 0.0 0.0 0.0
1435293033.13
547.2 6.2 15.0 1.0 0.0 0.0 0.0
1435293033.16
547.3 6.3 15.0 1.0 0.0 0.0 0.0
1435293033.19
547.5 6.4 15.0 1.0 0.0 0.0 0.0
1435293033.21
547.6 6.5 15.0 1.0 0.0 0.0 0.0
1435293033.25
547.7 6.6 15.0 1.0 0.0 0.0 0.0
1435293033.28
547.9 6.7 15.0 1.0 0.0 0.0 0.0
1435293033.31
548.0 6.7 15.0 1.0 0.0 0.0 0.0
1435293033.34
548.1 6.8 15.0 1.0 0.0 0.0 0.0
1435293033.37
548.2 6.9 15.0 1.0 0.0 0.0 0.0
1435293033.4
548.3 7.0 15.0 1.0 0.0 0.0 0.0
1435293033.43
548.4 7.1 15.0 1.0 0.0 0.0 0.0
1435293033.46
548.6 7.2 15.0 1.0 0.0 0.0 0.0
1435293033.49
548.7 7.2 15.0 1.0 0.0 0.0 0.0
1435293033.52
548.8 7.3 15.0 1.0 0.0 0.0 0.0
1435293033.55
548.9 7.4 15.0 1.0 0.0 0.0 0.0
1435293033.58
549.1 7.5 15.0 1.0 0.0 0.0 0.0
1435293033.61
549.2 7.6 15.0 1.0 0.0 0.0 0.0
1435293033.64
549.3 7.7 15.0 1.0 0.0 0.0 0.0
1435293033.67
549.4 7.8 15.0 1.0 0.0 0.0 0.0
1435293033.7
549.5 7.9 15.0 1.0 0.0 0.0 0.0
1435293033.73
549.6 8.0 15.0 1.0 0.0 0.0 0.0
1435293033.76
549.8 8.1 15.0 1.0 0.0 0.0 0.0
1435293033.79
549.9 8.2 15.0 1.0 0.0 0.0 0.0
1435293033.82
550.0 8.3 15.0 1.0 0.0 0.0 0.0
1435293033.85
550.2 8.4 15.0 1.0 0.0 0.0 0.0
1435293033.88
550.3 8.4 15.0 1.0 0.0 0.0 0.0
1435293033.92
550.4 8.5 15.0 1.0 0.0 0.0 0.0
1435293033.94
550.5 8.6 15.0 1.0 0.0 0.0 0.0
1435293033.98
550.6 8.7 15.0 1.0 0.0 0.0 0.0
1435293034.0
550.8 8.8 15.0 1.0 0.0 0.0 0.0
1435293034.04
550.9 8.9 15.0 1.0 0.0 0.0 0.0
1435293034.06
551.0 9.0 15.0 1.0 0.0 0.0 0.0
1435293034.1
551.1 9.0 15.0 1.0 0.0 0.0 0.0
1435293034.12
551.3 9.2 15.0 1.0 0.0 0.0 0.0
1435293034.16
551.4 9.2 15.0 1.0 0.0 0.0 0.0
1435293034.18
551.5 9.3 15.0 1.0 0.0 0.0 0.0
1435293034.22
551.6 9.4 15.0 1.0 0.0 0.0 0.0
1435293034.25
551.8 9.5 15.0 1.0 0.0 0.0 0.0
1435293034.28
551.8 9.6 15.0 1.0 0.0 0.0 0.0
1435293034.3
552.0 9.7 15.0 1.0 0.0 0.0 0.0
1435293034.34
552.1 9.8 15.0 1.0 0.0 0.0 0.0
1435293034.36
552.2 9.9 15.0 1.0 0.0 0.0 0.0
1435293034.4
552.3 10.0 15.0 1.0 0.0 0.0 0.0
1435293034.42
552.5 10.0 15.0 1.0 0.0 0.0 0.0
1435293034.46
552.6 10.1 15.0 1.0 0.0 0.0 0.0
1435293034.48
552.7 10.2 15.0 1.0 0.0 0.0 0.0
1435293034.52
552.8 10.3 15.0 1.0 0.0 0.0 0.0
1435293034.54
552.9 10.4 15.0 1.0 0.0 0.0 0.0
1435293034.58
553.1 10.5 15.0 1.0 0.0 0.0 0.0
1435293034.61
553.2 10.6 15.0 1.0 0.0 0.0 0.0
1435293034.64
553.3 10.7 15.0 1.0 0.0 0.0 0.0
1435293034.67
553.4 10.8 15.0 1.0 0.0 0.0 0.0
1435293034.7
553.6 10.9 15.0 1.0 0.0 0.0 0.0
1435293034.73
553.7 11.0 15.0 1.0 0.0 0.0 0.0
1435293034.76
553.8 11.1 15.0 1.0 0.0 0.0 0.0
1435293034.79
553.9 11.1 15.0 1.0 0.0 0.0 0.0
1435293034.82
554.1 11.2 15.0 1.0 0.0 0.0 0.0
1435293034.85
554.2 11.3 15.0 1.0 0.0 0.0 0.0
1435293034.88
554.3 11.4 15.0 1.0 0.0 0.0 0.0
1435293034.91
554.4 11.5 15.0 1.0 0.0 0.0 0.0
1435293034.94
554.5 11.6 15.0 1.0 0.0 0.0 0.0
1435293034.97
554.7 11.7 15.0 1.0 0.0 0.0 0.0
1435293035.0
554.8 11.7 15.0 1.0 0.0 0.0 0.0
1435293035.03
554.9 11.8 15.0 1.0 0.0 0.0 0.0
1435293035.06
555.0 11.9 15.0 1.0 0.0 0.0 0.0
1435293035.09
555.1 12.0 15.0 1.0 0.0 0.0 0.0
1435293035.12
555.3 12.1 15.0 1.0 0.0 0.0 0.0
1435293035.15
555.4 12.2 15.0 1.0 0.0 0.0 0.0
1435293035.18
555.5 12.3 15.0 1.0 0.0 0.0 0.0
1435293035.21
555.6 12.4 15.0 1.0 0.0 0.0 0.0
1435293035.24
555.7 12.5 15.0 1.0 0.0 0.0 0.0
1435293035.27
555.9 12.6 15.0 1.0 0.0 0.0 0.0
1435293035.3
556.0 12.7 15.0 1.0 0.0 0.0 0.0
1435293035.33
556.1 12.8 15.0 1.0 0.0 0.0 0.0
1435293035.36
556.2 12.8 15.0 1.0 0.0 0.0 0.0
1435293035.39
556.4 12.9 15.0 1.0 0.0 0.0 0.0
1435293035.42
556.5 13.0 15.0 1.0 0.0 0.0 0.0
1435293035.45
556.6 13.1 15.0 1.0 0.0 0.0 0.0
1435293035.48
556.7 13.2 15.0 1.0 0.0 0.0 0.0
1435293035.51
556.8 13.3 15.0 1.0 0.0 0.0 0.0
1435293035.54
556.9 13.4 15.0 1.0 0.0 0.0 0.0
1435293035.57
557.0 13.4 15.0 1.0 0.0 0.0 0.0
1435293035.6
557.0 13.4 15.0 1.0 0.0 0.0 0.0
1435293035.63
557.0 13.4 15.0 1.0 0.0 0.0 0.0
1435293035.66
557.0 13.4 15.0 1.0 0.0 0.0 0.0
1435293035.69
557.0 13.4 15.0 1.0 0.0 0.0 0.0
1435293035.72
557.0 13.4 15.0 1.0 0.0 0.0 0.0
1435293035.75
557.0 13.4 15.0 1.0 0.0 0.0 0.0
1435293035.78
557.0 13.4 15.0 1.0 0.0 0.0 0.0
1435293035.81
557.0 13.4 15.0 1.0 0.0 0.0 0.0
1435293035.85
557.0 13.4 15.0 1.0 0.0 0.0 0.0
1435293035.88
557.0 13.4 15.0 1.0 0.0 0.0 0.0
1435293035.91
557.0 13.4 15.0 1.0 0.0 0.0 0.0
1435293035.94
557.0 13.4 15.0 1.0 0.0 0.0 0.0
1435293035.97
557.0 13.4 15.0 1.0 0.0 0.0 0.0
1435293036.0
557.0 13.4 15.0 1.0 0.0 0.0 0.0
1435293036.03
557.0 13.4 15.0 1.0 0.0 0.0 0.0
1435293036.06
557.0 13.4 15.0 1.0 0.0 0.0 0.0
1435293036.09
557.0 13.4 15.0 1.0 0.0 0.0 0.0
1435293036.12
557.0 13.4 15.0 1.0 0.0 0.0 0.0
1435293036.15
557.0 13.4 15.0 1.0 0.0 0.0 0.0
1435293036.18
557.0 13.4 15.0 1.0 0.0 0.0 0.0
1435293036.21
557.0 13.4 15.0 1.0 0.0 0.0 0.0
1435293036.24
557.0 13.4 15.0 1.0 0.0 0.0 0.0
1435293036.28
556.9 13.4 15.0 1.0 0.0 0.0 0.0
1435293036.31
556.8 13.3 15.0 1.0 0.0 0.0 0.0
1435293036.34
556.7 13.2 15.0 1.0 0.0 0.0 0.0
1435293036.36
556.5 13.1 15.0 1.0 0.0 0.0 0.0
1435293036.4
556.4 13.0 15.0 1.0 0.0 0.0 0.0
1435293036.42
556.3 12.9 15.0 1.0 0.0 0.0 0.0
1435293036.46
556.2 12.8 15.0 1.0 0.0 0.0 0.0
1435293036.48
556.1 12.7 15.0 1.0 0.0 0.0 0.0
1435293036.51
556.0 12.6 15.0 1.0 0.0 0.0 0.0
1435293036.55
555.8 12.5 15.0 1.0 0.0 0.0 0.0
1435293036.58
555.7 12.4 15.0 1.0 0.0 0.0 0.0
1435293036.61
555.6 12.3 15.0 1.0 0.0 0.0 0.0
1435293036.64
555.6 12.1 15.0 1.0 0.0 0.0 0.0
1435293036.67
555.6 12.0 15.0 1.0 0.0 0.0 0.0
1435293036.7
555.6 11.9 15.0 1.0 0.0 0.0 0.0
1435293036.73
555.7 11.8 15.0 1.0 0.0 0.0 0.0
1435293036.76
555.7 11.6 15.0 1.0 0.0 0.0 0.0
1435293036.79
555.8 11.5 15.0 1.0 0.0 0.0 0.0
1435293036.82
555.8 11.3 15.0 1.0 0.0 0.0 0.0
1435293036.85
555.9 11.2 15.0 1.0 0.0 0.0 0.0
1435293036.88
555.9 11.0 15.0 1.0 0.0 0.0 0.0
1435293036.91
555.9 10.9 15.0 1.0 0.0 0.0 0.0
1435293036.94
556.0 10.7 15.0 1.0 0.0 0.0 0.0
1435293036.97
556.0 10.6 15.0 1.0 0.0 0.0 0.0
1435293037.0
556.1 10.4 15.0 1.0 0.0 0.0 0.0
1435293037.03
556.1 10.3 15.0 1.0 0.0 0.0 0.0
1435293037.06
556.2 10.2 15.0 1.0 0.0 0.0 0.0
1435293037.09
556.2 10.0 15.0 1.0 0.0 0.0 0.0
1435293037.12
556.3 9.9 15.0 1.0 0.0 0.0 0.0
1435293037.15
556.3 9.7 15.0 1.0 0.0 0.0 0.0
1435293037.18
556.3 9.6 15.0 1.0 0.0 0.0 0.0
1435293037.21
556.4 9.4 15.0 1.0 0.0 0.0 0.0
1435293037.24
556.4 9.3 15.0 1.0 0.0 0.0 0.0
1435293037.27
556.5 9.1 15.0 1.0 0.0 0.0 0.0
1435293037.3
556.5 9.0 15.0 1.0 0.0 0.0 0.0
1435293037.33
556.6 8.8 15.0 1.0 0.0 0.0 0.0
1435293037.36
556.6 8.7 15.0 1.0 0.0 0.0 0.0
1435293037.39
556.7 8.6 15.0 1.0 0.0 0.0 0.0
1435293037.42
556.7 8.4 15.0 1.0 0.0 0.0 0.0
1435293037.45
556.8 8.3 15.0 1.0 0.0 0.0 0.0
1435293037.48
556.8 8.1 15.0 1.0 0.0 0.0 0.0
1435293037.51
556.9 8.0 15.0 1.0 0.0 0.0 0.0
1435293037.54
556.9 7.8 15.0 1.0 0.0 0.0 0.0
1435293037.57
557.0 7.7 15.0 1.0 0.0 0.0 0.0
1435293037.6
557.0 7.6 15.0 1.0 0.0 0.0 0.0
1435293037.63
557.1 7.4 15.0 1.0 0.0 0.0 0.0
1435293037.66
557.1 7.3 15.0 1.0 0.0 0.0 0.0
1435293037.69
557.1 7.2 15.0 1.0 0.0 0.0 0.0
1435293037.72
557.2 7.0 15.0 1.0 0.0 0.0 0.0
1435293037.75
557.2 6.9 15.0 1.0 0.0 0.0 0.0
1435293037.78
557.3 6.8 15.0 1.0 0.0 0.0 0.0
1435293037.81
557.3 6.6 15.0 1.0 0.0 0.0 0.0
1435293037.84
557.4 6.4 15.0 1.0 0.0 0.0 0.0
1435293037.87
557.4 6.3 15.0 1.0 0.0 0.0 0.0
1435293037.9
557.5 6.1 15.0 1.0 0.0 0.0 0.0
1435293037.93
557.5 6.0 15.0 1.0 0.0 0.0 0.0
1435293037.96
557.6 5.9 15.0 1.0 0.0 0.0 0.0
1435293037.99
557.6 5.7 15.0 1.0 0.0 0.0 0.0
1435293038.02
557.7 5.6 15.0 1.0 0.0 0.0 0.0
1435293038.05
557.7 5.4 15.0 1.0 0.0 0.0 0.0
1435293038.08
557.7 5.3 15.0 1.0 0.0 0.0 0.0
1435293038.11
557.8 5.1 15.0 1.0 0.0 0.0 0.0
1435293038.14
557.8 5.0 15.0 1.0 0.0 0.0 0.0
1435293038.17
557.9 4.8 15.0 1.0 0.0 0.0 0.0
1435293038.2
557.9 4.7 15.0 1.0 0.0 0.0 0.0
1435293038.23
558.0 4.6 15.0 1.0 0.0 0.0 0.0
1435293038.26
558.0 4.4 15.0 1.0 0.0 0.0 0.0
1435293038.29
558.1 4.3 15.0 1.0 0.0 0.0 0.0
1435293038.32
558.1 4.1 15.0 1.0 0.0 0.0 0.0
1435293038.35
558.2 4.0 15.0 1.0 0.0 0.0 0.0
1435293038.38
558.2 3.9 15.0 1.0 0.0 0.0 0.0
1435293038.41
558.3 3.7 15.0 1.0 0.0 0.0 0.0
1435293038.44
558.3 3.6 15.0 1.0 0.0 0.0 0.0
1435293038.47
558.4 3.4 15.0 1.0 0.0 0.0 0.0
1435293038.5
558.4 3.3 15.0 1.0 0.0 0.0 0.0
1435293038.53
558.4 3.3 15.0 1.0 0.0 0.0 0.0
1435293038.56
558.4 3.3 15.0 1.0 0.0 0.0 0.0
1435293038.59
558.4 3.3 15.0 1.0 0.0 0.0 0.0
1435293038.62
558.4 3.3 15.0 1.0 0.0 0.0 0.0
1435293038.66
558.4 3.3 15.0 1.0 0.0 0.0 0.0
1435293038.69
558.4 3.3 15.0 1.0 0.0 0.0 0.0
1435293038.72
558.4 3.3 15.0 1.0 0.0 0.0 0.0
1435293038.75
558.4 3.3 15.0 1.0 0.0 0.0 0.0
1435293038.78
558.4 3.3 15.0 1.0 0.0 0.0 0.0
1435293038.81
558.4 3.3 15.0 1.0 0.0 0.0 0.0
1435293038.84
558.4 3.3 15.0 1.0 0.0 0.0 0.0
1435293038.87
558.4 3.3 15.0 1.0 0.0 0.0 0.0
1435293038.9
558.4 3.3 15.0 1.0 0.0 0.0 0.0
1435293038.93
558.4 3.3 15.0 1.0 0.0 0.0 0.0
1435293038.96
558.4 3.3 15.0 1.0 0.0 0.0 0.0
1435293038.99
558.4 3.3 15.0 1.0 0.0 0.0 0.0
1435293039.02
558.4 3.3 15.0 1.0 0.0 0.0 0.0
1435293039.05
558.4 3.3 15.0 1.0 0.0 0.0 0.0
1435293039.08
558.4 3.3 15.0 1.0 0.0 0.0 0.0
1435293039.11
558.4 3.3 15.0 1.0 0.0 0.0 0.0
1435293039.14
558.4 3.3 15.0 1.0 0.0 0.0 0.0
1435293039.17
558.4 3.3 15.0 1.0 0.0 0.0 0.0
1435293039.2
558.4 3.3 15.0 1.0 0.0 0.0 0.0
1435293039.23
558.4 3.4 15.0 1.0 0.0 0.0 0.0
1435293039.26
558.3 3.6 15.0 1.0 0.0 0.0 0.0
1435293039.29
558.3 3.7 15.0 1.0 0.0 0.0 0.0
1435293039.32
558.3 3.9 15.0 1.0 0.0 0.0 0.0
1435293039.35
558.3 4.0 15.0 1.0 0.0 0.0 0.0
1435293039.38
558.3 4.2 15.0 1.0 0.0 0.0 0.0
1435293039.42
558.2 4.3 15.0 1.0 0.0 0.0 0.0
1435293039.44
558.3 4.5 15.0 1.0 0.0 0.0 0.0
1435293039.48
558.3 4.5 15.0 1.0 0.0 0.0 0.0
1435293039.5
558.3 4.4 15.0 1.0 0.0 0.0 0.0
1435293039.53
558.4 4.4 15.0 1.0 0.0 0.0 0.0
1435293039.56
558.5 4.3 15.0 1.0 0.0 0.0 0.0
1435293039.59
558.6 4.2 15.0 1.0 0.0 0.0 0.0
1435293039.62
558.7 4.0 15.0 1.0 0.0 0.0 0.0
1435293039.66
558.8 3.9 15.0 1.0 0.0 0.0 0.0
1435293039.68
558.8 3.7 15.0 1.0 0.0 0.0 0.0
1435293039.72
558.9 3.6 15.0 1.0 0.0 0.0 0.0
1435293039.74
559.0 3.5 15.0 1.0 0.0 0.0 0.0
1435293039.78
559.1 3.3 15.0 1.0 0.0 0.0 0.0
1435293039.8
559.2 3.2 15.0 1.0 0.0 0.0 0.0
1435293039.84
559.3 3.1 15.0 1.0 0.0 0.0 0.0
1435293039.86
559.4 3.0 15.0 1.0 0.0 0.0 0.0
1435293039.9
559.4 2.9 15.0 1.0 0.0 0.0 0.0
1435293039.93
559.5 2.7 15.0 1.0 0.0 0.0 0.0
1435293039.96
559.6 2.6 15.0 1.0 0.0 0.0 0.0
1435293039.99
559.7 2.5 15.0 1.0 0.0 0.0 0.0
1435293040.02
559.8 2.4 15.0 1.0 0.0 0.0 0.0
1435293040.05
559.9 2.2 15.0 1.0 0.0 0.0 0.0
1435293040.08
560.0 2.1 15.0 1.0 0.0 0.0 0.0
1435293040.11
560.1 2.0 15.0 1.0 0.0 0.0 0.0
1435293040.14
560.1 1.8 15.0 1.0 0.0 0.0 0.0
1435293040.17
560.2 1.7 15.0 1.0 0.0 0.0 0.0
1435293040.2
560.3 1.6 15.0 1.0 0.0 0.0 0.0
1435293040.23
560.4 1.5 15.0 1.0 0.0 0.0 0.0
1435293040.26
560.5 1.4 15.0 1.0 0.0 0.0 0.0
1435293040.29
560.6 1.2 15.0 1.0 0.0 0.0 0.0
1435293040.32
560.7 1.1 15.0 1.0 0.0 0.0 0.0
1435293040.35
560.8 1.0 15.0 1.0 0.0 0.0 0.0
1435293040.38
560.8 0.9 15.0 1.0 0.0 0.0 0.0
1435293040.41
560.9 0.7 15.0 1.0 0.0 0.0 0.0
1435293040.44
561.0 0.6 15.0 1.0 0.0 0.0 0.0
1435293040.47
561.1 0.5 15.0 1.0 0.0 0.0 0.0
1435293040.5
561.2 0.4 15.0 1.0 0.0 0.0 0.0
1435293040.53
561.3 0.2 15.0 1.0 0.0 0.0 0.0
1435293040.57
561.4 0.1 15.0 1.0 0.0 0.0 0.0
1435293040.59
561.5 0.0 15.0 1.0 0.0 0.0 0.0
1435293040.63
561.5 -0.1 15.0 1.0 0.0 0.0 0.0
1435293040.65
561.6 -0.2 15.0 1.0 0.0 0.0 0.0
1435293040.68
561.7 -0.4 15.0 1.0 0.0 0.0 0.0
1435293040.71
561.8 -0.5 15.0 1.0 0.0 0.0 0.0
1435293040.74
561.9 -0.6 15.0 1.0 0.0 0.0 0.0
1435293040.77
562.0 -0.7 15.0 1.0 0.0 0.0 0.0
1435293040.81
562.1 -0.9 15.0 1.0 0.0 0.0 0.0
1435293040.84
562.2 -1.0 15.0 1.0 0.0 0.0 0.0
1435293040.87
562.2 -1.1 15.0 1.0 0.0 0.0 0.0
1435293040.89
562.3 -1.2 15.0 1.0 0.0 0.0 0.0
1435293040.93
562.4 -1.4 15.0 1.0 0.0 0.0 0.0
1435293040.96
562.5 -1.5 15.0 1.0 0.0 0.0 0.0
1435293040.99
562.6 -1.6 15.0 1.0 0.0 0.0 0.0
1435293041.02
562.7 -1.7 15.0 1.0 0.0 0.0 0.0
1435293041.05
562.8 -1.8 15.0 1.0 0.0 0.0 0.0
1435293041.08
562.8 -2.0 15.0 1.0 0.0 0.0 0.0
1435293041.1
562.9 -2.1 15.0 1.0 0.0 0.0 0.0
1435293041.14
563.0 -2.2 15.0 1.0 0.0 0.0 0.0
1435293041.17
563.1 -2.3 15.0 1.0 0.0 0.0 0.0
1435293041.2
563.2 -2.5 15.0 1.0 0.0 0.0 0.0
1435293041.23
563.3 -2.6 15.0 1.0 0.0 0.0 0.0
1435293041.26
563.4 -2.7 15.0 1.0 0.0 0.0 0.0
1435293041.29
563.5 -2.8 15.0 1.0 0.0 0.0 0.0
1435293041.31
563.6 -3.0 15.0 1.0 0.0 0.0 0.0
1435293041.35
563.6 -3.1 15.0 1.0 0.0 0.0 0.0
1435293041.38
563.7 -3.2 15.0 1.0 0.0 0.0 0.0
1435293041.41
563.8 -3.3 15.0 1.0 0.0 0.0 0.0
1435293041.44
563.9 -3.5 15.0 1.0 0.0 0.0 0.0
1435293041.47
564.0 -3.6 15.0 1.0 0.0 0.0 0.0
1435293041.5
564.1 -3.7 15.0 1.0 0.0 0.0 0.0
1435293041.53
564.1 -3.8 15.0 1.0 0.0 0.0 0.0
1435293041.56
564.2 -4.0 15.0 1.0 0.0 0.0 0.0
1435293041.59
564.3 -4.1 15.0 1.0 0.0 0.0 0.0
1435293041.62
564.4 -4.2 15.0 1.0 0.0 0.0 0.0
1435293041.65
564.5 -4.3 15.0 1.0 0.0 0.0 0.0
1435293041.68
564.6 -4.4 15.0 1.0 0.0 0.0 0.0
1435293041.71
564.7 -4.6 15.0 1.0 0.0 0.0 0.0
1435293041.74
564.8 -4.7 15.0 1.0 0.0 0.0 0.0
1435293041.77
564.9 -4.8 15.0 1.0 0.0 0.0 0.0
1435293041.8
564.9 -4.9 15.0 1.0 0.0 0.0 0.0
1435293041.83
565.0 -5.1 15.0 1.0 0.0 0.0 0.0
1435293041.86
565.1 -5.2 15.0 1.0 0.0 0.0 0.0
1435293041.9
565.2 -5.3 15.0 1.0 0.0 0.0 0.0
1435293041.92
565.2 -5.3 15.0 1.0 0.0 0.0 0.0
1435293041.96
565.2 -5.3 15.0 1.0 0.0 0.0 0.0
1435293041.98
565.2 -5.3 15.0 1.0 0.0 0.0 0.0
1435293042.02
565.2 -5.3 15.0 1.0 0.0 0.0 0.0
1435293042.04
565.2 -5.3 15.0 1.0 0.0 0.0 0.0
1435293042.07
565.2 -5.3 15.0 1.0 0.0 0.0 0.0
1435293042.1
565.2 -5.3 15.0 1.0 0.0 0.0 0.0
1435293042.13
565.2 -5.3 15.0 1.0 0.0 0.0 0.0
1435293042.16
565.2 -5.3 15.0 1.0 0.0 0.0 0.0
1435293042.2
565.2 -5.3 15.0 1.0 0.0 0.0 0.0
1435293042.22
565.2 -5.3 15.0 1.0 0.0 0.0 0.0
1435293042.25
565.2 -5.3 15.0 1.0 0.0 0.0 0.0
1435293042.29
565.2 -5.3 15.0 1.0 0.0 0.0 0.0
1435293042.32
565.2 -5.3 15.0 1.0 0.0 0.0 0.0
1435293042.35
565.2 -5.3 15.0 1.0 0.0 0.0 0.0
1435293042.38
565.2 -5.3 15.0 1.0 0.0 0.0 0.0
1435293042.41
565.2 -5.3 15.0 1.0 0.0 0.0 0.0
1435293042.44
565.2 -5.3 15.0 1.0 0.0 0.0 0.0
1435293042.47
565.2 -5.3 15.0 1.0 0.0 0.0 0.0
1435293042.51
565.2 -5.3 15.0 1.0 0.0 0.0 0.0
1435293042.54
565.2 -5.3 15.0 1.0 0.0 0.0 0.0
1435293042.57
565.2 -5.3 15.0 1.0 0.0 0.0 0.0
1435293042.6
565.1 -5.2 15.0 1.0 0.0 0.0 0.0
1435293042.63
565.0 -5.1 15.0 1.0 0.0 0.0 0.0
1435293042.66
565.0 -5.0 15.0 1.0 0.0 0.0 0.0
1435293042.69
564.9 -4.9 15.0 1.0 0.0 0.0 0.0
1435293042.72
564.8 -4.8 15.0 1.0 0.0 0.0 0.0
1435293042.75
564.7 -4.7 15.0 1.0 0.0 0.0 0.0
1435293042.78
564.6 -4.5 15.0 1.0 0.0 0.0 0.0
1435293042.81
564.5 -4.4 15.0 1.0 0.0 0.0 0.0
1435293042.84
564.4 -4.3 15.0 1.0 0.0 0.0 0.0
1435293042.87
564.4 -4.2 15.0 1.0 0.0 0.0 0.0
1435293042.9
564.5 -4.1 15.0 1.0 0.0 0.0 0.0
1435293042.93
564.6 -4.1 15.0 1.0 0.0 0.0 0.0
1435293042.96
564.8 -4.0 15.0 1.0 0.0 0.0 0.0
1435293042.99
564.9 -4.0 15.0 1.0 0.0 0.0 0.0
1435293043.02
565.0 -3.9 15.0 1.0 0.0 0.0 0.0
1435293043.05
565.1 -3.9 15.0 1.0 0.0 0.0 0.0
1435293043.08
565.3 -3.8 15.0 1.0 0.0 0.0 0.0
1435293043.11
565.4 -3.8 15.0 1.0 0.0 0.0 0.0
1435293043.14
565.6 -3.7 15.0 1.0 0.0 0.0 0.0
1435293043.17
565.7 -3.7 15.0 1.0 0.0 0.0 0.0
1435293043.2
565.9 -3.6 15.0 1.0 0.0 0.0 0.0
1435293043.23
566.0 -3.6 15.0 1.0 0.0 0.0 0.0
1435293043.26
566.1 -3.5 15.0 1.0 0.0 0.0 0.0
1435293043.29
566.3 -3.4 15.0 1.0 0.0 0.0 0.0
1435293043.32
566.4 -3.4 15.0 1.0 0.0 0.0 0.0
1435293043.36
566.5 -3.3 15.0 1.0 0.0 0.0 0.0
1435293043.38
566.7 -3.3 15.0 1.0 0.0 0.0 0.0
1435293043.42
566.9 -3.2 15.0 1.0 0.0 0.0 0.0
1435293043.45
567.0 -3.2 15.0 1.0 0.0 0.0 0.0
1435293043.48
567.1 -3.1 15.0 1.0 0.0 0.0 0.0
1435293043.5
567.3 -3.1 15.0 1.0 0.0 0.0 0.0
1435293043.54
567.4 -3.0 15.0 1.0 0.0 0.0 0.0
1435293043.56
567.6 -3.0 15.0 1.0 0.0 0.0 0.0
1435293043.6
567.7 -2.9 15.0 1.0 0.0 0.0 0.0
1435293043.63
567.9 -2.9 15.0 1.0 0.0 0.0 0.0
1435293043.66
568.0 -2.8 15.0 1.0 0.0 0.0 0.0
1435293043.69
568.2 -2.8 15.0 1.0 0.0 0.0 0.0
1435293043.72
568.3 -2.7 15.0 1.0 0.0 0.0 0.0
1435293043.75
568.4 -2.6 15.0 1.0 0.0 0.0 0.0
1435293043.78
568.5 -2.6 15.0 1.0 0.0 0.0 0.0
1435293043.81
568.7 -2.6 15.0 1.0 0.0 0.0 0.0
1435293043.84
568.8 -2.5 15.0 1.0 0.0 0.0 0.0
1435293043.86
569.0 -2.4 15.0 1.0 0.0 0.0 0.0
1435293043.9
569.1 -2.4 15.0 1.0 0.0 0.0 0.0
1435293043.93
569.3 -2.3 15.0 1.0 0.0 0.0 0.0
1435293043.96
569.4 -2.3 15.0 1.0 0.0 0.0 0.0
1435293043.99
569.5 -2.2 15.0 1.0 0.0 0.0 0.0
1435293044.02
569.7 -2.2 15.0 1.0 0.0 0.0 0.0
1435293044.05
569.8 -2.1 15.0 1.0 0.0 0.0 0.0
1435293044.08
569.9 -2.1 15.0 1.0 0.0 0.0 0.0
1435293044.11
570.1 -2.0 15.0 1.0 0.0 0.0 0.0
1435293044.14
570.2 -2.0 15.0 1.0 0.0 0.0 0.0
1435293044.17
570.4 -1.9 15.0 1.0 0.0 0.0 0.0
1435293044.2
570.5 -1.9 15.0 1.0 0.0 0.0 0.0
1435293044.23
570.7 -1.8 15.0 1.0 0.0 0.0 0.0
1435293044.26
570.8 -1.7 15.0 1.0 0.0 0.0 0.0
1435293044.29
570.9 -1.7 15.0 1.0 0.0 0.0 0.0
1435293044.32
571.1 -1.6 15.0 1.0 0.0 0.0 0.0
1435293044.35
571.2 -1.6 15.0 1.0 0.0 0.0 0.0
1435293044.38
571.4 -1.5 15.0 1.0 0.0 0.0 0.0
1435293044.41
571.5 -1.5 15.0 1.0 0.0 0.0 0.0
1435293044.44
571.6 -1.4 15.0 1.0 0.0 0.0 0.0
1435293044.47
571.8 -1.4 15.0 1.0 0.0 0.0 0.0
1435293044.5
571.9 -1.3 15.0 1.0 0.0 0.0 0.0
1435293044.53
572.1 -1.3 15.0 1.0 0.0 0.0 0.0
1435293044.56
572.2 -1.2 15.0 1.0 0.0 0.0 0.0
1435293044.59
572.3 -1.2 15.0 1.0 0.0 0.0 0.0
1435293044.62
572.5 -1.1 15.0 1.0 0.0 0.0 0.0
1435293044.65
572.6 -1.1 15.0 1.0 0.0 0.0 0.0
1435293044.68
572.8 -1.0 15.0 1.0 0.0 0.0 0.0
1435293044.71
572.9 -1.0 15.0 1.0 0.0 0.0 0.0
1435293044.74
573.0 -0.9 15.0 1.0 0.0 0.0 0.0
1435293044.77
573.2 -0.8 15.0 1.0 0.0 0.0 0.0
1435293044.8
573.3 -0.8 15.0 1.0 0.0 0.0 0.0
1435293044.83
573.5 -0.7 15.0 1.0 0.0 0.0 0.0
1435293044.86
573.6 -0.7 15.0 1.0 0.0 0.0 0.0
1435293044.89
573.8 -0.6 15.0 1.0 0.0 0.0 0.0
1435293044.92
573.9 -0.6 15.0 1.0 0.0 0.0 0.0
1435293044.95
574.0 -0.5 15.0 1.0 0.0 0.0 0.0
1435293044.98
574.1 -0.5 15.0 1.0 0.0 0.0 0.0
1435293045.01
574.1 -0.5 15.0 1.0 0.0 0.0 0.0
1435293045.04
574.1 -0.5 15.0 1.0 0.0 0.0 0.0
1435293045.07
574.1 -0.5 15.0 1.0 0.0 0.0 0.0
1435293045.1
574.1 -0.5 15.0 1.0 0.0 0.0 0.0
1435293045.13
574.1 -0.5 15.0 1.0 0.0 0.0 0.0
1435293045.16
574.1 -0.5 15.0 1.0 0.0 0.0 0.0
1435293045.19
574.1 -0.5 15.0 1.0 0.0 0.0 0.0
1435293045.22
574.1 -0.5 15.0 1.0 0.0 0.0 0.0
1435293045.25
574.1 -0.5 15.0 1.0 0.0 0.0 0.0
1435293045.28
574.1 -0.5 15.0 1.0 0.0 0.0 0.0
1435293045.31
574.1 -0.5 15.0 1.0 0.0 0.0 0.0
1435293045.34
574.1 -0.5 15.0 1.0 0.0 0.0 0.0
1435293045.37
574.1 -0.5 15.0 1.0 0.0 0.0 0.0
1435293045.4
574.1 -0.5 15.0 1.0 0.0 0.0 0.0
1435293045.43
574.1 -0.5 15.0 1.0 0.0 0.0 0.0
1435293045.46
574.1 -0.5 15.0 1.0 0.0 0.0 0.0
1435293045.49
574.1 -0.5 15.0 1.0 0.0 0.0 0.0
1435293045.52
574.1 -0.5 15.0 1.0 0.0 0.0 0.0
1435293045.55
574.1 -0.5 15.0 1.0 0.0 0.0 0.0
1435293045.59
574.1 -0.5 15.0 1.0 0.0 0.0 0.0
1435293045.62
574.1 -0.5 15.0 1.0 0.0 0.0 0.0
1435293045.65
574.1 -0.5 15.0 1.0 0.0 0.0 0.0
1435293045.68
574.1 -0.5 15.0 1.0 0.0 0.0 0.0
1435293045.71
574.0 -0.6 15.0 1.0 0.0 0.0 0.0
1435293045.74
573.9 -0.6 15.0 1.0 0.0 0.0 0.0
1435293045.77
573.7 -0.7 15.0 1.0 0.0 0.0 0.0
1435293045.8
573.6 -0.7 15.0 1.0 0.0 0.0 0.0
1435293045.83
573.4 -0.8 15.0 1.0 0.0 0.0 0.0
1435293045.86
573.3 -0.9 15.0 1.0 0.0 0.0 0.0
1435293045.89
573.2 -1.0 15.0 1.0 0.0 0.0 0.0
1435293045.92
573.1 -1.0 15.0 1.0 0.0 0.0 0.0
1435293045.95
573.0 -1.0 15.0 1.0 0.0 0.0 0.0
1435293045.98
573.1 -1.0 15.0 1.0 0.0 0.0 0.0
1435293046.01
573.1 -1.0 15.0 1.0 0.0 0.0 0.0
1435293046.04
573.2 -0.9 15.0 1.0 0.0 0.0 0.0
1435293046.07
573.4 -0.9 15.0 1.0 0.0 0.0 0.0
1435293046.1
573.5 -0.8 15.0 1.0 0.0 0.0 0.0
1435293046.13
573.7 -0.8 15.0 1.0 0.0 0.0 0.0
1435293046.17
573.8 -0.7 15.0 1.0 0.0 0.0 0.0
1435293046.2
573.9 -0.6 15.0 1.0 0.0 0.0 0.0
1435293046.23
574.1 -0.5 15.0 1.0 0.0 0.0 0.0
1435293046.26
574.2 -0.5 15.0 1.0 0.0 0.0 0.0
1435293046.29
574.3 -0.4 15.0 1.0 0.0 0.0 0.0
1435293046.32
574.5 -0.3 15.0 1.0 0.0 0.0 0.0
1435293046.35
574.6 -0.2 15.0 1.0 0.0 0.0 0.0
1435293046.38
574.7 -0.2 15.0 1.0 0.0 0.0 0.0
1435293046.41
574.9 -0.1 15.0 1.0 0.0 0.0 0.0
1435293046.44
575.0 0.0 15.0 1.0 0.0 0.0 0.0
1435293046.47
575.2 0.0 15.0 1.0 0.0 0.0 0.0
1435293046.5
575.3 0.1 15.0 1.0 0.0 0.0 0.0
1435293046.53
575.4 0.1 15.0 1.0 0.0 0.0 0.0
1435293046.56
575.5 0.2 15.0 1.0 0.0 0.0 0.0
1435293046.59
575.7 0.3 15.0 1.0 0.0 0.0 0.0
1435293046.62
575.8 0.3 15.0 1.0 0.0 0.0 0.0
1435293046.65
576.0 0.4 15.0 1.0 0.0 0.0 0.0
1435293046.68
576.1 0.5 15.0 1.0 0.0 0.0 0.0
1435293046.71
576.2 0.6 15.0 1.0 0.0 0.0 0.0
1435293046.74
576.4 0.6 15.0 1.0 0.0 0.0 0.0
1435293046.77
576.5 0.7 15.0 1.0 0.0 0.0 0.0
1435293046.8
576.6 0.8 15.0 1.0 0.0 0.0 0.0
1435293046.83
576.8 0.8 15.0 1.0 0.0 0.0 0.0
1435293046.86
576.9 0.9 15.0 1.0 0.0 0.0 0.0
1435293046.89
577.0 1.0 15.0 1.0 0.0 0.0 0.0
1435293046.92
577.2 1.0 15.0 1.0 0.0 0.0 0.0
1435293046.95
577.3 1.1 15.0 1.0 0.0 0.0 0.0
1435293046.99
577.5 1.2 15.0 1.0 0.0 0.0 0.0
1435293047.01
577.6 1.2 15.0 1.0 0.0 0.0 0.0
1435293047.04
577.7 1.3 15.0 1.0 0.0 0.0 0.0
1435293047.07
577.9 1.4 15.0 1.0 0.0 0.0 0.0
1435293047.1
578.0 1.4 15.0 1.0 0.0 0.0 0.0
1435293047.13
578.1 1.5 15.0 1.0 0.0 0.0 0.0
1435293047.17
578.3 1.6 15.0 1.0 0.0 0.0 0.0
1435293047.19
578.4 1.6 15.0 1.0 0.0 0.0 0.0
1435293047.23
578.5 1.7 15.0 1.0 0.0 0.0 0.0
1435293047.25
578.7 1.8 15.0 1.0 0.0 0.0 0.0
1435293047.29
578.8 1.8 15.0 1.0 0.0 0.0 0.0
1435293047.31
578.9 1.9 15.0 1.0 0.0 0.0 0.0
1435293047.34
579.0 2.0 15.0 1.0 0.0 0.0 0.0
1435293047.37
579.2 2.0 15.0 1.0 0.0 0.0 0.0
1435293047.4
579.3 2.1 15.0 1.0 0.0 0.0 0.0
1435293047.43
579.5 2.2 15.0 1.0 0.0 0.0 0.0
1435293047.47
579.6 2.3 15.0 1.0 0.0 0.0 0.0
1435293047.49
579.7 2.3 15.0 1.0 0.0 0.0 0.0
1435293047.53
579.9 2.4 15.0 1.0 0.0 0.0 0.0
1435293047.55
580.0 2.5 15.0 1.0 0.0 0.0 0.0
1435293047.59
580.1 2.5 15.0 1.0 0.0 0.0 0.0
1435293047.61
580.2 2.6 15.0 1.0 0.0 0.0 0.0
1435293047.64
580.4 2.6 15.0 1.0 0.0 0.0 0.0
1435293047.67
580.5 2.7 15.0 1.0 0.0 0.0 0.0
1435293047.71
580.7 2.8 15.0 1.0 0.0 0.0 0.0
1435293047.73
580.8 2.9 15.0 1.0 0.0 0.0 0.0
1435293047.77
580.9 2.9 15.0 1.0 0.0 0.0 0.0
1435293047.79
581.1 3.0 15.0 1.0 0.0 0.0 0.0
1435293047.83
581.2 3.0 15.0 1.0 0.0 0.0 0.0
1435293047.86
581.4 3.1 15.0 1.0 0.0 0.0 0.0
1435293047.88
581.5 3.2 15.0 1.0 0.0 0.0 0.0
1435293047.91
581.6 3.2 15.0 1.0 0.0 0.0 0.0
1435293047.94
581.7 3.3 15.0 1.0 0.0 0.0 0.0
1435293047.98
581.9 3.4 15.0 1.0 0.0 0.0 0.0
1435293048.01
582.0 3.4 15.0 1.0 0.0 0.0 0.0
1435293048.04
582.2 3.5 15.0 1.0 0.0 0.0 0.0
1435293048.07
582.3 3.6 15.0 1.0 0.0 0.0 0.0
1435293048.1
582.4 3.7 15.0 1.0 0.0 0.0 0.0
1435293048.13
582.6 3.7 15.0 1.0 0.0 0.0 0.0
1435293048.16
582.7 3.8 15.0 1.0 0.0 0.0 0.0
1435293048.19
582.8 3.9 15.0 1.0 0.0 0.0 0.0
1435293048.22
583.0 4.0 15.0 1.0 0.0 0.0 0.0
1435293048.25
583.1 4.0 15.0 1.0 0.0 0.0 0.0
1435293048.28
583.3 4.1 15.0 1.0 0.0 0.0 0.0
1435293048.31
583.4 4.1 15.0 1.0 0.0 0.0 0.0
1435293048.34
583.5 4.2 15.0 1.0 0.0 0.0 0.0
1435293048.37
583.6 4.3 15.0 1.0 0.0 0.0 0.0
1435293048.4
583.8 4.3 15.0 1.0 0.0 0.0 0.0
1435293048.43
583.9 4.4 15.0 1.0 0.0 0.0 0.0
1435293048.46
584.1 4.5 15.0 1.0 0.0 0.0 0.0
1435293048.49
584.2 4.5 15.0 1.0 0.0 0.0 0.0
1435293048.52
584.3 4.6 15.0 1.0 0.0 0.0 0.0
1435293048.55
584.5 4.7 15.0 1.0 0.0 0.0 0.0
1435293048.58
584.6 4.7 15.0 1.0 0.0 0.0 0.0
1435293048.61
584.7 4.8 15.0 1.0 0.0 0.0 0.0
1435293048.64
584.8 4.9 15.0 1.0 0.0 0.0 0.0
1435293048.67
585.0 4.9 15.0 1.0 0.0 0.0 0.0
1435293048.7
585.1 5.0 15.0 1.0 0.0 0.0 0.0
1435293048.73
585.3 5.1 15.0 1.0 0.0 0.0 0.0
1435293048.76
585.4 5.2 15.0 1.0 0.0 0.0 0.0
1435293048.79
585.5 5.2 15.0 1.0 0.0 0.0 0.0
1435293048.82
585.7 5.3 15.0 1.0 0.0 0.0 0.0
1435293048.85
585.7 5.3 15.0 1.0 0.0 0.0 0.0
1435293048.88
585.7 5.3 15.0 1.0 0.0 0.0 0.0
1435293048.91
585.7 5.3 15.0 1.0 0.0 0.0 0.0
1435293048.94
585.7 5.3 15.0 1.0 0.0 0.0 0.0
1435293048.97
585.7 5.3 15.0 1.0 0.0 0.0 0.0
1435293049.0
585.7 5.3 15.0 1.0 0.0 0.0 0.0
1435293049.03
585.7 5.3 15.0 1.0 0.0 0.0 0.0
1435293049.06
585.7 5.3 15.0 1.0 0.0 0.0 0.0
1435293049.1
585.7 5.3 15.0 1.0 0.0 0.0 0.0
1435293049.13
585.7 5.3 15.0 1.0 0.0 0.0 0.0
1435293049.16
585.7 5.3 15.0 1.0 0.0 0.0 0.0
1435293049.18
585.7 5.3 15.0 1.0 0.0 0.0 0.0
1435293049.22
585.7 5.3 15.0 1.0 0.0 0.0 0.0
1435293049.24
585.7 5.3 15.0 1.0 0.0 0.0 0.0
1435293049.28
585.7 5.3 15.0 1.0 0.0 0.0 0.0
1435293049.3
585.7 5.3 15.0 1.0 0.0 0.0 0.0
1435293049.34
585.7 5.3 15.0 1.0 0.0 0.0 0.0
1435293049.36
585.7 5.3 15.0 1.0 0.0 0.0 0.0
1435293049.4
585.7 5.3 15.0 1.0 0.0 0.0 0.0
1435293049.42
585.7 5.3 15.0 1.0 0.0 0.0 0.0
1435293049.45
585.7 5.3 15.0 1.0 0.0 0.0 0.0
1435293049.49
585.7 5.3 15.0 1.0 0.0 0.0 0.0
1435293049.52
585.7 5.3 15.0 1.0 0.0 0.0 0.0
1435293049.54
585.7 5.3 15.0 1.0 0.0 0.0 0.0
1435293049.57
585.6 5.3 15.0 1.0 0.0 0.0 0.0
1435293049.6
585.5 5.2 15.0 1.0 0.0 0.0 0.0
1435293049.64
585.4 5.2 15.0 1.0 0.0 0.0 0.0
1435293049.67
585.3 5.1 15.0 1.0 0.0 0.0 0.0
1435293049.7
585.1 5.1 15.0 1.0 0.0 0.0 0.0
1435293049.73
585.0 5.0 15.0 1.0 0.0 0.0 0.0
1435293049.76
584.8 4.9 15.0 1.0 0.0 0.0 0.0
1435293049.79
584.7 4.8 15.0 1.0 0.0 0.0 0.0
1435293049.82
584.6 4.8 15.0 1.0 0.0 0.0 0.0
1435293049.85
584.4 4.7 15.0 1.0 0.0 0.0 0.0
1435293049.88
584.3 4.6 15.0 1.0 0.0 0.0 0.0
1435293049.91
584.3 4.5 15.0 1.0 0.0 0.0 0.0
1435293049.94
584.3 4.5 15.0 1.0 0.0 0.0 0.0
1435293049.97
584.3 4.4 15.0 1.0 0.0 0.0 0.0
1435293049.99
584.4 4.4 15.0 1.0 0.0 0.0 0.0
1435293050.02
584.6 4.3 15.0 1.0 0.0 0.0 0.0
1435293050.05
584.7 4.2 15.0 1.0 0.0 0.0 0.0
1435293050.08
584.8 4.2 15.0 1.0 0.0 0.0 0.0
1435293050.12
585.0 4.1 15.0 1.0 0.0 0.0 0.0
1435293050.14
585.1 4.0 15.0 1.0 0.0 0.0 0.0
1435293050.18
585.2 4.0 15.0 1.0 0.0 0.0 0.0
1435293050.2
585.4 3.9 15.0 1.0 0.0 0.0 0.0
1435293050.24
585.5 3.9 15.0 1.0 0.0 0.0 0.0
1435293050.27
585.7 3.8 15.0 1.0 0.0 0.0 0.0
1435293050.3
585.8 3.7 15.0 1.0 0.0 0.0 0.0
1435293050.33
585.9 3.7 15.0 1.0 0.0 0.0 0.0
1435293050.36
586.0 3.6 15.0 1.0 0.0 0.0 0.0
1435293050.38
586.2 3.5 15.0 1.0 0.0 0.0 0.0
1435293050.42
586.3 3.5 15.0 1.0 0.0 0.0 0.0
1435293050.44
586.3 3.5 15.0 1.0 0.0 0.0 0.0
1435293050.48
586.3 3.5 15.0 1.0 0.0 0.0 0.0
1435293050.5
586.3 3.5 15.0 1.0 0.0 0.0 0.0
1435293050.54
586.3 3.5 15.0 1.0 0.0 0.0 0.0
1435293050.56
586.3 3.5 15.0 1.0 0.0 0.0 0.0
1435293050.59
586.3 3.5 15.0 1.0 0.0 0.0 0.0
1435293050.62
586.3 3.5 15.0 1.0 0.0 0.0 0.0
1435293050.66
586.3 3.5 15.0 1.0 0.0 0.0 0.0
1435293050.69
586.3 3.5 15.0 1.0 0.0 0.0 0.0
1435293050.72
586.3 3.5 15.0 1.0 0.0 0.0 0.0
1435293050.75
586.3 3.5 15.0 1.0 0.0 0.0 0.0
1435293050.78
586.3 3.5 15.0 1.0 0.0 0.0 0.0
1435293050.81
586.3 3.5 15.0 1.0 0.0 0.0 0.0
1435293050.84
586.3 3.5 15.0 1.0 0.0 0.0 0.0
1435293050.87
586.3 3.5 15.0 1.0 0.0 0.0 0.0
1435293050.9
586.3 3.5 15.0 1.0 0.0 0.0 0.0
1435293050.93
586.3 3.5 15.0 1.0 0.0 0.0 0.0
1435293050.96
586.3 3.5 15.0 1.0 0.0 0.0 0.0
1435293051.0
586.3 3.5 15.0 1.0 0.0 0.0 0.0
1435293051.03
586.3 3.5 15.0 1.0 0.0 0.0 0.0
1435293051.07
586.3 3.5 15.0 1.0 0.0 0.0 0.0
1435293051.09
586.3 3.5 15.0 1.0 0.0 0.0 0.0
1435293051.13
586.3 3.5 15.0 1.0 0.0 0.0 0.0
1435293051.15
586.2 3.5 15.0 1.0 0.0 0.0 0.0
1435293051.19
586.3 3.6 15.0 1.0 0.0 0.0 0.0
1435293051.21
586.4 3.6 15.0 1.0 0.0 0.0 0.0
1435293051.25
586.5 3.6 15.0 1.0 0.0 0.0 0.0
1435293051.27
586.6 3.5 15.0 1.0 0.0 0.0 0.0
1435293051.3
586.7 3.4 15.0 1.0 0.0 0.0 0.0
1435293051.33
586.8 3.3 15.0 1.0 0.0 0.0 0.0
1435293051.36
586.9 3.2 15.0 1.0 0.0 0.0 0.0
1435293051.39
587.1 3.1 15.0 1.0 0.0 0.0 0.0
1435293051.43
587.2 3.0 15.0 1.0 0.0 0.0 0.0
1435293051.45
587.3 3.0 15.0 1.0 0.0 0.0 0.0
1435293051.49
587.5 2.9 15.0 1.0 0.0 0.0 0.0
1435293051.52
587.6 2.8 15.0 1.0 0.0 0.0 0.0
1435293051.55
587.7 2.7 15.0 1.0 0.0 0.0 0.0
1435293051.58
587.8 2.6 15.0 1.0 0.0 0.0 0.0
1435293051.61
588.0 2.5 15.0 1.0 0.0 0.0 0.0
1435293051.64
588.1 2.4 15.0 1.0 0.0 0.0 0.0
1435293051.67
588.2 2.4 15.0 1.0 0.0 0.0 0.0
1435293051.7
588.3 2.3 15.0 1.0 0.0 0.0 0.0
1435293051.73
588.5 2.2 15.0 1.0 0.0 0.0 0.0
1435293051.76
588.6 2.1 15.0 1.0 0.0 0.0 0.0
1435293051.79
588.7 2.0 15.0 1.0 0.0 0.0 0.0
1435293051.82
588.8 1.9 15.0 1.0 0.0 0.0 0.0
1435293051.85
589.0 1.9 15.0 1.0 0.0 0.0 0.0
1435293051.88
589.1 1.8 15.0 1.0 0.0 0.0 0.0
1435293051.91
589.2 1.7 15.0 1.0 0.0 0.0 0.0
1435293051.93
589.3 1.6 15.0 1.0 0.0 0.0 0.0
1435293051.97
589.4 1.5 15.0 1.0 0.0 0.0 0.0
1435293051.99
589.6 1.4 15.0 1.0 0.0 0.0 0.0
1435293052.03
589.7 1.4 15.0 1.0 0.0 0.0 0.0
1435293052.06
589.8 1.3 15.0 1.0 0.0 0.0 0.0
1435293052.09
590.0 1.2 15.0 1.0 0.0 0.0 0.0
1435293052.12
590.1 1.1 15.0 1.0 0.0 0.0 0.0
1435293052.15
590.2 1.0 15.0 1.0 0.0 0.0 0.0
1435293052.18
590.3 0.9 15.0 1.0 0.0 0.0 0.0
1435293052.21
590.4 0.9 15.0 1.0 0.0 0.0 0.0
1435293052.24
590.6 0.8 15.0 1.0 0.0 0.0 0.0
1435293052.27
590.7 0.7 15.0 1.0 0.0 0.0 0.0
1435293052.3
590.9 0.6 15.0 1.0 0.0 0.0 0.0
1435293052.33
591.0 0.5 15.0 1.0 0.0 0.0 0.0
1435293052.36
591.1 0.4 15.0 1.0 0.0 0.0 0.0
1435293052.39
591.2 0.3 15.0 1.0 0.0 0.0 0.0
1435293052.42
591.3 0.3 15.0 1.0 0.0 0.0 0.0
1435293052.45
591.5 0.2 15.0 1.0 0.0 0.0 0.0
1435293052.48
591.6 0.1 15.0 1.0 0.0 0.0 0.0
1435293052.51
591.7 0.0 15.0 1.0 0.0 0.0 0.0
1435293052.54
591.9 -0.1 15.0 1.0 0.0 0.0 0.0
1435293052.57
592.0 -0.1 15.0 1.0 0.0 0.0 0.0
1435293052.6
592.1 -0.2 15.0 1.0 0.0 0.0 0.0
1435293052.63
592.2 -0.3 15.0 1.0 0.0 0.0 0.0
1435293052.66
592.4 -0.4 15.0 1.0 0.0 0.0 0.0
1435293052.69
592.5 -0.5 15.0 1.0 0.0 0.0 0.0
1435293052.72
592.6 -0.6 15.0 1.0 0.0 0.0 0.0
1435293052.75
592.7 -0.7 15.0 1.0 0.0 0.0 0.0
1435293052.78
592.9 -0.7 15.0 1.0 0.0 0.0 0.0
1435293052.81
593.0 -0.8 15.0 1.0 0.0 0.0 0.0
1435293052.84
593.1 -0.9 15.0 1.0 0.0 0.0 0.0
1435293052.87
593.2 -1.0 15.0 1.0 0.0 0.0 0.0
1435293052.9
593.4 -1.1 15.0 1.0 0.0 0.0 0.0
1435293052.93
593.5 -1.2 15.0 1.0 0.0 0.0 0.0
1435293052.96
593.6 -1.2 15.0 1.0 0.0 0.0 0.0
1435293052.99
593.7 -1.3 15.0 1.0 0.0 0.0 0.0
1435293053.02
593.9 -1.4 15.0 1.0 0.0 0.0 0.0
1435293053.05
594.0 -1.5 15.0 1.0 0.0 0.0 0.0
1435293053.08
594.0 -1.5 15.0 1.0 0.0 0.0 0.0
1435293053.11
594.0 -1.5 15.0 1.0 0.0 0.0 0.0
1435293053.14
594.0 -1.5 15.0 1.0 0.0 0.0 0.0
1435293053.17
594.0 -1.5 15.0 1.0 0.0 0.0 0.0
1435293053.2
594.0 -1.5 15.0 1.0 0.0 0.0 0.0
1435293053.23
594.0 -1.5 15.0 1.0 0.0 0.0 0.0
1435293053.26
594.0 -1.5 15.0 1.0 0.0 0.0 0.0
1435293053.29
594.0 -1.5 15.0 1.0 0.0 0.0 0.0
1435293053.32
594.0 -1.5 15.0 1.0 0.0 0.0 0.0
1435293053.35
594.0 -1.5 15.0 1.0 0.0 0.0 0.0
1435293053.38
594.0 -1.5 15.0 1.0 0.0 0.0 0.0
1435293053.41
594.0 -1.5 15.0 1.0 0.0 0.0 0.0
1435293053.44
594.0 -1.5 15.0 1.0 0.0 0.0 0.0
1435293053.47
594.0 -1.5 15.0 1.0 0.0 0.0 0.0
1435293053.5
594.0 -1.5 15.0 1.0 0.0 0.0 0.0
1435293053.53
594.0 -1.5 15.0 1.0 0.0 0.0 0.0
1435293053.56
594.0 -1.5 15.0 1.0 0.0 0.0 0.0
1435293053.59
594.0 -1.5 15.0 1.0 0.0 0.0 0.0
1435293053.62
594.0 -1.5 15.0 1.0 0.0 0.0 0.0
1435293053.65
594.0 -1.5 15.0 1.0 0.0 0.0 0.0
1435293053.68
594.0 -1.5 15.0 1.0 0.0 0.0 0.0
1435293053.72
594.0 -1.5 15.0 1.0 0.0 0.0 0.0
1435293053.75
594.0 -1.5 15.0 1.0 0.0 0.0 0.0
1435293053.78
594.0 -1.5 15.0 1.0 0.0 0.0 0.0
1435293053.81
594.0 -1.5 15.0 1.0 0.0 0.0 0.0
1435293053.84
593.8 -1.4 15.0 1.0 0.0 0.0 0.0
1435293053.87
593.7 -1.4 15.0 1.0 0.0 0.0 0.0
1435293053.9
593.6 -1.3 15.0 1.0 0.0 0.0 0.0
1435293053.93
593.5 -1.2 15.0 1.0 0.0 0.0 0.0
1435293053.96
593.4 -1.1 15.0 1.0 0.0 0.0 0.0
1435293053.99
593.2 -1.0 15.0 1.0 0.0 0.0 0.0
1435293054.02
593.2 -0.9 15.0 1.0 0.0 0.0 0.0
1435293054.06
593.2 -0.8 15.0 1.0 0.0 0.0 0.0
1435293054.08
593.2 -0.8 15.0 1.0 0.0 0.0 0.0
1435293054.12
593.3 -0.8 15.0 1.0 0.0 0.0 0.0
1435293054.14
593.5 -0.9 15.0 1.0 0.0 0.0 0.0
1435293054.18
593.6 -0.9 15.0 1.0 0.0 0.0 0.0
1435293054.21
593.7 -0.9 15.0 1.0 0.0 0.0 0.0
1435293054.24
593.9 -0.9 15.0 1.0 0.0 0.0 0.0
1435293054.27
594.0 -0.9 15.0 1.0 0.0 0.0 0.0
1435293054.3
594.2 -0.9 15.0 1.0 0.0 0.0 0.0
1435293054.33
594.3 -1.0 15.0 1.0 0.0 0.0 0.0
1435293054.36
594.5 -1.0 15.0 1.0 0.0 0.0 0.0
1435293054.39
594.6 -1.0 15.0 1.0 0.0 0.0 0.0
1435293054.42
594.8 -1.0 15.0 1.0 0.0 0.0 0.0
1435293054.45
594.9 -1.0 15.0 1.0 0.0 0.0 0.0
1435293054.48
595.1 -1.1 15.0 1.0 0.0 0.0 0.0
1435293054.51
595.2 -1.1 15.0 1.0 0.0 0.0 0.0
1435293054.54
595.4 -1.1 15.0 1.0 0.0 0.0 0.0
1435293054.57
595.5 -1.1 15.0 1.0 0.0 0.0 0.0
1435293054.6
595.7 -1.1 15.0 1.0 0.0 0.0 0.0
1435293054.63
595.8 -1.2 15.0 1.0 0.0 0.0 0.0
1435293054.66
596.0 -1.2 15.0 1.0 0.0 0.0 0.0
1435293054.69
596.1 -1.2 15.0 1.0 0.0 0.0 0.0
1435293054.72
596.3 -1.2 15.0 1.0 0.0 0.0 0.0
1435293054.75
596.4 -1.2 15.0 1.0 0.0 0.0 0.0
1435293054.78
596.6 -1.3 15.0 1.0 0.0 0.0 0.0
1435293054.81
596.7 -1.3 15.0 1.0 0.0 0.0 0.0
1435293054.84
596.8 -1.3 15.0 1.0 0.0 0.0 0.0
1435293054.87
597.0 -1.3 15.0 1.0 0.0 0.0 0.0
1435293054.9
597.1 -1.3 15.0 1.0 0.0 0.0 0.0
1435293054.93
597.3 -1.4 15.0 1.0 0.0 0.0 0.0
1435293054.96
597.4 -1.4 15.0 1.0 0.0 0.0 0.0
1435293054.99
597.6 -1.4 15.0 1.0 0.0 0.0 0.0
1435293055.02
597.6 -1.4 15.0 1.0 0.0 0.0 0.0
1435293055.05
597.6 -1.4 15.0 1.0 0.0 0.0 0.0
1435293055.08
597.6 -1.4 15.0 1.0 0.0 0.0 0.0
1435293055.11
597.6 -1.4 15.0 1.0 0.0 0.0 0.0
1435293055.14
597.6 -1.4 15.0 1.0 0.0 0.0 0.0
1435293055.17
597.6 -1.4 15.0 1.0 0.0 0.0 0.0
1435293055.2
597.6 -1.4 15.0 1.0 0.0 0.0 0.0
1435293055.23
597.6 -1.4 15.0 1.0 0.0 0.0 0.0
1435293055.26
597.6 -1.4 15.0 1.0 0.0 0.0 0.0
1435293055.29
597.6 -1.4 15.0 1.0 0.0 0.0 0.0
1435293055.32
597.6 -1.4 15.0 1.0 0.0 0.0 0.0
1435293055.35
597.6 -1.4 15.0 1.0 0.0 0.0 0.0
1435293055.38
597.6 -1.4 15.0 1.0 0.0 0.0 0.0
1435293055.41
597.6 -1.4 15.0 1.0 0.0 0.0 0.0
1435293055.44
597.6 -1.4 15.0 1.0 0.0 0.0 0.0
1435293055.47
597.6 -1.4 15.0 1.0 0.0 0.0 0.0
1435293055.5
597.6 -1.4 15.0 1.0 0.0 0.0 0.0
1435293055.53
597.6 -1.4 15.0 1.0 0.0 0.0 0.0
1435293055.56
597.6 -1.4 15.0 1.0 0.0 0.0 0.0
1435293055.59
597.6 -1.4 15.0 1.0 0.0 0.0 0.0
1435293055.62
597.6 -1.4 15.0 1.0 0.0 0.0 0.0
1435293055.65
597.6 -1.4 15.0 1.0 0.0 0.0 0.0
1435293055.68
597.6 -1.4 15.0 1.0 0.0 0.0 0.0
1435293055.71
597.6 -1.4 15.0 1.0 0.0 0.0 0.0
1435293055.74
597.6 -1.4 15.0 1.0 0.0 0.0 0.0
1435293055.78
597.6 -1.4 15.0 1.0 0.0 0.0 0.0
1435293055.8
597.6 -1.4 15.0 1.0 0.0 0.0 0.0
1435293055.84
597.6 -1.4 15.0 1.0 0.0 0.0 0.0
1435293055.86
597.6 -1.4 15.0 1.0 0.0 0.0 0.0
1435293055.9
597.6 -1.4 15.0 1.0 0.0 0.0 0.0
1435293055.93
597.6 -1.4 15.0 1.0 0.0 0.0 0.0
1435293055.96
597.6 -1.4 15.0 1.0 0.0 0.0 0.0
1435293055.99
597.6 -1.4 15.0 1.0 0.0 0.0 0.0
1435293056.02
597.6 -1.4 15.0 1.0 0.0 0.0 0.0
1435293056.04
597.6 -1.4 15.0 1.0 0.0 0.0 0.0
1435293056.08
597.6 -1.4 15.0 1.0 0.0 0.0 0.0
1435293056.11
597.6 -1.4 15.0 1.0 0.0 0.0 0.0
1435293056.14
597.6 -1.4 15.0 1.0 0.0 0.0 0.0
1435293056.17
597.6 -1.4 15.0 1.0 0.0 0.0 0.0
1435293056.2
597.6 -1.4 15.0 1.0 0.0 0.0 0.0
1435293056.23
597.6 -1.4 15.0 1.0 0.0 0.0 0.0
1435293056.26
597.6 -1.4 15.0 1.0 0.0 0.0 0.0
1435293056.28
597.6 -1.4 15.0 1.0 0.0 0.0 0.0
1435293056.32
597.6 -1.4 15.0 1.0 0.0 0.0 0.0
1435293056.35
597.6 -1.4 15.0 1.0 0.0 0.0 0.0
1435293056.37
597.6 -1.4 15.0 1.0 0.0 0.0 0.0
1435293056.41
597.6 -1.4 15.0 1.0 0.0 0.0 0.0
1435293056.44
597.6 -1.4 15.0 1.0 0.0 0.0 0.0
1435293056.47
597.6 -1.4 15.0 1.0 0.0 0.0 0.0
1435293056.5
597.6 -1.4 15.0 1.0 0.0 0.0 0.0
1435293056.53
597.6 -1.4 15.0 1.0 0.0 0.0 0.0
1435293056.56
597.6 -1.4 15.0 1.0 0.0 0.0 0.0
1435293056.59
597.6 -1.4 15.0 1.0 0.0 0.0 0.0
1435293056.62
597.6 -1.4 15.0 1.0 0.0 0.0 0.0
1435293056.65
597.6 -1.4 15.0 1.0 0.0 0.0 0.0
1435293056.68
597.6 -1.4 15.0 1.0 0.0 0.0 0.0
1435293056.71
597.6 -1.4 15.0 1.0 0.0 0.0 0.0
1435293056.74
597.4 -1.5 15.0 1.0 0.0 0.0 0.0
1435293056.77
597.3 -1.5 15.0 1.0 0.0 0.0 0.0
1435293056.8
597.1 -1.5 15.0 1.0 0.0 0.0 0.0
1435293056.84
597.0 -1.5 15.0 1.0 0.0 0.0 0.0
1435293056.87
596.8 -1.5 15.0 1.0 0.0 0.0 0.0
1435293056.9
596.7 -1.5 15.0 1.0 0.0 0.0 0.0
1435293056.93
596.5 -1.6 15.0 1.0 0.0 0.0 0.0
1435293056.96
596.4 -1.6 15.0 1.0 0.0 0.0 0.0
1435293056.99
596.2 -1.6 15.0 1.0 0.0 0.0 0.0
1435293057.02
596.0 -1.6 15.0 1.0 0.0 0.0 0.0
1435293057.05
595.9 -1.6 15.0 1.0 0.0 0.0 0.0
1435293057.09
595.8 -1.6 15.0 1.0 0.0 0.0 0.0
1435293057.11
595.8 -1.6 15.0 1.0 0.0 0.0 0.0
1435293057.15
596.0 -1.6 15.0 1.0 0.0 0.0 0.0
1435293057.18
596.1 -1.5 15.0 1.0 0.0 0.0 0.0
1435293057.21
596.2 -1.5 15.0 1.0 0.0 0.0 0.0
1435293057.23
596.4 -1.4 15.0 1.0 0.0 0.0 0.0
1435293057.27
596.5 -1.4 15.0 1.0 0.0 0.0 0.0
1435293057.3
596.6 -1.3 15.0 1.0 0.0 0.0 0.0
1435293057.33
596.8 -1.2 15.0 1.0 0.0 0.0 0.0
1435293057.36
596.9 -1.1 15.0 1.0 0.0 0.0 0.0
1435293057.39
597.0 -1.1 15.0 1.0 0.0 0.0 0.0
1435293057.42
597.2 -1.0 15.0 1.0 0.0 0.0 0.0
1435293057.45
597.3 -0.9 15.0 1.0 0.0 0.0 0.0
1435293057.48
597.4 -0.9 15.0 1.0 0.0 0.0 0.0
1435293057.51
597.6 -0.8 15.0 1.0 0.0 0.0 0.0
1435293057.54
597.7 -0.7 15.0 1.0 0.0 0.0 0.0
1435293057.57
597.8 -0.7 15.0 1.0 0.0 0.0 0.0
1435293057.6
598.0 -0.6 15.0 1.0 0.0 0.0 0.0
1435293057.63
598.1 -0.6 15.0 1.0 0.0 0.0 0.0
1435293057.66
598.3 -0.5 15.0 1.0 0.0 0.0 0.0
1435293057.69
598.4 -0.4 15.0 1.0 0.0 0.0 0.0
1435293057.72
598.5 -0.4 15.0 1.0 0.0 0.0 0.0
1435293057.75
598.7 -0.3 15.0 1.0 0.0 0.0 0.0
1435293057.78
598.8 -0.3 15.0 1.0 0.0 0.0 0.0
1435293057.81
598.9 -0.2 15.0 1.0 0.0 0.0 0.0
1435293057.84
599.1 -0.1 15.0 1.0 0.0 0.0 0.0
1435293057.87
599.2 -0.1 15.0 1.0 0.0 0.0 0.0
1435293057.9
599.4 0.0 15.0 1.0 0.0 0.0 0.0
1435293057.93
599.5 0.1 15.0 1.0 0.0 0.0 0.0
1435293057.96
599.6 0.1 15.0 1.0 0.0 0.0 0.0
1435293057.99
599.8 0.2 15.0 1.0 0.0 0.0 0.0
1435293058.02
599.9 0.2 15.0 1.0 0.0 0.0 0.0
1435293058.05
600.1 0.3 15.0 1.0 0.0 0.0 0.0
1435293058.08
600.2 0.4 15.0 1.0 0.0 0.0 0.0
1435293058.11
600.3 0.4 15.0 1.0 0.0 0.0 0.0
1435293058.14
600.5 0.5 15.0 1.0 0.0 0.0 0.0
1435293058.18
600.6 0.5 15.0 1.0 0.0 0.0 0.0
1435293058.2
600.8 0.6 15.0 1.0 0.0 0.0 0.0
1435293058.23
600.9 0.7 15.0 1.0 0.0 0.0 0.0
1435293058.26
601.0 0.7 15.0 1.0 0.0 0.0 0.0
1435293058.3
601.2 0.8 15.0 1.0 0.0 0.0 0.0
1435293058.32
601.3 0.9 15.0 1.0 0.0 0.0 0.0
1435293058.36
601.4 0.9 15.0 1.0 0.0 0.0 0.0
1435293058.38
601.6 1.0 15.0 1.0 0.0 0.0 0.0
1435293058.42
601.7 1.0 15.0 1.0 0.0 0.0 0.0
1435293058.45
601.9 1.1 15.0 1.0 0.0 0.0 0.0
1435293058.47
602.0 1.2 15.0 1.0 0.0 0.0 0.0
1435293058.51
602.1 1.2 15.0 1.0 0.0 0.0 0.0
1435293058.54
602.3 1.3 15.0 1.0 0.0 0.0 0.0
1435293058.57
602.4 1.4 15.0 1.0 0.0 0.0 0.0
1435293058.6
602.5 1.4 15.0 1.0 0.0 0.0 0.0
1435293058.63
602.7 1.5 15.0 1.0 0.0 0.0 0.0
1435293058.66
602.8 1.5 15.0 1.0 0.0 0.0 0.0
1435293058.69
603.0 1.6 15.0 1.0 0.0 0.0 0.0
1435293058.72
603.1 1.7 15.0 1.0 0.0 0.0 0.0
1435293058.75
603.2 1.7 15.0 1.0 0.0 0.0 0.0
1435293058.78
603.4 1.8 15.0 1.0 0.0 0.0 0.0
1435293058.81
603.5 1.9 15.0 1.0 0.0 0.0 0.0
1435293058.84
603.6 1.9 15.0 1.0 0.0 0.0 0.0
1435293058.87
603.8 2.0 15.0 1.0 0.0 0.0 0.0
1435293058.9
603.9 2.0 15.0 1.0 0.0 0.0 0.0
1435293058.93
604.1 2.1 15.0 1.0 0.0 0.0 0.0
1435293058.96
604.2 2.2 15.0 1.0 0.0 0.0 0.0
1435293058.99
604.3 2.2 15.0 1.0 0.0 0.0 0.0
1435293059.02
604.5 2.3 15.0 1.0 0.0 0.0 0.0
1435293059.05
604.6 2.4 15.0 1.0 0.0 0.0 0.0
1435293059.08
604.7 2.4 15.0 1.0 0.0 0.0 0.0
1435293059.11
604.9 2.5 15.0 1.0 0.0 0.0 0.0
1435293059.14
605.0 2.5 15.0 1.0 0.0 0.0 0.0
1435293059.17
605.2 2.6 15.0 1.0 0.0 0.0 0.0
1435293059.2
605.3 2.7 15.0 1.0 0.0 0.0 0.0
1435293059.23
605.4 2.7 15.0 1.0 0.0 0.0 0.0
1435293059.26
605.4 2.7 15.0 1.0 0.0 0.0 0.0
1435293059.29
605.4 2.7 15.0 1.0 0.0 0.0 0.0
1435293059.32
605.4 2.7 15.0 1.0 0.0 0.0 0.0
1435293059.35
605.4 2.7 15.0 1.0 0.0 0.0 0.0
1435293059.38
605.4 2.7 15.0 1.0 0.0 0.0 0.0
1435293059.41
605.4 2.7 15.0 1.0 0.0 0.0 0.0
1435293059.44
605.4 2.7 15.0 1.0 0.0 0.0 0.0
1435293059.47
605.4 2.7 15.0 1.0 0.0 0.0 0.0
1435293059.5
605.4 2.7 15.0 1.0 0.0 0.0 0.0
1435293059.53
605.4 2.7 15.0 1.0 0.0 0.0 0.0
1435293059.56
605.4 2.7 15.0 1.0 0.0 0.0 0.0
1435293059.59
605.4 2.7 15.0 1.0 0.0 0.0 0.0
1435293059.62
605.4 2.7 15.0 1.0 0.0 0.0 0.0
1435293059.65
605.4 2.7 15.0 1.0 0.0 0.0 0.0
1435293059.68
605.4 2.7 15.0 1.0 0.0 0.0 0.0
1435293059.71
605.4 2.7 15.0 1.0 0.0 0.0 0.0
1435293059.74
605.4 2.7 15.0 1.0 0.0 0.0 0.0
1435293059.77
605.4 2.7 15.0 1.0 0.0 0.0 0.0
1435293059.8
605.4 2.7 15.0 1.0 0.0 0.0 0.0
1435293059.83
605.4 2.7 15.0 1.0 0.0 0.0 0.0
1435293059.86
605.4 2.7 15.0 1.0 0.0 0.0 0.0
1435293059.9
605.4 2.7 15.0 1.0 0.0 0.0 0.0
1435293059.93
605.4 2.7 15.0 1.0 0.0 0.0 0.0
1435293059.96
605.4 2.7 15.0 1.0 0.0 0.0 0.0
1435293059.99
605.4 2.7 15.0 1.0 0.0 0.0 0.0
1435293060.02
605.4 2.7 15.0 1.0 0.0 0.0 0.0
1435293060.05
605.4 2.7 15.0 1.0 0.0 0.0 0.0
1435293060.08
605.4 2.7 15.0 1.0 0.0 0.0 0.0
1435293060.11
605.4 2.7 15.0 1.0 0.0 0.0 0.0
1435293060.13
605.4 2.7 15.0 1.0 0.0 0.0 0.0
1435293060.17
605.4 2.7 15.0 1.0 0.0 0.0 0.0
1435293060.2
605.4 2.7 15.0 1.0 0.0 0.0 0.0
1435293060.23
605.4 2.7 15.0 1.0 0.0 0.0 0.0
1435293060.26
605.4 2.7 15.0 1.0 0.0 0.0 0.0
1435293060.29
605.4 2.7 15.0 1.0 0.0 0.0 0.0
1435293060.32
605.4 2.7 15.0 1.0 0.0 0.0 0.0
1435293060.35
605.4 2.7 15.0 1.0 0.0 0.0 0.0
1435293060.38
605.4 2.7 15.0 1.0 0.0 0.0 0.0
1435293060.41
605.4 2.7 15.0 1.0 0.0 0.0 0.0
1435293060.44
605.4 2.7 15.0 1.0 0.0 0.0 0.0
1435293060.47
605.4 2.7 15.0 1.0 0.0 0.0 0.0
1435293060.5
605.4 2.7 15.0 1.0 0.0 0.0 0.0
1435293060.53
605.4 2.7 15.0 1.0 0.0 0.0 0.0
1435293060.56
605.4 2.7 15.0 1.0 0.0 0.0 0.0
1435293060.59
605.4 2.7 15.0 1.0 0.0 0.0 0.0
1435293060.62
605.4 2.7 15.0 1.0 0.0 0.0 0.0
1435293060.65
605.4 2.7 15.0 1.0 0.0 0.0 0.0
1435293060.68
605.4 2.7 15.0 1.0 0.0 0.0 0.0
1435293060.71
605.4 2.7 15.0 1.0 0.0 0.0 0.0
1435293060.74
605.4 2.7 15.0 1.0 0.0 0.0 0.0
1435293060.77
605.4 2.7 15.0 1.0 0.0 0.0 0.0
1435293060.8
605.4 2.7 15.0 1.0 0.0 0.0 0.0
1435293060.83
605.4 2.7 15.0 1.0 0.0 0.0 0.0
1435293060.86
605.4 2.7 15.0 1.0 0.0 0.0 0.0
1435293060.89
605.4 2.7 15.0 1.0 0.0 0.0 0.0
1435293060.92
605.4 2.7 15.0 1.0 0.0 0.0 0.0
1435293060.95
605.4 2.7 15.0 1.0 0.0 0.0 0.0
1435293060.99
605.3 2.7 15.0 1.0 0.0 0.0 0.0
1435293061.01
605.2 2.8 15.0 1.0 0.0 0.0 0.0
1435293061.04
605.1 2.9 15.0 1.0 0.0 0.0 0.0
1435293061.07
605.0 3.0 15.0 1.0 0.0 0.0 0.0
1435293061.1
604.8 3.1 15.0 1.0 0.0 0.0 0.0
1435293061.13
604.7 3.2 15.0 1.0 0.0 0.0 0.0
1435293061.17
604.6 3.3 15.0 1.0 0.0 0.0 0.0
1435293061.19
604.5 3.4 15.0 1.0 0.0 0.0 0.0
1435293061.23
604.4 3.5 15.0 1.0 0.0 0.0 0.0
1435293061.25
604.3 3.6 15.0 1.0 0.0 0.0 0.0
1435293061.29
604.2 3.7 15.0 1.0 0.0 0.0 0.0
1435293061.31
604.1 3.7 15.0 1.0 0.0 0.0 0.0
1435293061.35
604.2 3.7 15.0 1.0 0.0 0.0 0.0
1435293061.38
604.2 3.7 15.0 1.0 0.0 0.0 0.0
1435293061.41
604.3 3.6 15.0 1.0 0.0 0.0 0.0
1435293061.44
604.4 3.5 15.0 1.0 0.0 0.0 0.0
1435293061.47
604.5 3.4 15.0 1.0 0.0 0.0 0.0
1435293061.5
604.6 3.3 15.0 1.0 0.0 0.0 0.0
1435293061.53
604.7 3.2 15.0 1.0 0.0 0.0 0.0
1435293061.55
604.8 3.1 15.0 1.0 0.0 0.0 0.0
1435293061.59
604.9 3.0 15.0 1.0 0.0 0.0 0.0
1435293061.62
605.0 2.8 15.0 1.0 0.0 0.0 0.0
1435293061.65
605.1 2.7 15.0 1.0 0.0 0.0 0.0
1435293061.68
605.3 2.6 15.0 1.0 0.0 0.0 0.0
1435293061.71
605.4 2.5 15.0 1.0 0.0 0.0 0.0
1435293061.74
605.5 2.4 15.0 1.0 0.0 0.0 0.0
1435293061.77
605.6 2.3 15.0 1.0 0.0 0.0 0.0
1435293061.8
605.7 2.2 15.0 1.0 0.0 0.0 0.0
1435293061.83
605.8 2.1 15.0 1.0 0.0 0.0 0.0
1435293061.86
605.9 1.9 15.0 1.0 0.0 0.0 0.0
1435293061.89
606.0 1.9 15.0 1.0 0.0 0.0 0.0
1435293061.92
606.1 1.8 15.0 1.0 0.0 0.0 0.0
1435293061.95
606.2 1.7 15.0 1.0 0.0 0.0 0.0
1435293061.98
606.3 1.5 15.0 1.0 0.0 0.0 0.0
1435293062.01
606.4 1.4 15.0 1.0 0.0 0.0 0.0
1435293062.04
606.6 1.3 15.0 1.0 0.0 0.0 0.0
1435293062.07
606.7 1.2 15.0 1.0 0.0 0.0 0.0
1435293062.1
606.8 1.1 15.0 1.0 0.0 0.0 0.0
1435293062.13
606.9 1.0 15.0 1.0 0.0 0.0 0.0
1435293062.16
607.0 0.9 15.0 1.0 0.0 0.0 0.0
1435293062.19
607.1 0.8 15.0 1.0 0.0 0.0 0.0
1435293062.22
607.2 0.7 15.0 1.0 0.0 0.0 0.0
1435293062.25
607.3 0.6 15.0 1.0 0.0 0.0 0.0
1435293062.28
607.4 0.5 15.0 1.0 0.0 0.0 0.0
1435293062.31
607.5 0.4 15.0 1.0 0.0 0.0 0.0
1435293062.34
607.6 0.3 15.0 1.0 0.0 0.0 0.0
1435293062.38
607.7 0.2 15.0 1.0 0.0 0.0 0.0
1435293062.4
607.9 0.1 15.0 1.0 0.0 0.0 0.0
1435293062.43
608.0 0.0 15.0 1.0 0.0 0.0 0.0
1435293062.46
608.1 -0.1 15.0 1.0 0.0 0.0 0.0
1435293062.49
608.2 -0.2 15.0 1.0 0.0 0.0 0.0
1435293062.52
608.3 -0.4 15.0 1.0 0.0 0.0 0.0
1435293062.56
608.4 -0.4 15.0 1.0 0.0 0.0 0.0
1435293062.59
608.5 -0.6 15.0 1.0 0.0 0.0 0.0
1435293062.62
608.6 -0.7 15.0 1.0 0.0 0.0 0.0
1435293062.65
608.8 -0.8 15.0 1.0 0.0 0.0 0.0
1435293062.68
608.9 -0.9 15.0 1.0 0.0 0.0 0.0
1435293062.71
609.0 -1.0 15.0 1.0 0.0 0.0 0.0
1435293062.74
609.1 -1.1 15.0 1.0 0.0 0.0 0.0
1435293062.77
609.2 -1.2 15.0 1.0 0.0 0.0 0.0
1435293062.8
609.3 -1.3 15.0 1.0 0.0 0.0 0.0
1435293062.83
609.4 -1.4 15.0 1.0 0.0 0.0 0.0
1435293062.86
609.5 -1.5 15.0 1.0 0.0 0.0 0.0
1435293062.89
609.6 -1.6 15.0 1.0 0.0 0.0 0.0
1435293062.92
609.7 -1.7 15.0 1.0 0.0 0.0 0.0
1435293062.95
609.8 -1.8 15.0 1.0 0.0 0.0 0.0
1435293062.98
609.9 -1.9 15.0 1.0 0.0 0.0 0.0
1435293063.01
610.0 -2.0 15.0 1.0 0.0 0.0 0.0
1435293063.04
610.1 -2.1 15.0 1.0 0.0 0.0 0.0
1435293063.07
610.3 -2.2 15.0 1.0 0.0 0.0 0.0
1435293063.1
610.4 -2.3 15.0 1.0 0.0 0.0 0.0
1435293063.13
610.5 -2.5 15.0 1.0 0.0 0.0 0.0
1435293063.16
610.6 -2.6 15.0 1.0 0.0 0.0 0.0
1435293063.19
610.7 -2.7 15.0 1.0 0.0 0.0 0.0
1435293063.22
610.8 -2.8 15.0 1.0 0.0 0.0 0.0
1435293063.25
610.9 -2.9 15.0 1.0 0.0 0.0 0.0
1435293063.28
611.0 -3.0 15.0 1.0 0.0 0.0 0.0
1435293063.31
611.1 -3.1 15.0 1.0 0.0 0.0 0.0
1435293063.34
611.2 -3.2 15.0 1.0 0.0 0.0 0.0
1435293063.37
611.3 -3.3 15.0 1.0 0.0 0.0 0.0
1435293063.4
611.4 -3.4 15.0 1.0 0.0 0.0 0.0
1435293063.43
611.6 -3.5 15.0 1.0 0.0 0.0 0.0
1435293063.46
611.6 -3.6 15.0 1.0 0.0 0.0 0.0
1435293063.49
611.8 -3.7 15.0 1.0 0.0 0.0 0.0
1435293063.52
611.9 -3.8 15.0 1.0 0.0 0.0 0.0
1435293063.55
612.0 -3.9 15.0 1.0 0.0 0.0 0.0
1435293063.58
612.1 -4.0 15.0 1.0 0.0 0.0 0.0
1435293063.61
612.2 -4.1 15.0 1.0 0.0 0.0 0.0
1435293063.64
612.3 -4.2 15.0 1.0 0.0 0.0 0.0
1435293063.67
612.4 -4.3 15.0 1.0 0.0 0.0 0.0
1435293063.7
612.5 -4.4 15.0 1.0 0.0 0.0 0.0
1435293063.73
612.6 -4.5 15.0 1.0 0.0 0.0 0.0
1435293063.76
612.7 -4.6 15.0 1.0 0.0 0.0 0.0
1435293063.79
612.8 -4.8 15.0 1.0 0.0 0.0 0.0
1435293063.82
612.9 -4.8 15.0 1.0 0.0 0.0 0.0
1435293063.85
613.1 -4.9 15.0 1.0 0.0 0.0 0.0
1435293063.88
613.1 -5.0 15.0 1.0 0.0 0.0 0.0
1435293063.91
613.1 -5.0 15.0 1.0 0.0 0.0 0.0
1435293063.94
613.1 -5.0 15.0 1.0 0.0 0.0 0.0
1435293063.97
613.1 -5.0 15.0 1.0 0.0 0.0 0.0
1435293064.0
613.1 -5.0 15.0 1.0 0.0 0.0 0.0
1435293064.03
613.1 -5.0 15.0 1.0 0.0 0.0 0.0
1435293064.06
613.1 -5.0 15.0 1.0 0.0 0.0 0.0
1435293064.09
613.1 -5.0 15.0 1.0 0.0 0.0 0.0
1435293064.12
613.1 -5.0 15.0 1.0 0.0 0.0 0.0
1435293064.15
613.1 -5.0 15.0 1.0 0.0 0.0 0.0
1435293064.18
613.1 -5.0 15.0 1.0 0.0 0.0 0.0
1435293064.21
613.1 -5.0 15.0 1.0 0.0 0.0 0.0
1435293064.24
613.1 -5.0 15.0 1.0 0.0 0.0 0.0
1435293064.28
613.1 -5.0 15.0 1.0 0.0 0.0 0.0
1435293064.31
613.1 -5.0 15.0 1.0 0.0 0.0 0.0
1435293064.34
613.1 -5.0 15.0 1.0 0.0 0.0 0.0
1435293064.37
613.1 -5.0 15.0 1.0 0.0 0.0 0.0
1435293064.39
613.1 -5.0 15.0 1.0 0.0 0.0 0.0
1435293064.43
613.1 -5.0 15.0 1.0 0.0 0.0 0.0
1435293064.45
613.1 -5.0 15.0 1.0 0.0 0.0 0.0
1435293064.48
613.1 -5.0 15.0 1.0 0.0 0.0 0.0
1435293064.51
613.1 -5.0 15.0 1.0 0.0 0.0 0.0
1435293064.54
613.1 -5.0 15.0 1.0 0.0 0.0 0.0
1435293064.57
613.1 -5.0 15.0 1.0 0.0 0.0 0.0
1435293064.6
613.1 -5.0 15.0 1.0 0.0 0.0 0.0
1435293064.63
613.2 -5.2 15.0 1.0 0.0 0.0 0.0
1435293064.66
613.2 -5.3 15.0 1.0 0.0 0.0 0.0
1435293064.69
613.3 -5.5 15.0 1.0 0.0 0.0 0.0
1435293064.72
613.3 -5.6 15.0 1.0 0.0 0.0 0.0
1435293064.75
613.4 -5.8 15.0 1.0 0.0 0.0 0.0
1435293064.78
613.4 -5.9 15.0 1.0 0.0 0.0 0.0
1435293064.81
613.5 -6.0 15.0 1.0 0.0 0.0 0.0
1435293064.84
613.5 -6.2 15.0 1.0 0.0 0.0 0.0
1435293064.87
613.6 -6.3 15.0 1.0 0.0 0.0 0.0
1435293064.9
613.6 -6.5 15.0 1.0 0.0 0.0 0.0
1435293064.93
613.6 -6.6 15.0 1.0 0.0 0.0 0.0
1435293064.96
613.7 -6.7 15.0 1.0 0.0 0.0 0.0
1435293064.99
613.7 -6.9 15.0 1.0 0.0 0.0 0.0
1435293065.02
613.8 -7.0 15.0 1.0 0.0 0.0 0.0
1435293065.05
613.8 -7.2 15.0 1.0 0.0 0.0 0.0
1435293065.08
613.9 -7.3 15.0 1.0 0.0 0.0 0.0
1435293065.11
614.0 -7.4 15.0 1.0 0.0 0.0 0.0
1435293065.14
614.0 -7.6 15.0 1.0 0.0 0.0 0.0
1435293065.17
614.1 -7.8 15.0 1.0 0.0 0.0 0.0
1435293065.2
614.1 -7.9 15.0 1.0 0.0 0.0 0.0
1435293065.23
614.2 -8.0 15.0 1.0 0.0 0.0 0.0
1435293065.26
614.2 -8.2 15.0 1.0 0.0 0.0 0.0
1435293065.29
614.3 -8.3 15.0 1.0 0.0 0.0 0.0
1435293065.32
614.3 -8.4 15.0 1.0 0.0 0.0 0.0
1435293065.35
614.3 -8.6 15.0 1.0 0.0 0.0 0.0
1435293065.39
614.4 -8.7 15.0 1.0 0.0 0.0 0.0
1435293065.41
614.4 -8.9 15.0 1.0 0.0 0.0 0.0
1435293065.45
614.5 -9.0 15.0 1.0 0.0 0.0 0.0
1435293065.47
614.5 -9.2 15.0 1.0 0.0 0.0 0.0
1435293065.51
614.6 -9.3 15.0 1.0 0.0 0.0 0.0
1435293065.53
614.6 -9.5 15.0 1.0 0.0 0.0 0.0
1435293065.56
614.7 -9.6 15.0 1.0 0.0 0.0 0.0
1435293065.59
614.7 -9.7 15.0 1.0 0.0 0.0 0.0
1435293065.62
614.8 -9.9 15.0 1.0 0.0 0.0 0.0
1435293065.65
614.8 -10.0 15.0 1.0 0.0 0.0 0.0
1435293065.69
614.9 -10.1 15.0 1.0 0.0 0.0 0.0
1435293065.71
614.9 -10.3 15.0 1.0 0.0 0.0 0.0
1435293065.75
615.0 -10.4 15.0 1.0 0.0 0.0 0.0
1435293065.77
615.0 -10.6 15.0 1.0 0.0 0.0 0.0
1435293065.8
615.1 -10.7 15.0 1.0 0.0 0.0 0.0
1435293065.83
615.1 -10.9 15.0 1.0 0.0 0.0 0.0
1435293065.86
615.2 -11.0 15.0 1.0 0.0 0.0 0.0
1435293065.89
615.2 -11.2 15.0 1.0 0.0 0.0 0.0
1435293065.92
615.3 -11.3 15.0 1.0 0.0 0.0 0.0
1435293065.95
615.3 -11.4 15.0 1.0 0.0 0.0 0.0
1435293065.99
615.4 -11.6 15.0 1.0 0.0 0.0 0.0
1435293066.01
615.4 -11.7 15.0 1.0 0.0 0.0 0.0
1435293066.05
615.5 -11.8 15.0 1.0 0.0 0.0 0.0
1435293066.07
615.5 -12.0 15.0 1.0 0.0 0.0 0.0
1435293066.11
615.6 -12.1 15.0 1.0 0.0 0.0 0.0
1435293066.13
615.6 -12.3 15.0 1.0 0.0 0.0 0.0
1435293066.17
615.7 -12.4 15.0 1.0 0.0 0.0 0.0
1435293066.19
615.7 -12.6 15.0 1.0 0.0 0.0 0.0
1435293066.23
615.8 -12.7 15.0 1.0 0.0 0.0 0.0
1435293066.25
615.8 -12.8 15.0 1.0 0.0 0.0 0.0
1435293066.29
615.8 -12.8 15.0 1.0 0.0 0.0 0.0
1435293066.32
615.8 -12.8 15.0 1.0 0.0 0.0 0.0
1435293066.35
615.8 -12.8 15.0 1.0 0.0 0.0 0.0
1435293066.38
615.8 -12.8 15.0 1.0 0.0 0.0 0.0
1435293066.41
615.8 -12.8 15.0 1.0 0.0 0.0 0.0
1435293066.44
615.8 -12.8 15.0 1.0 0.0 0.0 0.0
1435293066.47
615.8 -12.8 15.0 1.0 0.0 0.0 0.0
1435293066.5
615.8 -12.8 15.0 1.0 0.0 0.0 0.0
1435293066.53
615.8 -12.8 15.0 1.0 0.0 0.0 0.0
1435293066.56
615.8 -12.8 15.0 1.0 0.0 0.0 0.0
1435293066.59
615.8 -12.8 15.0 1.0 0.0 0.0 0.0
1435293066.62
615.8 -12.8 15.0 1.0 0.0 0.0 0.0
1435293066.65
615.8 -12.8 15.0 1.0 0.0 0.0 0.0
1435293066.68
615.8 -12.8 15.0 1.0 0.0 0.0 0.0
1435293066.71
615.8 -12.8 15.0 1.0 0.0 0.0 0.0
1435293066.74
615.8 -12.8 15.0 1.0 0.0 0.0 0.0
1435293066.77
615.8 -12.8 15.0 1.0 0.0 0.0 0.0
1435293066.8
615.8 -12.8 15.0 1.0 0.0 0.0 0.0
1435293066.83
615.8 -12.8 15.0 1.0 0.0 0.0 0.0
1435293066.87
615.8 -12.8 15.0 1.0 0.0 0.0 0.0
1435293066.9
615.8 -12.8 15.0 1.0 0.0 0.0 0.0
1435293066.93
615.8 -12.8 15.0 1.0 0.0 0.0 0.0
1435293066.96
615.8 -12.8 15.0 1.0 0.0 0.0 0.0
1435293066.99
615.8 -12.8 15.0 1.0 0.0 0.0 0.0
1435293067.02
615.7 -12.6 15.0 1.0 0.0 0.0 0.0
1435293067.05
615.6 -12.5 15.0 1.0 0.0 0.0 0.0
1435293067.08
615.6 -12.3 15.0 1.0 0.0 0.0 0.0
1435293067.11
615.5 -12.2 15.0 1.0 0.0 0.0 0.0
1435293067.14
615.5 -12.0 15.0 1.0 0.0 0.0 0.0
1435293067.17
615.4 -11.9 15.0 1.0 0.0 0.0 0.0
1435293067.2
615.4 -11.8 15.0 1.0 0.0 0.0 0.0
1435293067.23
615.4 -11.8 15.0 1.0 0.0 0.0 0.0
1435293067.26
615.4 -11.8 15.0 1.0 0.0 0.0 0.0
1435293067.29
615.4 -11.8 15.0 1.0 0.0 0.0 0.0
1435293067.32
615.4 -11.8 15.0 1.0 0.0 0.0 0.0
1435293067.35
615.4 -11.8 15.0 1.0 0.0 0.0 0.0
1435293067.38
615.4 -11.8 15.0 1.0 0.0 0.0 0.0
1435293067.41
615.4 -11.8 15.0 1.0 0.0 0.0 0.0
1435293067.44
615.4 -11.8 15.0 1.0 0.0 0.0 0.0
1435293067.47
615.4 -11.8 15.0 1.0 0.0 0.0 0.0
1435293067.5
615.4 -11.8 15.0 1.0 0.0 0.0 0.0
1435293067.53
615.4 -11.8 15.0 1.0 0.0 0.0 0.0
1435293067.56
615.4 -11.8 15.0 1.0 0.0 0.0 0.0
1435293067.59
615.4 -11.8 15.0 1.0 0.0 0.0 0.0
1435293067.62
615.4 -11.8 15.0 1.0 0.0 0.0 0.0
1435293067.65
615.4 -11.8 15.0 1.0 0.0 0.0 0.0
1435293067.68
615.4 -11.8 15.0 1.0 0.0 0.0 0.0
1435293067.71
615.4 -11.8 15.0 1.0 0.0 0.0 0.0
1435293067.74
615.4 -11.8 15.0 1.0 0.0 0.0 0.0
1435293067.77
615.4 -11.8 15.0 1.0 0.0 0.0 0.0
1435293067.8
615.4 -11.8 15.0 1.0 0.0 0.0 0.0
1435293067.83
615.4 -11.8 15.0 1.0 0.0 0.0 0.0
1435293067.86
615.4 -11.8 15.0 1.0 0.0 0.0 0.0
1435293067.9
615.4 -11.8 15.0 1.0 0.0 0.0 0.0
1435293067.93
615.4 -11.8 15.0 1.0 0.0 0.0 0.0
1435293067.96
615.4 -11.8 15.0 1.0 0.0 0.0 0.0
1435293067.99
615.4 -11.8 15.0 1.0 0.0 0.0 0.0
1435293068.02
615.4 -11.8 15.0 1.0 0.0 0.0 0.0
1435293068.04
615.4 -11.8 15.0 1.0 0.0 0.0 0.0
1435293068.08
615.4 -11.8 15.0 1.0 0.0 0.0 0.0
1435293068.11
615.4 -11.8 15.0 1.0 0.0 0.0 0.0
1435293068.14
615.4 -11.8 15.0 1.0 0.0 0.0 0.0
1435293068.17
615.4 -11.8 15.0 1.0 0.0 0.0 0.0
1435293068.2
615.4 -11.8 15.0 1.0 0.0 0.0 0.0
1435293068.22
615.4 -11.8 15.0 1.0 0.0 0.0 0.0
1435293068.26
615.4 -11.8 15.0 1.0 0.0 0.0 0.0
1435293068.29
615.4 -11.8 15.0 1.0 0.0 0.0 0.0
1435293068.32
615.4 -11.8 15.0 1.0 0.0 0.0 0.0
1435293068.34
615.4 -11.8 15.0 1.0 0.0 0.0 0.0
1435293068.38
615.4 -11.8 15.0 1.0 0.0 0.0 0.0
1435293068.41
615.4 -11.8 15.0 1.0 0.0 0.0 0.0
1435293068.44
615.4 -11.8 15.0 1.0 0.0 0.0 0.0
1435293068.46
615.4 -11.8 15.0 1.0 0.0 0.0 0.0
1435293068.5
615.4 -11.8 15.0 1.0 0.0 0.0 0.0
1435293068.53
615.4 -11.8 15.0 1.0 0.0 0.0 0.0
1435293068.56
615.4 -11.8 15.0 1.0 0.0 0.0 0.0
1435293068.59
615.4 -11.8 15.0 1.0 0.0 0.0 0.0
1435293068.62
615.4 -11.8 15.0 1.0 0.0 0.0 0.0
1435293068.65
615.4 -11.8 15.0 1.0 0.0 0.0 0.0
1435293068.68
615.4 -11.8 15.0 1.0 0.0 0.0 0.0
1435293068.71
615.4 -11.8 15.0 1.0 0.0 0.0 0.0
1435293068.73
615.4 -11.8 15.0 1.0 0.0 0.0 0.0
1435293068.77
615.4 -11.8 15.0 1.0 0.0 0.0 0.0
1435293068.8
615.4 -11.8 15.0 1.0 0.0 0.0 0.0
1435293068.83
615.4 -11.8 15.0 1.0 0.0 0.0 0.0
1435293068.85
615.4 -11.8 15.0 1.0 0.0 0.0 0.0
1435293068.88
615.4 -11.8 15.0 1.0 0.0 0.0 0.0
1435293068.91
615.4 -11.8 15.0 1.0 0.0 0.0 0.0
1435293068.94
615.4 -11.8 15.0 1.0 0.0 0.0 0.0
1435293068.98
615.4 -11.8 15.0 1.0 0.0 0.0 0.0
1435293069.0
615.4 -11.8 15.0 1.0 0.0 0.0 0.0
1435293069.04
615.4 -11.8 15.0 1.0 0.0 0.0 0.0
1435293069.07
615.4 -11.8 15.0 1.0 0.0 0.0 0.0
1435293069.1
615.4 -11.8 15.0 1.0 0.0 0.0 0.0
1435293069.13
615.4 -11.8 15.0 1.0 0.0 0.0 0.0
1435293069.16
615.4 -11.8 15.0 1.0 0.0 0.0 0.0
1435293069.18
615.4 -11.8 15.0 1.0 0.0 0.0 0.0
1435293069.22
615.4 -11.8 15.0 1.0 0.0 0.0 0.0
1435293069.24
615.4 -11.8 15.0 1.0 0.0 0.0 0.0
1435293069.27
615.4 -11.8 15.0 1.0 0.0 0.0 0.0
1435293069.3
615.4 -11.8 15.0 1.0 0.0 0.0 0.0
1435293069.34
615.4 -11.8 15.0 1.0 0.0 0.0 0.0
1435293069.36
615.4 -11.8 15.0 1.0 0.0 0.0 0.0
1435293069.4
615.4 -11.8 15.0 1.0 0.0 0.0 0.0
1435293069.42
615.4 -11.8 15.0 1.0 0.0 0.0 0.0
1435293069.45
615.4 -11.8 15.0 1.0 0.0 0.0 0.0
1435293069.48
615.4 -11.8 15.0 1.0 0.0 0.0 0.0
1435293069.52
615.4 -11.8 15.0 1.0 0.0 0.0 0.0
1435293069.54
615.4 -11.8 15.0 1.0 0.0 0.0 0.0
1435293069.58
615.4 -11.8 15.0 1.0 0.0 0.0 0.0
1435293069.6
615.4 -11.8 15.0 1.0 0.0 0.0 0.0
1435293069.63
615.4 -11.8 15.0 1.0 0.0 0.0 0.0
1435293069.66
615.4 -11.8 15.0 1.0 0.0 0.0 0.0
1435293069.69
615.4 -11.8 15.0 1.0 0.0 0.0 0.0
1435293069.72
615.4 -11.8 15.0 1.0 0.0 0.0 0.0
1435293069.76
615.4 -11.8 15.0 1.0 0.0 0.0 0.0
1435293069.78
615.4 -11.8 15.0 1.0 0.0 0.0 0.0
1435293069.81
615.4 -11.8 15.0 1.0 0.0 0.0 0.0
1435293069.84
615.4 -11.8 15.0 1.0 0.0 0.0 0.0
1435293069.88
615.4 -11.8 15.0 1.0 0.0 0.0 0.0
1435293069.9
615.4 -11.8 15.0 1.0 0.0 0.0 0.0
1435293069.93
615.4 -11.8 15.0 1.0 0.0 0.0 0.0
1435293069.96
615.4 -11.8 15.0 1.0 0.0 0.0 0.0
1435293070.0
615.4 -11.8 15.0 1.0 0.0 0.0 0.0
1435293070.02
615.4 -11.8 15.0 1.0 0.0 0.0 0.0
1435293070.06
615.4 -11.8 15.0 1.0 0.0 0.0 0.0
1435293070.08
615.4 -11.8 15.0 1.0 0.0 0.0 0.0
1435293070.11
615.4 -11.8 15.0 1.0 0.0 0.0 0.0
1435293070.14
615.4 -11.8 15.0 1.0 0.0 0.0 0.0
1435293070.17
615.4 -11.8 15.0 1.0 0.0 0.0 0.0
1435293070.21
615.4 -11.8 15.0 1.0 0.0 0.0 0.0
1435293070.24
615.4 -11.8 15.0 1.0 0.0 0.0 0.0
1435293070.26
615.4 -11.8 15.0 1.0 0.0 0.0 0.0
1435293070.29
615.4 -11.8 15.0 1.0 0.0 0.0 0.0
1435293070.33
615.4 -11.8 15.0 1.0 0.0 0.0 0.0
1435293070.36
615.4 -11.8 15.0 1.0 0.0 0.0 0.0
1435293070.39
615.4 -11.8 15.0 1.0 0.0 0.0 0.0
1435293070.41
615.4 -11.8 15.0 1.0 0.0 0.0 0.0
1435293070.44
615.4 -11.8 15.0 1.0 0.0 0.0 0.0
1435293070.48
615.4 -11.8 15.0 1.0 0.0 0.0 0.0
1435293070.5
615.4 -11.8 15.0 1.0 0.0 0.0 0.0
1435293070.54
615.4 -11.8 15.0 1.0 0.0 0.0 0.0
1435293070.56
615.4 -11.8 15.0 1.0 0.0 0.0 0.0
1435293070.59
615.4 -11.8 15.0 1.0 0.0 0.0 0.0
1435293070.62
615.4 -11.8 15.0 1.0 0.0 0.0 0.0
1435293070.65
615.4 -11.8 15.0 1.0 0.0 0.0 0.0
1435293070.68
615.4 -11.8 15.0 1.0 0.0 0.0 0.0
1435293070.72
615.4 -11.8 15.0 1.0 0.0 0.0 0.0
1435293070.74
615.4 -11.8 15.0 1.0 0.0 0.0 0.0
1435293070.77
615.4 -11.8 15.0 1.0 0.0 0.0 0.0
1435293070.8
615.4 -11.8 15.0 1.0 0.0 0.0 0.0
1435293070.83
615.4 -11.8 15.0 1.0 0.0 0.0 0.0
1435293070.86
615.4 -11.8 15.0 1.0 0.0 0.0 0.0
1435293070.9
615.4 -11.8 15.0 1.0 0.0 0.0 0.0
1435293070.92
615.4 -11.8 15.0 1.0 0.0 0.0 0.0
1435293070.95
615.4 -11.8 15.0 1.0 0.0 0.0 0.0
1435293070.98
615.4 -11.8 15.0 1.0 0.0 0.0 0.0
1435293071.02
615.4 -11.8 15.0 1.0 0.0 0.0 0.0
1435293071.05
615.4 -11.8 15.0 1.0 0.0 0.0 0.0
1435293071.07
615.4 -11.8 15.0 1.0 0.0 0.0 0.0
1435293071.11
615.4 -11.8 15.0 1.0 0.0 0.0 0.0
1435293071.14
615.4 -11.8 15.0 1.0 0.0 0.0 0.0
1435293071.17
615.4 -11.8 15.0 1.0 0.0 0.0 0.0
1435293071.2
615.4 -11.8 15.0 1.0 0.0 0.0 0.0
1435293071.22
615.4 -11.8 15.0 1.0 0.0 0.0 0.0
1435293071.26
615.4 -11.8 15.0 1.0 0.0 0.0 0.0
1435293071.28
615.4 -11.8 15.0 1.0 0.0 0.0 0.0
1435293071.32
615.4 -11.8 15.0 1.0 0.0 0.0 0.0
1435293071.34
615.4 -11.8 15.0 1.0 0.0 0.0 0.0
1435293071.38
615.4 -11.8 15.0 1.0 0.0 0.0 0.0
1435293071.41
615.4 -11.8 15.0 1.0 0.0 0.0 0.0
1435293071.44
615.4 -11.8 15.0 1.0 0.0 0.0 0.0
1435293071.46
615.4 -11.8 15.0 1.0 0.0 0.0 0.0
1435293071.49
615.4 -11.8 15.0 1.0 0.0 0.0 0.0
1435293071.52
615.4 -11.8 15.0 1.0 0.0 0.0 0.0
1435293071.56
615.4 -11.8 15.0 1.0 0.0 0.0 0.0
1435293071.58
615.4 -11.8 15.0 1.0 0.0 0.0 0.0
1435293071.62
615.4 -11.8 15.0 1.0 0.0 0.0 0.0
1435293071.64
615.4 -11.8 15.0 1.0 0.0 0.0 0.0
1435293071.68
615.4 -11.8 15.0 1.0 0.0 0.0 0.0
1435293071.7
615.4 -11.8 15.0 1.0 0.0 0.0 0.0
1435293071.74
615.4 -11.8 15.0 1.0 0.0 0.0 0.0
1435293071.76
615.4 -11.8 15.0 1.0 0.0 0.0 0.0
1435293071.8
615.4 -11.8 15.0 1.0 0.0 0.0 0.0
1435293071.82
615.4 -11.8 15.0 1.0 0.0 0.0 0.0
1435293071.85
615.4 -11.8 15.0 1.0 0.0 0.0 0.0
1435293071.88
615.4 -11.8 15.0 1.0 0.0 0.0 0.0
1435293071.91
615.4 -11.8 15.0 1.0 0.0 0.0 0.0
1435293071.94
615.4 -11.8 15.0 1.0 0.0 0.0 0.0
1435293071.98
615.4 -11.8 15.0 1.0 0.0 0.0 0.0
1435293072.0
615.4 -11.8 15.0 1.0 0.0 0.0 0.0
1435293072.04
615.4 -11.8 15.0 1.0 0.0 0.0 0.0
1435293072.06
615.4 -11.8 15.0 1.0 0.0 0.0 0.0
1435293072.09
615.4 -11.8 15.0 1.0 0.0 0.0 0.0
1435293072.12
615.4 -11.8 15.0 1.0 0.0 0.0 0.0
1435293072.15
615.4 -11.8 15.0 1.0 0.0 0.0 0.0
1435293072.19
615.4 -11.8 15.0 1.0 0.0 0.0 0.0
1435293072.22
615.4 -11.8 15.0 1.0 0.0 0.0 0.0
1435293072.25
615.4 -11.8 15.0 1.0 0.0 0.0 0.0
1435293072.28
615.4 -11.8 15.0 1.0 0.0 0.0 0.0
1435293072.31
615.4 -11.8 15.0 1.0 0.0 0.0 0.0
1435293072.34
615.4 -11.8 15.0 1.0 0.0 0.0 0.0
1435293072.36
615.4 -11.8 15.0 1.0 0.0 0.0 0.0
1435293072.39
615.4 -11.8 15.0 1.0 0.0 0.0 0.0
1435293072.43
615.4 -11.8 15.0 1.0 0.0 0.0 0.0
1435293072.46
615.4 -11.8 15.0 1.0 0.0 0.0 0.0
1435293072.48
615.4 -11.8 15.0 1.0 0.0 0.0 0.0
1435293072.52
615.4 -11.8 15.0 1.0 0.0 0.0 0.0
1435293072.55
615.4 -11.8 15.0 1.0 0.0 0.0 0.0
1435293072.57
615.4 -11.8 15.0 1.0 0.0 0.0 0.0
1435293072.6
615.4 -11.8 15.0 1.0 0.0 0.0 0.0
1435293072.64
615.4 -11.8 15.0 1.0 0.0 0.0 0.0
1435293072.66
615.4 -11.8 15.0 1.0 0.0 0.0 0.0
1435293072.69
615.4 -11.8 15.0 1.0 0.0 0.0 0.0
1435293072.72
615.4 -11.8 15.0 1.0 0.0 0.0 0.0
1435293072.76
615.4 -11.8 15.0 1.0 0.0 0.0 0.0
1435293072.78
615.4 -11.8 15.0 1.0 0.0 0.0 0.0
1435293072.81
615.4 -11.8 15.0 1.0 0.0 0.0 0.0
1435293072.84
615.4 -11.8 15.0 1.0 0.0 0.0 0.0
1435293072.87
615.4 -11.8 15.0 1.0 0.0 0.0 0.0
1435293072.9
615.4 -11.8 15.0 1.0 0.0 0.0 0.0
1435293072.93
615.4 -11.8 15.0 1.0 0.0 0.0 0.0
1435293072.96
615.4 -11.8 15.0 1.0 0.0 0.0 0.0
1435293073.0
615.4 -11.8 15.0 1.0 0.0 0.0 0.0
1435293073.02
615.4 -11.8 15.0 1.0 0.0 0.0 0.0
1435293073.05
615.4 -11.8 15.0 1.0 0.0 0.0 0.0
1435293073.08
615.4 -11.8 15.0 1.0 0.0 0.0 0.0
