1435267725.37
500.0 0.0 15.0 1.0 0.0 0.0 0.0
1435267725.4
500.0 0.0 15.0 1.0 0.0 0.0 0.0
1435267725.43
500.0 0.0 15.0 1.0 0.0 0.0 0.0
1435267725.46
500.0 0.0 15.0 1.0 0.0 0.0 0.0
1435267725.49
500.0 0.0 15.0 1.0 0.0 0.0 0.0
1435267725.52
500.0 0.0 15.0 1.0 0.0 0.0 0.0
1435267725.55
500.0 0.0 15.0 1.0 0.0 0.0 0.0
1435267725.58
500.0 0.0 15.0 1.0 0.0 0.0 0.0
1435267725.61
500.0 0.0 15.0 1.0 0.0 0.0 0.0
1435267725.64
500.0 0.0 15.0 1.0 0.0 0.0 0.0
1435267725.67
500.0 0.0 15.0 1.0 0.0 0.0 0.0
1435267725.7
500.0 0.0 15.0 1.0 0.0 0.0 0.0
1435267725.73
500.0 0.0 15.0 1.0 0.0 0.0 0.0
1435267725.76
500.0 0.0 15.0 1.0 0.0 0.0 0.0
1435267725.79
500.0 0.0 15.0 1.0 0.0 0.0 0.0
1435267725.82
500.0 0.0 15.0 1.0 0.0 0.0 0.0
1435267725.85
500.0 0.0 15.0 1.0 0.0 0.0 0.0
1435267725.88
500.0 0.0 15.0 1.0 0.0 0.0 0.0
1435267725.9
500.0 0.0 15.0 1.0 0.0 0.0 0.0
1435267725.94
500.0 0.0 15.0 1.0 0.0 0.0 0.0
1435267725.96
500.1 0.0 15.0 1.0 0.0 0.0 0.0
1435267726.0
500.1 0.0 15.0 1.0 0.0 0.0 0.0
1435267726.02
500.2 0.0 15.0 1.0 0.0 0.0 0.0
1435267726.06
500.2 -0.1 15.0 1.0 0.0 0.0 0.0
1435267726.09
500.3 -0.1 15.0 1.0 0.0 0.0 0.0
1435267726.12
500.3 -0.1 15.0 1.0 0.0 0.0 0.0
1435267726.15
500.4 -0.1 15.0 1.0 0.0 0.0 0.0
1435267726.18
500.4 -0.2 15.0 1.0 0.0 0.0 0.0
1435267726.21
500.5 -0.2 15.0 1.0 0.0 0.0 0.0
1435267726.24
500.6 -0.2 15.0 1.0 0.0 0.0 0.0
1435267726.27
500.6 -0.2 15.0 1.0 0.0 0.0 0.0
1435267726.3
500.7 -0.2 15.0 1.0 0.0 0.0 0.0
1435267726.33
500.7 -0.3 15.0 1.0 0.0 0.0 0.0
1435267726.36
500.8 -0.3 15.0 1.0 0.0 0.0 0.0
1435267726.39
500.9 -0.3 15.0 1.0 0.0 0.0 0.0
1435267726.42
500.9 -0.3 15.0 1.0 0.0 0.0 0.0
1435267726.45
501.0 -0.4 15.0 1.0 0.0 0.0 0.0
1435267726.48
501.0 -0.4 15.0 1.0 0.0 0.0 0.0
1435267726.51
501.1 -0.4 15.0 1.0 0.0 0.0 0.0
1435267726.55
501.1 -0.4 15.0 1.0 0.0 0.0 0.0
1435267726.58
501.2 -0.4 15.0 1.0 0.0 0.0 0.0
1435267726.61
501.3 -0.5 15.0 1.0 0.0 0.0 0.0
1435267726.64
501.3 -0.5 15.0 1.0 0.0 0.0 0.0
1435267726.67
501.4 -0.5 15.0 1.0 0.0 0.0 0.0
1435267726.7
501.4 -0.5 15.0 1.0 0.0 0.0 0.0
1435267726.73
501.5 -0.5 15.0 1.0 0.0 0.0 0.0
1435267726.76
501.5 -0.6 15.0 1.0 0.0 0.0 0.0
1435267726.79
501.6 -0.6 15.0 1.0 0.0 0.0 0.0
1435267726.82
501.7 -0.6 15.0 1.0 0.0 0.0 0.0
1435267726.86
501.7 -0.6 15.0 1.0 0.0 0.0 0.0
1435267726.88
501.8 -0.7 15.0 1.0 0.0 0.0 0.0
1435267726.91
501.8 -0.7 15.0 1.0 0.0 0.0 0.0
1435267726.94
501.9 -0.7 15.0 1.0 0.0 0.0 0.0
1435267726.97
501.9 -0.7 15.0 1.0 0.0 0.0 0.0
1435267727.0
502.0 -0.7 15.0 1.0 0.0 0.0 0.0
1435267727.03
502.1 -0.8 15.0 1.0 0.0 0.0 0.0
1435267727.06
502.1 -0.8 15.0 1.0 0.0 0.0 0.0
1435267727.09
502.2 -0.8 15.0 1.0 0.0 0.0 0.0
1435267727.12
502.2 -0.8 15.0 1.0 0.0 0.0 0.0
1435267727.15
502.3 -0.8 15.0 1.0 0.0 0.0 0.0
1435267727.18
502.3 -0.9 15.0 1.0 0.0 0.0 0.0
1435267727.22
502.4 -0.9 15.0 1.0 0.0 0.0 0.0
1435267727.24
502.5 -0.9 15.0 1.0 0.0 0.0 0.0
1435267727.28
502.5 -0.9 15.0 1.0 0.0 0.0 0.0
1435267727.3
502.6 -0.9 15.0 1.0 0.0 0.0 0.0
1435267727.34
502.6 -1.0 15.0 1.0 0.0 0.0 0.0
1435267727.37
502.7 -1.0 15.0 1.0 0.0 0.0 0.0
1435267727.4
502.7 -1.0 15.0 1.0 0.0 0.0 0.0
1435267727.42
502.8 -1.0 15.0 1.0 0.0 0.0 0.0
1435267727.45
502.8 -1.0 15.0 1.0 0.0 0.0 0.0
1435267727.49
502.9 -1.1 15.0 1.0 0.0 0.0 0.0
1435267727.52
503.0 -1.1 15.0 1.0 0.0 0.0 0.0
1435267727.54
503.0 -1.1 15.0 1.0 0.0 0.0 0.0
1435267727.58
503.1 -1.1 15.0 1.0 0.0 0.0 0.0
1435267727.6
503.1 -1.1 15.0 1.0 0.0 0.0 0.0
1435267727.64
503.2 -1.2 15.0 1.0 0.0 0.0 0.0
1435267727.66
503.2 -1.2 15.0 1.0 0.0 0.0 0.0
1435267727.7
503.3 -1.2 15.0 1.0 0.0 0.0 0.0
1435267727.72
503.4 -1.2 15.0 1.0 0.0 0.0 0.0
1435267727.76
503.4 -1.2 15.0 1.0 0.0 0.0 0.0
1435267727.79
503.5 -1.3 15.0 1.0 0.0 0.0 0.0
1435267727.82
503.5 -1.3 15.0 1.0 0.0 0.0 0.0
1435267727.85
503.6 -1.3 15.0 1.0 0.0 0.0 0.0
1435267727.88
503.6 -1.3 15.0 1.0 0.0 0.0 0.0
1435267727.91
503.7 -1.3 15.0 1.0 0.0 0.0 0.0
1435267727.94
503.8 -1.4 15.0 1.0 0.0 0.0 0.0
1435267727.97
503.8 -1.4 15.0 1.0 0.0 0.0 0.0
1435267728.0
503.9 -1.4 15.0 1.0 0.0 0.0 0.0
1435267728.03
503.9 -1.4 15.0 1.0 0.0 0.0 0.0
1435267728.06
504.0 -1.4 15.0 1.0 0.0 0.0 0.0
1435267728.09
504.0 -1.5 15.0 1.0 0.0 0.0 0.0
1435267728.12
504.1 -1.5 15.0 1.0 0.0 0.0 0.0
1435267728.15
504.2 -1.5 15.0 1.0 0.0 0.0 0.0
1435267728.18
504.2 -1.5 15.0 1.0 0.0 0.0 0.0
1435267728.21
504.3 -1.5 15.0 1.0 0.0 0.0 0.0
1435267728.24
504.3 -1.6 15.0 1.0 0.0 0.0 0.0
1435267728.27
504.4 -1.6 15.0 1.0 0.0 0.0 0.0
1435267728.3
504.4 -1.6 15.0 1.0 0.0 0.0 0.0
1435267728.33
504.5 -1.6 15.0 1.0 0.0 0.0 0.0
1435267728.36
504.6 -1.7 15.0 1.0 0.0 0.0 0.0
1435267728.39
504.6 -1.7 15.0 1.0 0.0 0.0 0.0
1435267728.42
504.7 -1.7 15.0 1.0 0.0 0.0 0.0
1435267728.45
504.7 -1.7 15.0 1.0 0.0 0.0 0.0
1435267728.48
504.8 -1.7 15.0 1.0 0.0 0.0 0.0
1435267728.51
504.9 -1.8 15.0 1.0 0.0 0.0 0.0
1435267728.54
504.9 -1.8 15.0 1.0 0.0 0.0 0.0
1435267728.57
505.0 -1.8 15.0 1.0 0.0 0.0 0.0
1435267728.6
505.0 -1.8 15.0 1.0 0.0 0.0 0.0
1435267728.63
505.1 -1.8 15.0 1.0 0.0 0.0 0.0
1435267728.66
505.1 -1.9 15.0 1.0 0.0 0.0 0.0
1435267728.69
505.2 -1.9 15.0 1.0 0.0 0.0 0.0
1435267728.72
505.2 -1.9 15.0 1.0 0.0 0.0 0.0
1435267728.75
505.3 -1.9 15.0 1.0 0.0 0.0 0.0
1435267728.78
505.3 -2.0 15.0 1.0 0.0 0.0 0.0
1435267728.81
505.4 -2.0 15.0 1.0 0.0 0.0 0.0
1435267728.85
505.5 -2.0 15.0 1.0 0.0 0.0 0.0
1435267728.87
505.5 -2.0 15.0 1.0 0.0 0.0 0.0
1435267728.91
505.6 -2.0 15.0 1.0 0.0 0.0 0.0
1435267728.94
505.6 -2.1 15.0 1.0 0.0 0.0 0.0
1435267728.97
505.7 -2.1 15.0 1.0 0.0 0.0 0.0
1435267729.0
505.8 -2.1 15.0 1.0 0.0 0.0 0.0
1435267729.03
505.8 -2.1 15.0 1.0 0.0 0.0 0.0
1435267729.06
505.9 -2.1 15.0 1.0 0.0 0.0 0.0
1435267729.09
505.9 -2.2 15.0 1.0 0.0 0.0 0.0
1435267729.12
506.0 -2.2 15.0 1.0 0.0 0.0 0.0
1435267729.15
506.0 -2.2 15.0 1.0 0.0 0.0 0.0
1435267729.18
506.1 -2.2 15.0 1.0 0.0 0.0 0.0
1435267729.21
506.2 -2.2 15.0 1.0 0.0 0.0 0.0
1435267729.24
506.2 -2.3 15.0 1.0 0.0 0.0 0.0
1435267729.27
506.3 -2.3 15.0 1.0 0.0 0.0 0.0
1435267729.3
506.3 -2.3 15.0 1.0 0.0 0.0 0.0
1435267729.33
506.4 -2.3 15.0 1.0 0.0 0.0 0.0
1435267729.36
506.4 -2.3 15.0 1.0 0.0 0.0 0.0
1435267729.39
506.5 -2.4 15.0 1.0 0.0 0.0 0.0
1435267729.42
506.6 -2.4 15.0 1.0 0.0 0.0 0.0
1435267729.46
506.6 -2.4 15.0 1.0 0.0 0.0 0.0
1435267729.48
506.7 -2.4 15.0 1.0 0.0 0.0 0.0
1435267729.52
506.7 -2.4 15.0 1.0 0.0 0.0 0.0
1435267729.54
506.8 -2.5 15.0 1.0 0.0 0.0 0.0
1435267729.58
506.8 -2.5 15.0 1.0 0.0 0.0 0.0
1435267729.6
506.9 -2.5 15.0 1.0 0.0 0.0 0.0
1435267729.64
506.9 -2.5 15.0 1.0 0.0 0.0 0.0
1435267729.66
507.0 -2.5 15.0 1.0 0.0 0.0 0.0
1435267729.7
507.1 -2.6 15.0 1.0 0.0 0.0 0.0
1435267729.73
507.1 -2.6 15.0 1.0 0.0 0.0 0.0
1435267729.76
507.2 -2.6 15.0 1.0 0.0 0.0 0.0
1435267729.79
507.3 -2.6 15.0 1.0 0.0 0.0 0.0
1435267729.82
507.3 -2.7 15.0 1.0 0.0 0.0 0.0
1435267729.85
507.4 -2.7 15.0 1.0 0.0 0.0 0.0
1435267729.88
507.4 -2.7 15.0 1.0 0.0 0.0 0.0
1435267729.91
507.5 -2.7 15.0 1.0 0.0 0.0 0.0
1435267729.94
507.5 -2.7 15.0 1.0 0.0 0.0 0.0
1435267729.97
507.6 -2.8 15.0 1.0 0.0 0.0 0.0
1435267730.0
507.6 -2.8 15.0 1.0 0.0 0.0 0.0
1435267730.03
507.7 -2.8 15.0 1.0 0.0 0.0 0.0
1435267730.06
507.7 -2.8 15.0 1.0 0.0 0.0 0.0
1435267730.09
507.8 -2.8 15.0 1.0 0.0 0.0 0.0
1435267730.12
507.9 -2.9 15.0 1.0 0.0 0.0 0.0
1435267730.15
507.9 -2.9 15.0 1.0 0.0 0.0 0.0
1435267730.18
508.0 -2.9 15.0 1.0 0.0 0.0 0.0
1435267730.21
508.0 -2.9 15.0 1.0 0.0 0.0 0.0
1435267730.24
508.1 -2.9 15.0 1.0 0.0 0.0 0.0
1435267730.27
508.1 -3.0 15.0 1.0 0.0 0.0 0.0
1435267730.3
508.2 -3.0 15.0 1.0 0.0 0.0 0.0
1435267730.33
508.3 -3.0 15.0 1.0 0.0 0.0 0.0
1435267730.36
508.3 -3.0 15.0 1.0 0.0 0.0 0.0
1435267730.39
508.4 -3.0 15.0 1.0 0.0 0.0 0.0
1435267730.42
508.4 -3.1 15.0 1.0 0.0 0.0 0.0
1435267730.45
508.5 -3.1 15.0 1.0 0.0 0.0 0.0
1435267730.48
508.5 -3.1 15.0 1.0 0.0 0.0 0.0
1435267730.51
508.6 -3.1 15.0 1.0 0.0 0.0 0.0
1435267730.54
508.7 -3.1 15.0 1.0 0.0 0.0 0.0
1435267730.57
508.7 -3.2 15.0 1.0 0.0 0.0 0.0
1435267730.6
508.8 -3.2 15.0 1.0 0.0 0.0 0.0
1435267730.63
508.8 -3.2 15.0 1.0 0.0 0.0 0.0
1435267730.67
508.9 -3.2 15.0 1.0 0.0 0.0 0.0
1435267730.69
508.9 -3.2 15.0 1.0 0.0 0.0 0.0
1435267730.73
509.0 -3.3 15.0 1.0 0.0 0.0 0.0
1435267730.75
509.1 -3.3 15.0 1.0 0.0 0.0 0.0
1435267730.79
509.1 -3.3 15.0 1.0 0.0 0.0 0.0
1435267730.82
509.2 -3.3 15.0 1.0 0.0 0.0 0.0
1435267730.85
509.2 -3.4 15.0 1.0 0.0 0.0 0.0
1435267730.88
509.3 -3.4 15.0 1.0 0.0 0.0 0.0
1435267730.91
509.3 -3.4 15.0 1.0 0.0 0.0 0.0
1435267730.94
509.4 -3.4 15.0 1.0 0.0 0.0 0.0
1435267730.97
509.5 -3.4 15.0 1.0 0.0 0.0 0.0
1435267731.0
509.5 -3.5 15.0 1.0 0.0 0.0 0.0
1435267731.03
509.6 -3.5 15.0 1.0 0.0 0.0 0.0
1435267731.06
509.6 -3.5 15.0 1.0 0.0 0.0 0.0
1435267731.09
509.7 -3.5 15.0 1.0 0.0 0.0 0.0
1435267731.12
509.7 -3.5 15.0 1.0 0.0 0.0 0.0
1435267731.15
509.8 -3.6 15.0 1.0 0.0 0.0 0.0
1435267731.18
509.9 -3.6 15.0 1.0 0.0 0.0 0.0
1435267731.21
509.9 -3.6 15.0 1.0 0.0 0.0 0.0
1435267731.24
510.0 -3.6 15.0 1.0 0.0 0.0 0.0
1435267731.27
510.0 -3.6 15.0 1.0 0.0 0.0 0.0
1435267731.3
510.1 -3.7 15.0 1.0 0.0 0.0 0.0
1435267731.33
510.1 -3.7 15.0 1.0 0.0 0.0 0.0
1435267731.36
510.2 -3.7 15.0 1.0 0.0 0.0 0.0
1435267731.39
510.3 -3.7 15.0 1.0 0.0 0.0 0.0
1435267731.43
510.3 -3.7 15.0 1.0 0.0 0.0 0.0
1435267731.45
510.4 -3.8 15.0 1.0 0.0 0.0 0.0
1435267731.48
510.4 -3.8 15.0 1.0 0.0 0.0 0.0
1435267731.51
510.5 -3.8 15.0 1.0 0.0 0.0 0.0
1435267731.54
510.5 -3.8 15.0 1.0 0.0 0.0 0.0
1435267731.58
510.6 -3.8 15.0 1.0 0.0 0.0 0.0
1435267731.6
510.7 -3.9 15.0 1.0 0.0 0.0 0.0
1435267731.64
510.7 -3.9 15.0 1.0 0.0 0.0 0.0
1435267731.66
510.8 -3.9 15.0 1.0 0.0 0.0 0.0
1435267731.7
510.8 -3.9 15.0 1.0 0.0 0.0 0.0
1435267731.72
510.9 -4.0 15.0 1.0 0.0 0.0 0.0
1435267731.76
510.9 -4.0 15.0 1.0 0.0 0.0 0.0
1435267731.78
511.0 -4.0 15.0 1.0 0.0 0.0 0.0
1435267731.81
511.0 -4.0 15.0 1.0 0.0 0.0 0.0
1435267731.84
511.1 -4.0 15.0 1.0 0.0 0.0 0.0
1435267731.87
511.2 -4.1 15.0 1.0 0.0 0.0 0.0
1435267731.9
511.2 -4.1 15.0 1.0 0.0 0.0 0.0
1435267731.93
511.3 -4.1 15.0 1.0 0.0 0.0 0.0
1435267731.96
511.3 -4.1 15.0 1.0 0.0 0.0 0.0
1435267732.0
511.4 -4.1 15.0 1.0 0.0 0.0 0.0
1435267732.02
511.4 -4.2 15.0 1.0 0.0 0.0 0.0
1435267732.06
511.5 -4.2 15.0 1.0 0.0 0.0 0.0
1435267732.08
511.6 -4.2 15.0 1.0 0.0 0.0 0.0
1435267732.12
511.6 -4.2 15.0 1.0 0.0 0.0 0.0
1435267732.15
511.7 -4.2 15.0 1.0 0.0 0.0 0.0
1435267732.18
511.7 -4.3 15.0 1.0 0.0 0.0 0.0
1435267732.21
511.8 -4.3 15.0 1.0 0.0 0.0 0.0
1435267732.24
511.8 -4.3 15.0 1.0 0.0 0.0 0.0
1435267732.27
511.9 -4.3 15.0 1.0 0.0 0.0 0.0
1435267732.3
512.0 -4.3 15.0 1.0 0.0 0.0 0.0
1435267732.33
512.0 -4.4 15.0 1.0 0.0 0.0 0.0
1435267732.36
512.1 -4.4 15.0 1.0 0.0 0.0 0.0
1435267732.39
512.1 -4.4 15.0 1.0 0.0 0.0 0.0
1435267732.42
512.2 -4.4 15.0 1.0 0.0 0.0 0.0
1435267732.45
512.2 -4.5 15.0 1.0 0.0 0.0 0.0
1435267732.48
512.3 -4.5 15.0 1.0 0.0 0.0 0.0
1435267732.51
512.4 -4.5 15.0 1.0 0.0 0.0 0.0
1435267732.54
512.4 -4.5 15.0 1.0 0.0 0.0 0.0
1435267732.57
512.5 -4.5 15.0 1.0 0.0 0.0 0.0
1435267732.6
512.5 -4.6 15.0 1.0 0.0 0.0 0.0
1435267732.63
512.6 -4.6 15.0 1.0 0.0 0.0 0.0
1435267732.66
512.6 -4.6 15.0 1.0 0.0 0.0 0.0
1435267732.69
512.7 -4.6 15.0 1.0 0.0 0.0 0.0
1435267732.72
512.7 -4.6 15.0 1.0 0.0 0.0 0.0
1435267732.75
512.8 -4.7 15.0 1.0 0.0 0.0 0.0
1435267732.78
512.9 -4.7 15.0 1.0 0.0 0.0 0.0
1435267732.81
512.9 -4.7 15.0 1.0 0.0 0.0 0.0
1435267732.84
513.0 -4.7 15.0 1.0 0.0 0.0 0.0
1435267732.87
513.0 -4.7 15.0 1.0 0.0 0.0 0.0
1435267732.9
513.1 -4.8 15.0 1.0 0.0 0.0 0.0
1435267732.93
513.1 -4.8 15.0 1.0 0.0 0.0 0.0
1435267732.96
513.2 -4.8 15.0 1.0 0.0 0.0 0.0
1435267732.99
513.3 -4.8 15.0 1.0 0.0 0.0 0.0
1435267733.02
513.3 -4.8 15.0 1.0 0.0 0.0 0.0
1435267733.05
513.4 -4.9 15.0 1.0 0.0 0.0 0.0
1435267733.08
513.4 -4.9 15.0 1.0 0.0 0.0 0.0
1435267733.11
513.5 -4.9 15.0 1.0 0.0 0.0 0.0
1435267733.14
513.6 -4.9 15.0 1.0 0.0 0.0 0.0
1435267733.17
513.6 -4.9 15.0 1.0 0.0 0.0 0.0
1435267733.2
513.7 -5.0 15.0 1.0 0.0 0.0 0.0
1435267733.23
513.7 -5.0 15.0 1.0 0.0 0.0 0.0
1435267733.26
513.8 -5.0 15.0 1.0 0.0 0.0 0.0
1435267733.29
513.8 -5.0 15.0 1.0 0.0 0.0 0.0
1435267733.33
513.9 -5.0 15.0 1.0 0.0 0.0 0.0
1435267733.36
513.9 -5.1 15.0 1.0 0.0 0.0 0.0
1435267733.39
514.0 -5.1 15.0 1.0 0.0 0.0 0.0
1435267733.42
514.1 -5.1 15.0 1.0 0.0 0.0 0.0
1435267733.45
514.1 -5.1 15.0 1.0 0.0 0.0 0.0
1435267733.48
514.2 -5.2 15.0 1.0 0.0 0.0 0.0
1435267733.51
514.2 -5.2 15.0 1.0 0.0 0.0 0.0
1435267733.54
514.3 -5.2 15.0 1.0 0.0 0.0 0.0
1435267733.57
514.3 -5.2 15.0 1.0 0.0 0.0 0.0
1435267733.6
514.4 -5.2 15.0 1.0 0.0 0.0 0.0
1435267733.63
514.5 -5.3 15.0 1.0 0.0 0.0 0.0
1435267733.66
514.5 -5.3 15.0 1.0 0.0 0.0 0.0
1435267733.69
514.6 -5.3 15.0 1.0 0.0 0.0 0.0
1435267733.72
514.6 -5.3 15.0 1.0 0.0 0.0 0.0
1435267733.75
514.7 -5.3 15.0 1.0 0.0 0.0 0.0
1435267733.78
514.7 -5.4 15.0 1.0 0.0 0.0 0.0
1435267733.81
514.8 -5.4 15.0 1.0 0.0 0.0 0.0
1435267733.84
514.9 -5.4 15.0 1.0 0.0 0.0 0.0
1435267733.87
514.9 -5.4 15.0 1.0 0.0 0.0 0.0
1435267733.9
515.0 -5.4 15.0 1.0 0.0 0.0 0.0
1435267733.93
515.0 -5.5 15.0 1.0 0.0 0.0 0.0
1435267733.96
515.1 -5.5 15.0 1.0 0.0 0.0 0.0
1435267733.99
515.1 -5.5 15.0 1.0 0.0 0.0 0.0
1435267734.02
515.2 -5.5 15.0 1.0 0.0 0.0 0.0
1435267734.05
515.2 -5.5 15.0 1.0 0.0 0.0 0.0
1435267734.08
515.3 -5.6 15.0 1.0 0.0 0.0 0.0
1435267734.11
515.4 -5.6 15.0 1.0 0.0 0.0 0.0
1435267734.14
515.4 -5.6 15.0 1.0 0.0 0.0 0.0
1435267734.17
515.5 -5.6 15.0 1.0 0.0 0.0 0.0
1435267734.2
515.5 -5.6 15.0 1.0 0.0 0.0 0.0
1435267734.23
515.6 -5.7 15.0 1.0 0.0 0.0 0.0
1435267734.26
515.6 -5.7 15.0 1.0 0.0 0.0 0.0
1435267734.29
515.7 -5.7 15.0 1.0 0.0 0.0 0.0
1435267734.32
515.8 -5.7 15.0 1.0 0.0 0.0 0.0
1435267734.35
515.8 -5.7 15.0 1.0 0.0 0.0 0.0
1435267734.38
515.9 -5.8 15.0 1.0 0.0 0.0 0.0
1435267734.41
515.9 -5.8 15.0 1.0 0.0 0.0 0.0
1435267734.44
516.0 -5.8 15.0 1.0 0.0 0.0 0.0
1435267734.47
516.1 -5.8 15.0 1.0 0.0 0.0 0.0
1435267734.5
516.1 -5.9 15.0 1.0 0.0 0.0 0.0
1435267734.54
516.2 -5.9 15.0 1.0 0.0 0.0 0.0
1435267734.56
516.2 -5.9 15.0 1.0 0.0 0.0 0.0
1435267734.59
516.3 -5.9 15.0 1.0 0.0 0.0 0.0
1435267734.63
516.3 -5.9 15.0 1.0 0.0 0.0 0.0
1435267734.66
516.4 -6.0 15.0 1.0 0.0 0.0 0.0
1435267734.69
516.4 -6.0 15.0 1.0 0.0 0.0 0.0
1435267734.72
516.5 -6.0 15.0 1.0 0.0 0.0 0.0
1435267734.75
516.6 -6.0 15.0 1.0 0.0 0.0 0.0
1435267734.78
516.6 -6.0 15.0 1.0 0.0 0.0 0.0
1435267734.81
516.7 -6.1 15.0 1.0 0.0 0.0 0.0
1435267734.84
516.7 -6.1 15.0 1.0 0.0 0.0 0.0
1435267734.87
516.8 -6.1 15.0 1.0 0.0 0.0 0.0
1435267734.9
516.8 -6.1 15.0 1.0 0.0 0.0 0.0
1435267734.93
516.9 -6.2 15.0 1.0 0.0 0.0 0.0
1435267734.96
517.0 -6.2 15.0 1.0 0.0 0.0 0.0
1435267734.99
517.0 -6.2 15.0 1.0 0.0 0.0 0.0
1435267735.02
517.1 -6.2 15.0 1.0 0.0 0.0 0.0
1435267735.05
517.1 -6.2 15.0 1.0 0.0 0.0 0.0
1435267735.08
517.2 -6.2 15.0 1.0 0.0 0.0 0.0
1435267735.11
517.3 -6.3 15.0 1.0 0.0 0.0 0.0
1435267735.14
517.3 -6.3 15.0 1.0 0.0 0.0 0.0
1435267735.17
517.4 -6.3 15.0 1.0 0.0 0.0 0.0
1435267735.2
517.4 -6.3 15.0 1.0 0.0 0.0 0.0
1435267735.24
517.5 -6.4 15.0 1.0 0.0 0.0 0.0
1435267735.26
517.5 -6.4 15.0 1.0 0.0 0.0 0.0
1435267735.3
517.6 -6.4 15.0 1.0 0.0 0.0 0.0
1435267735.33
517.6 -6.4 15.0 1.0 0.0 0.0 0.0
1435267735.36
517.7 -6.4 15.0 1.0 0.0 0.0 0.0
1435267735.39
517.8 -6.5 15.0 1.0 0.0 0.0 0.0
1435267735.42
517.8 -6.5 15.0 1.0 0.0 0.0 0.0
1435267735.45
517.9 -6.5 15.0 1.0 0.0 0.0 0.0
1435267735.48
517.9 -6.5 15.0 1.0 0.0 0.0 0.0
1435267735.51
518.0 -6.5 15.0 1.0 0.0 0.0 0.0
1435267735.54
518.0 -6.6 15.0 1.0 0.0 0.0 0.0
1435267735.57
518.1 -6.6 15.0 1.0 0.0 0.0 0.0
1435267735.6
518.2 -6.6 15.0 1.0 0.0 0.0 0.0
1435267735.63
518.2 -6.6 15.0 1.0 0.0 0.0 0.0
1435267735.66
518.3 -6.7 15.0 1.0 0.0 0.0 0.0
1435267735.69
518.3 -6.7 15.0 1.0 0.0 0.0 0.0
1435267735.72
518.4 -6.7 15.0 1.0 0.0 0.0 0.0
1435267735.75
518.5 -6.7 15.0 1.0 0.0 0.0 0.0
1435267735.78
518.5 -6.7 15.0 1.0 0.0 0.0 0.0
1435267735.81
518.6 -6.7 15.0 1.0 0.0 0.0 0.0
1435267735.85
518.6 -6.8 15.0 1.0 0.0 0.0 0.0
1435267735.87
518.5 -6.7 15.0 1.0 0.0 0.0 0.0
1435267735.91
518.5 -6.7 15.0 1.0 0.0 0.0 0.0
1435267735.93
518.4 -6.7 15.0 1.0 0.0 0.0 0.0
1435267735.97
518.3 -6.7 15.0 1.0 0.0 0.0 0.0
1435267736.0
518.3 -6.7 15.0 1.0 0.0 0.0 0.0
1435267736.03
518.2 -6.7 15.0 1.0 0.0 0.0 0.0
1435267736.06
518.2 -6.7 15.0 1.0 0.0 0.0 0.0
1435267736.09
518.1 -6.6 15.0 1.0 0.0 0.0 0.0
1435267736.11
518.1 -6.6 15.0 1.0 0.0 0.0 0.0
1435267736.15
518.0 -6.6 15.0 1.0 0.0 0.0 0.0
1435267736.18
518.0 -6.6 15.0 1.0 0.0 0.0 0.0
1435267736.21
517.9 -6.5 15.0 1.0 0.0 0.0 0.0
1435267736.24
517.9 -6.5 15.0 1.0 0.0 0.0 0.0
1435267736.27
517.8 -6.5 15.0 1.0 0.0 0.0 0.0
1435267736.3
517.7 -6.5 15.0 1.0 0.0 0.0 0.0
1435267736.33
517.7 -6.4 15.0 1.0 0.0 0.0 0.0
1435267736.36
517.6 -6.4 15.0 1.0 0.0 0.0 0.0
1435267736.39
517.6 -6.4 15.0 1.0 0.0 0.0 0.0
1435267736.42
517.5 -6.4 15.0 1.0 0.0 0.0 0.0
1435267736.45
517.5 -6.3 15.0 1.0 0.0 0.0 0.0
1435267736.48
517.4 -6.3 15.0 1.0 0.0 0.0 0.0
1435267736.51
517.4 -6.3 15.0 1.0 0.0 0.0 0.0
1435267736.54
517.3 -6.3 15.0 1.0 0.0 0.0 0.0
1435267736.57
517.2 -6.3 15.0 1.0 0.0 0.0 0.0
1435267736.6
517.2 -6.2 15.0 1.0 0.0 0.0 0.0
1435267736.63
517.1 -6.2 15.0 1.0 0.0 0.0 0.0
1435267736.66
517.1 -6.2 15.0 1.0 0.0 0.0 0.0
1435267736.69
517.0 -6.2 15.0 1.0 0.0 0.0 0.0
1435267736.72
516.9 -6.2 15.0 1.0 0.0 0.0 0.0
1435267736.75
516.9 -6.1 15.0 1.0 0.0 0.0 0.0
1435267736.78
516.8 -6.1 15.0 1.0 0.0 0.0 0.0
1435267736.81
516.8 -6.1 15.0 1.0 0.0 0.0 0.0
1435267736.84
516.7 -6.1 15.0 1.0 0.0 0.0 0.0
1435267736.88
516.7 -6.0 15.0 1.0 0.0 0.0 0.0
1435267736.9
516.6 -6.0 15.0 1.0 0.0 0.0 0.0
1435267736.93
516.6 -6.0 15.0 1.0 0.0 0.0 0.0
1435267736.96
516.5 -6.0 15.0 1.0 0.0 0.0 0.0
1435267737.0
516.4 -6.0 15.0 1.0 0.0 0.0 0.0
1435267737.02
516.4 -5.9 15.0 1.0 0.0 0.0 0.0
1435267737.06
516.3 -5.9 15.0 1.0 0.0 0.0 0.0
1435267737.08
516.3 -5.9 15.0 1.0 0.0 0.0 0.0
1435267737.12
516.2 -5.9 15.0 1.0 0.0 0.0 0.0
1435267737.15
516.2 -5.9 15.0 1.0 0.0 0.0 0.0
1435267737.18
516.1 -5.8 15.0 1.0 0.0 0.0 0.0
1435267737.21
516.0 -5.8 15.0 1.0 0.0 0.0 0.0
1435267737.24
516.0 -5.8 15.0 1.0 0.0 0.0 0.0
1435267737.27
515.9 -5.8 15.0 1.0 0.0 0.0 0.0
1435267737.3
515.9 -5.7 15.0 1.0 0.0 0.0 0.0
1435267737.33
515.8 -5.7 15.0 1.0 0.0 0.0 0.0
1435267737.36
515.8 -5.7 15.0 1.0 0.0 0.0 0.0
1435267737.39
515.7 -5.7 15.0 1.0 0.0 0.0 0.0
1435267737.42
515.6 -5.7 15.0 1.0 0.0 0.0 0.0
1435267737.45
515.6 -5.6 15.0 1.0 0.0 0.0 0.0
1435267737.48
515.5 -5.6 15.0 1.0 0.0 0.0 0.0
1435267737.51
515.5 -5.6 15.0 1.0 0.0 0.0 0.0
1435267737.54
515.4 -5.6 15.0 1.0 0.0 0.0 0.0
1435267737.57
515.4 -5.6 15.0 1.0 0.0 0.0 0.0
1435267737.6
515.3 -5.5 15.0 1.0 0.0 0.0 0.0
1435267737.63
515.2 -5.5 15.0 1.0 0.0 0.0 0.0
1435267737.66
515.2 -5.5 15.0 1.0 0.0 0.0 0.0
1435267737.69
515.1 -5.5 15.0 1.0 0.0 0.0 0.0
1435267737.72
515.1 -5.5 15.0 1.0 0.0 0.0 0.0
1435267737.75
515.0 -5.4 15.0 1.0 0.0 0.0 0.0
1435267737.78
515.0 -5.4 15.0 1.0 0.0 0.0 0.0
1435267737.81
514.9 -5.4 15.0 1.0 0.0 0.0 0.0
1435267737.84
514.8 -5.4 15.0 1.0 0.0 0.0 0.0
1435267737.87
514.8 -5.4 15.0 1.0 0.0 0.0 0.0
1435267737.9
514.7 -5.3 15.0 1.0 0.0 0.0 0.0
1435267737.93
514.7 -5.3 15.0 1.0 0.0 0.0 0.0
1435267737.96
514.6 -5.3 15.0 1.0 0.0 0.0 0.0
1435267737.99
514.6 -5.3 15.0 1.0 0.0 0.0 0.0
1435267738.02
514.5 -5.3 15.0 1.0 0.0 0.0 0.0
1435267738.05
514.5 -5.2 15.0 1.0 0.0 0.0 0.0
1435267738.08
514.4 -5.2 15.0 1.0 0.0 0.0 0.0
1435267738.11
514.3 -5.2 15.0 1.0 0.0 0.0 0.0
1435267738.14
514.3 -5.2 15.0 1.0 0.0 0.0 0.0
1435267738.17
514.2 -5.1 15.0 1.0 0.0 0.0 0.0
1435267738.2
514.2 -5.1 15.0 1.0 0.0 0.0 0.0
1435267738.23
514.2 -5.0 15.0 1.0 0.0 0.0 0.0
1435267738.26
514.2 -4.9 15.0 1.0 0.0 0.0 0.0
1435267738.29
514.2 -4.9 15.0 1.0 0.0 0.0 0.0
1435267738.32
514.3 -4.8 15.0 1.0 0.0 0.0 0.0
1435267738.35
514.3 -4.8 15.0 1.0 0.0 0.0 0.0
1435267738.38
514.3 -4.7 15.0 1.0 0.0 0.0 0.0
1435267738.41
514.3 -4.7 15.0 1.0 0.0 0.0 0.0
1435267738.44
514.3 -4.6 15.0 1.0 0.0 0.0 0.0
1435267738.47
514.4 -4.6 15.0 1.0 0.0 0.0 0.0
1435267738.51
514.4 -4.5 15.0 1.0 0.0 0.0 0.0
1435267738.53
514.4 -4.5 15.0 1.0 0.0 0.0 0.0
1435267738.56
514.4 -4.4 15.0 1.0 0.0 0.0 0.0
1435267738.59
514.5 -4.3 15.0 1.0 0.0 0.0 0.0
1435267738.62
514.5 -4.3 15.0 1.0 0.0 0.0 0.0
1435267738.65
514.5 -4.2 15.0 1.0 0.0 0.0 0.0
1435267738.68
514.6 -4.2 15.0 1.0 0.0 0.0 0.0
1435267738.72
514.6 -4.1 15.0 1.0 0.0 0.0 0.0
1435267738.74
514.6 -4.1 15.0 1.0 0.0 0.0 0.0
1435267738.78
514.6 -4.0 15.0 1.0 0.0 0.0 0.0
1435267738.8
514.7 -4.0 15.0 1.0 0.0 0.0 0.0
1435267738.83
514.7 -3.9 15.0 1.0 0.0 0.0 0.0
1435267738.86
514.7 -3.9 15.0 1.0 0.0 0.0 0.0
1435267738.9
514.7 -3.8 15.0 1.0 0.0 0.0 0.0
1435267738.92
514.8 -3.8 15.0 1.0 0.0 0.0 0.0
1435267738.96
514.8 -3.7 15.0 1.0 0.0 0.0 0.0
1435267738.99
514.8 -3.6 15.0 1.0 0.0 0.0 0.0
1435267739.02
514.8 -3.6 15.0 1.0 0.0 0.0 0.0
1435267739.05
514.9 -3.5 15.0 1.0 0.0 0.0 0.0
1435267739.08
514.9 -3.5 15.0 1.0 0.0 0.0 0.0
1435267739.11
514.9 -3.4 15.0 1.0 0.0 0.0 0.0
1435267739.14
514.9 -3.4 15.0 1.0 0.0 0.0 0.0
1435267739.17
515.0 -3.3 15.0 1.0 0.0 0.0 0.0
1435267739.2
515.0 -3.3 15.0 1.0 0.0 0.0 0.0
1435267739.23
515.0 -3.2 15.0 1.0 0.0 0.0 0.0
1435267739.26
515.0 -3.1 15.0 1.0 0.0 0.0 0.0
1435267739.29
515.1 -3.1 15.0 1.0 0.0 0.0 0.0
1435267739.32
515.1 -3.0 15.0 1.0 0.0 0.0 0.0
1435267739.34
515.1 -3.0 15.0 1.0 0.0 0.0 0.0
1435267739.38
515.1 -2.9 15.0 1.0 0.0 0.0 0.0
1435267739.41
515.2 -2.9 15.0 1.0 0.0 0.0 0.0
1435267739.44
515.2 -2.8 15.0 1.0 0.0 0.0 0.0
1435267739.47
515.2 -2.8 15.0 1.0 0.0 0.0 0.0
1435267739.5
515.3 -2.7 15.0 1.0 0.0 0.0 0.0
1435267739.53
515.3 -2.7 15.0 1.0 0.0 0.0 0.0
1435267739.56
515.3 -2.6 15.0 1.0 0.0 0.0 0.0
1435267739.59
515.3 -2.6 15.0 1.0 0.0 0.0 0.0
1435267739.62
515.4 -2.5 15.0 1.0 0.0 0.0 0.0
1435267739.65
515.4 -2.5 15.0 1.0 0.0 0.0 0.0
1435267739.68
515.4 -2.4 15.0 1.0 0.0 0.0 0.0
1435267739.71
515.4 -2.3 15.0 1.0 0.0 0.0 0.0
1435267739.74
515.5 -2.3 15.0 1.0 0.0 0.0 0.0
1435267739.77
515.5 -2.2 15.0 1.0 0.0 0.0 0.0
1435267739.8
515.5 -2.2 15.0 1.0 0.0 0.0 0.0
1435267739.83
515.5 -2.1 15.0 1.0 0.0 0.0 0.0
1435267739.87
515.6 -2.1 15.0 1.0 0.0 0.0 0.0
1435267739.89
515.6 -2.0 15.0 1.0 0.0 0.0 0.0
1435267739.93
515.6 -2.0 15.0 1.0 0.0 0.0 0.0
1435267739.95
515.7 -1.9 15.0 1.0 0.0 0.0 0.0
1435267739.98
515.7 -1.8 15.0 1.0 0.0 0.0 0.0
1435267740.01
515.7 -1.8 15.0 1.0 0.0 0.0 0.0
1435267740.04
515.7 -1.7 15.0 1.0 0.0 0.0 0.0
1435267740.07
515.8 -1.7 15.0 1.0 0.0 0.0 0.0
1435267740.11
515.8 -1.6 15.0 1.0 0.0 0.0 0.0
1435267740.13
515.8 -1.6 15.0 1.0 0.0 0.0 0.0
1435267740.17
515.8 -1.5 15.0 1.0 0.0 0.0 0.0
1435267740.19
515.9 -1.5 15.0 1.0 0.0 0.0 0.0
1435267740.23
515.9 -1.4 15.0 1.0 0.0 0.0 0.0
1435267740.25
515.9 -1.4 15.0 1.0 0.0 0.0 0.0
1435267740.29
515.9 -1.3 15.0 1.0 0.0 0.0 0.0
1435267740.31
516.0 -1.3 15.0 1.0 0.0 0.0 0.0
1435267740.35
516.0 -1.2 15.0 1.0 0.0 0.0 0.0
1435267740.37
516.0 -1.2 15.0 1.0 0.0 0.0 0.0
1435267740.41
516.0 -1.1 15.0 1.0 0.0 0.0 0.0
1435267740.43
516.1 -1.0 15.0 1.0 0.0 0.0 0.0
1435267740.46
516.1 -1.0 15.0 1.0 0.0 0.0 0.0
1435267740.49
516.1 -0.9 15.0 1.0 0.0 0.0 0.0
1435267740.52
516.1 -0.9 15.0 1.0 0.0 0.0 0.0
1435267740.55
516.2 -0.8 15.0 1.0 0.0 0.0 0.0
1435267740.59
516.2 -0.8 15.0 1.0 0.0 0.0 0.0
1435267740.61
516.2 -0.7 15.0 1.0 0.0 0.0 0.0
1435267740.65
516.3 -0.6 15.0 1.0 0.0 0.0 0.0
1435267740.67
516.3 -0.6 15.0 1.0 0.0 0.0 0.0
1435267740.71
516.3 -0.5 15.0 1.0 0.0 0.0 0.0
1435267740.74
516.3 -0.5 15.0 1.0 0.0 0.0 0.0
1435267740.77
516.4 -0.4 15.0 1.0 0.0 0.0 0.0
1435267740.8
516.4 -0.4 15.0 1.0 0.0 0.0 0.0
1435267740.83
516.4 -0.3 15.0 1.0 0.0 0.0 0.0
1435267740.86
516.4 -0.3 15.0 1.0 0.0 0.0 0.0
1435267740.89
516.5 -0.2 15.0 1.0 0.0 0.0 0.0
1435267740.92
516.5 -0.2 15.0 1.0 0.0 0.0 0.0
1435267740.95
516.5 -0.1 15.0 1.0 0.0 0.0 0.0
1435267740.98
516.5 -0.1 15.0 1.0 0.0 0.0 0.0
1435267741.01
516.6 0.0 15.0 1.0 0.0 0.0 0.0
1435267741.04
516.6 0.0 15.0 1.0 0.0 0.0 0.0
1435267741.07
516.6 0.1 15.0 1.0 0.0 0.0 0.0
1435267741.1
516.6 0.2 15.0 1.0 0.0 0.0 0.0
1435267741.13
516.7 0.2 15.0 1.0 0.0 0.0 0.0
1435267741.16
516.7 0.3 15.0 1.0 0.0 0.0 0.0
1435267741.19
516.7 0.3 15.0 1.0 0.0 0.0 0.0
1435267741.22
516.8 0.4 15.0 1.0 0.0 0.0 0.0
1435267741.25
516.8 0.4 15.0 1.0 0.0 0.0 0.0
1435267741.28
516.8 0.5 15.0 1.0 0.0 0.0 0.0
1435267741.31
516.8 0.5 15.0 1.0 0.0 0.0 0.0
1435267741.34
516.9 0.6 15.0 1.0 0.0 0.0 0.0
1435267741.37
516.9 0.6 15.0 1.0 0.0 0.0 0.0
1435267741.4
516.9 0.7 15.0 1.0 0.0 0.0 0.0
1435267741.43
516.9 0.8 15.0 1.0 0.0 0.0 0.0
1435267741.46
517.0 0.8 15.0 1.0 0.0 0.0 0.0
1435267741.49
517.0 0.9 15.0 1.0 0.0 0.0 0.0
1435267741.52
517.0 0.9 15.0 1.0 0.0 0.0 0.0
1435267741.55
517.0 1.0 15.0 1.0 0.0 0.0 0.0
1435267741.58
517.1 1.0 15.0 1.0 0.0 0.0 0.0
1435267741.61
517.1 1.1 15.0 1.0 0.0 0.0 0.0
1435267741.64
517.1 1.1 15.0 1.0 0.0 0.0 0.0
1435267741.67
517.1 1.2 15.0 1.0 0.0 0.0 0.0
1435267741.7
517.1 1.1 15.0 1.0 0.0 0.0 0.0
1435267741.73
517.1 1.1 15.0 1.0 0.0 0.0 0.0
1435267741.76
517.1 1.1 15.0 1.0 0.0 0.0 0.0
1435267741.79
517.1 1.0 15.0 1.0 0.0 0.0 0.0
1435267741.82
517.0 1.0 15.0 1.0 0.0 0.0 0.0
1435267741.85
517.0 0.9 15.0 1.0 0.0 0.0 0.0
1435267741.88
517.0 0.9 15.0 1.0 0.0 0.0 0.0
1435267741.91
517.0 0.8 15.0 1.0 0.0 0.0 0.0
1435267741.95
517.0 0.7 15.0 1.0 0.0 0.0 0.0
1435267741.98
516.9 0.7 15.0 1.0 0.0 0.0 0.0
1435267742.01
516.9 0.6 15.0 1.0 0.0 0.0 0.0
1435267742.04
516.9 0.5 15.0 1.0 0.0 0.0 0.0
1435267742.07
516.9 0.5 15.0 1.0 0.0 0.0 0.0
1435267742.1
516.8 0.4 15.0 1.0 0.0 0.0 0.0
1435267742.13
516.8 0.4 15.0 1.0 0.0 0.0 0.0
1435267742.16
516.8 0.3 15.0 1.0 0.0 0.0 0.0
1435267742.19
516.8 0.3 15.0 1.0 0.0 0.0 0.0
1435267742.22
516.8 0.2 15.0 1.0 0.0 0.0 0.0
1435267742.25
516.8 0.2 15.0 1.0 0.0 0.0 0.0
1435267742.28
516.7 0.1 15.0 1.0 0.0 0.0 0.0
1435267742.31
516.7 0.0 15.0 1.0 0.0 0.0 0.0
1435267742.34
516.7 0.0 15.0 1.0 0.0 0.0 0.0
1435267742.37
516.7 -0.1 15.0 1.0 0.0 0.0 0.0
1435267742.4
516.6 -0.1 15.0 1.0 0.0 0.0 0.0
1435267742.43
516.6 -0.2 15.0 1.0 0.0 0.0 0.0
1435267742.46
516.6 -0.2 15.0 1.0 0.0 0.0 0.0
1435267742.49
516.6 -0.3 15.0 1.0 0.0 0.0 0.0
1435267742.53
516.6 -0.4 15.0 1.0 0.0 0.0 0.0
1435267742.55
516.5 -0.4 15.0 1.0 0.0 0.0 0.0
1435267742.58
516.5 -0.5 15.0 1.0 0.0 0.0 0.0
1435267742.61
516.5 -0.5 15.0 1.0 0.0 0.0 0.0
1435267742.65
516.5 -0.6 15.0 1.0 0.0 0.0 0.0
1435267742.67
516.4 -0.7 15.0 1.0 0.0 0.0 0.0
1435267742.7
516.4 -0.7 15.0 1.0 0.0 0.0 0.0
1435267742.73
516.4 -0.8 15.0 1.0 0.0 0.0 0.0
1435267742.76
516.4 -0.8 15.0 1.0 0.0 0.0 0.0
1435267742.79
516.4 -0.9 15.0 1.0 0.0 0.0 0.0
1435267742.83
516.4 -0.9 15.0 1.0 0.0 0.0 0.0
1435267742.86
516.4 -0.8 15.0 1.0 0.0 0.0 0.0
1435267742.89
516.4 -0.8 15.0 1.0 0.0 0.0 0.0
1435267742.91
516.4 -0.7 15.0 1.0 0.0 0.0 0.0
1435267742.95
516.5 -0.7 15.0 1.0 0.0 0.0 0.0
1435267742.98
516.5 -0.7 15.0 1.0 0.0 0.0 0.0
1435267743.01
516.5 -0.6 15.0 1.0 0.0 0.0 0.0
1435267743.04
516.5 -0.5 15.0 1.0 0.0 0.0 0.0
1435267743.07
516.6 -0.5 15.0 1.0 0.0 0.0 0.0
1435267743.1
516.6 -0.4 15.0 1.0 0.0 0.0 0.0
1435267743.13
516.6 -0.4 15.0 1.0 0.0 0.0 0.0
1435267743.16
516.6 -0.3 15.0 1.0 0.0 0.0 0.0
1435267743.19
516.7 -0.2 15.0 1.0 0.0 0.0 0.0
1435267743.22
516.7 -0.2 15.0 1.0 0.0 0.0 0.0
1435267743.25
516.7 -0.1 15.0 1.0 0.0 0.0 0.0
1435267743.28
516.7 -0.1 15.0 1.0 0.0 0.0 0.0
1435267743.31
516.8 0.0 15.0 1.0 0.0 0.0 0.0
1435267743.34
516.8 0.0 15.0 1.0 0.0 0.0 0.0
1435267743.37
516.8 0.1 15.0 1.0 0.0 0.0 0.0
1435267743.4
516.8 0.1 15.0 1.0 0.0 0.0 0.0
1435267743.43
516.9 0.2 15.0 1.0 0.0 0.0 0.0
1435267743.46
516.9 0.2 15.0 1.0 0.0 0.0 0.0
1435267743.49
516.9 0.3 15.0 1.0 0.0 0.0 0.0
1435267743.52
516.9 0.4 15.0 1.0 0.0 0.0 0.0
1435267743.55
517.0 0.4 15.0 1.0 0.0 0.0 0.0
1435267743.58
517.0 0.5 15.0 1.0 0.0 0.0 0.0
1435267743.61
517.0 0.5 15.0 1.0 0.0 0.0 0.0
1435267743.64
517.0 0.6 15.0 1.0 0.0 0.0 0.0
1435267743.67
517.1 0.6 15.0 1.0 0.0 0.0 0.0
1435267743.7
517.1 0.7 15.0 1.0 0.0 0.0 0.0
1435267743.73
517.1 0.8 15.0 1.0 0.0 0.0 0.0
1435267743.76
517.1 0.8 15.0 1.0 0.0 0.0 0.0
1435267743.79
517.2 0.9 15.0 1.0 0.0 0.0 0.0
1435267743.82
517.2 0.9 15.0 1.0 0.0 0.0 0.0
1435267743.85
517.2 1.0 15.0 1.0 0.0 0.0 0.0
1435267743.88
517.2 1.0 15.0 1.0 0.0 0.0 0.0
1435267743.91
517.3 1.1 15.0 1.0 0.0 0.0 0.0
1435267743.94
517.3 1.1 15.0 1.0 0.0 0.0 0.0
1435267743.97
517.3 1.2 15.0 1.0 0.0 0.0 0.0
1435267744.0
517.3 1.2 15.0 1.0 0.0 0.0 0.0
1435267744.03
517.4 1.3 15.0 1.0 0.0 0.0 0.0
1435267744.06
517.4 1.4 15.0 1.0 0.0 0.0 0.0
1435267744.1
517.4 1.4 15.0 1.0 0.0 0.0 0.0
1435267744.12
517.4 1.5 15.0 1.0 0.0 0.0 0.0
1435267744.16
517.5 1.5 15.0 1.0 0.0 0.0 0.0
1435267744.19
517.5 1.6 15.0 1.0 0.0 0.0 0.0
1435267744.22
517.5 1.6 15.0 1.0 0.0 0.0 0.0
1435267744.25
517.6 1.7 15.0 1.0 0.0 0.0 0.0
1435267744.28
517.6 1.7 15.0 1.0 0.0 0.0 0.0
1435267744.31
517.6 1.8 15.0 1.0 0.0 0.0 0.0
1435267744.34
517.6 1.9 15.0 1.0 0.0 0.0 0.0
1435267744.37
517.7 1.9 15.0 1.0 0.0 0.0 0.0
1435267744.4
517.7 2.0 15.0 1.0 0.0 0.0 0.0
1435267744.43
517.7 2.0 15.0 1.0 0.0 0.0 0.0
1435267744.46
517.7 2.1 15.0 1.0 0.0 0.0 0.0
1435267744.49
517.8 2.1 15.0 1.0 0.0 0.0 0.0
1435267744.52
517.8 2.2 15.0 1.0 0.0 0.0 0.0
1435267744.55
517.8 2.2 15.0 1.0 0.0 0.0 0.0
1435267744.58
517.8 2.3 15.0 1.0 0.0 0.0 0.0
1435267744.61
517.8 2.3 15.0 1.0 0.0 0.0 0.0
1435267744.64
517.9 2.4 15.0 1.0 0.0 0.0 0.0
1435267744.67
517.9 2.4 15.0 1.0 0.0 0.0 0.0
1435267744.7
517.9 2.5 15.0 1.0 0.0 0.0 0.0
1435267744.73
518.0 2.6 15.0 1.0 0.0 0.0 0.0
1435267744.76
518.0 2.6 15.0 1.0 0.0 0.0 0.0
1435267744.79
518.0 2.7 15.0 1.0 0.0 0.0 0.0
1435267744.82
518.0 2.7 15.0 1.0 0.0 0.0 0.0
1435267744.85
518.1 2.8 15.0 1.0 0.0 0.0 0.0
1435267744.88
518.1 2.8 15.0 1.0 0.0 0.0 0.0
1435267744.91
518.1 2.9 15.0 1.0 0.0 0.0 0.0
1435267744.94
518.1 2.9 15.0 1.0 0.0 0.0 0.0
1435267744.97
518.2 3.0 15.0 1.0 0.0 0.0 0.0
1435267745.0
518.2 3.0 15.0 1.0 0.0 0.0 0.0
1435267745.03
518.2 3.1 15.0 1.0 0.0 0.0 0.0
1435267745.06
518.2 3.2 15.0 1.0 0.0 0.0 0.0
1435267745.09
518.3 3.2 15.0 1.0 0.0 0.0 0.0
1435267745.12
518.3 3.3 15.0 1.0 0.0 0.0 0.0
1435267745.15
518.3 3.3 15.0 1.0 0.0 0.0 0.0
1435267745.19
518.3 3.4 15.0 1.0 0.0 0.0 0.0
1435267745.21
518.4 3.5 15.0 1.0 0.0 0.0 0.0
1435267745.25
518.4 3.5 15.0 1.0 0.0 0.0 0.0
1435267745.27
518.4 3.6 15.0 1.0 0.0 0.0 0.0
1435267745.31
518.4 3.6 15.0 1.0 0.0 0.0 0.0
1435267745.34
518.5 3.7 15.0 1.0 0.0 0.0 0.0
1435267745.37
518.5 3.7 15.0 1.0 0.0 0.0 0.0
1435267745.4
518.5 3.8 15.0 1.0 0.0 0.0 0.0
1435267745.43
518.5 3.8 15.0 1.0 0.0 0.0 0.0
1435267745.45
518.6 3.9 15.0 1.0 0.0 0.0 0.0
1435267745.49
518.6 3.9 15.0 1.0 0.0 0.0 0.0
1435267745.51
518.6 4.0 15.0 1.0 0.0 0.0 0.0
1435267745.55
518.6 4.0 15.0 1.0 0.0 0.0 0.0
1435267745.58
518.7 4.1 15.0 1.0 0.0 0.0 0.0
1435267745.61
518.7 4.1 15.0 1.0 0.0 0.0 0.0
1435267745.64
518.7 4.2 15.0 1.0 0.0 0.0 0.0
1435267745.67
518.7 4.3 15.0 1.0 0.0 0.0 0.0
1435267745.7
518.8 4.3 15.0 1.0 0.0 0.0 0.0
1435267745.73
518.8 4.4 15.0 1.0 0.0 0.0 0.0
1435267745.76
518.8 4.4 15.0 1.0 0.0 0.0 0.0
1435267745.79
518.8 4.5 15.0 1.0 0.0 0.0 0.0
1435267745.82
518.9 4.5 15.0 1.0 0.0 0.0 0.0
1435267745.85
518.9 4.6 15.0 1.0 0.0 0.0 0.0
1435267745.88
518.9 4.6 15.0 1.0 0.0 0.0 0.0
1435267745.91
518.9 4.7 15.0 1.0 0.0 0.0 0.0
1435267745.94
519.0 4.8 15.0 1.0 0.0 0.0 0.0
1435267745.97
519.0 4.8 15.0 1.0 0.0 0.0 0.0
1435267746.0
519.0 4.9 15.0 1.0 0.0 0.0 0.0
1435267746.03
519.0 4.9 15.0 1.0 0.0 0.0 0.0
1435267746.06
519.1 5.0 15.0 1.0 0.0 0.0 0.0
1435267746.09
519.1 5.0 15.0 1.0 0.0 0.0 0.0
1435267746.12
519.1 5.1 15.0 1.0 0.0 0.0 0.0
1435267746.15
519.1 5.1 15.0 1.0 0.0 0.0 0.0
1435267746.18
519.2 5.2 15.0 1.0 0.0 0.0 0.0
1435267746.22
519.2 5.2 15.0 1.0 0.0 0.0 0.0
1435267746.24
519.2 5.3 15.0 1.0 0.0 0.0 0.0
1435267746.28
519.3 5.4 15.0 1.0 0.0 0.0 0.0
1435267746.31
519.3 5.4 15.0 1.0 0.0 0.0 0.0
1435267746.34
519.3 5.5 15.0 1.0 0.0 0.0 0.0
1435267746.37
519.3 5.5 15.0 1.0 0.0 0.0 0.0
1435267746.4
519.4 5.6 15.0 1.0 0.0 0.0 0.0
1435267746.43
519.4 5.6 15.0 1.0 0.0 0.0 0.0
1435267746.46
519.4 5.7 15.0 1.0 0.0 0.0 0.0
1435267746.49
519.4 5.8 15.0 1.0 0.0 0.0 0.0
1435267746.52
519.5 5.8 15.0 1.0 0.0 0.0 0.0
1435267746.55
519.5 5.9 15.0 1.0 0.0 0.0 0.0
1435267746.58
519.5 5.9 15.0 1.0 0.0 0.0 0.0
1435267746.61
519.5 6.0 15.0 1.0 0.0 0.0 0.0
1435267746.64
519.6 6.0 15.0 1.0 0.0 0.0 0.0
1435267746.67
519.6 6.1 15.0 1.0 0.0 0.0 0.0
1435267746.7
519.6 6.1 15.0 1.0 0.0 0.0 0.0
1435267746.73
519.6 6.2 15.0 1.0 0.0 0.0 0.0
1435267746.76
519.7 6.3 15.0 1.0 0.0 0.0 0.0
1435267746.79
519.7 6.3 15.0 1.0 0.0 0.0 0.0
1435267746.82
519.7 6.4 15.0 1.0 0.0 0.0 0.0
1435267746.85
519.7 6.4 15.0 1.0 0.0 0.0 0.0
1435267746.88
519.8 6.5 15.0 1.0 0.0 0.0 0.0
1435267746.91
519.8 6.5 15.0 1.0 0.0 0.0 0.0
1435267746.94
519.8 6.6 15.0 1.0 0.0 0.0 0.0
1435267746.97
519.8 6.6 15.0 1.0 0.0 0.0 0.0
1435267747.0
519.9 6.7 15.0 1.0 0.0 0.0 0.0
1435267747.03
519.9 6.7 15.0 1.0 0.0 0.0 0.0
1435267747.06
519.9 6.8 15.0 1.0 0.0 0.0 0.0
1435267747.09
519.9 6.8 15.0 1.0 0.0 0.0 0.0
1435267747.12
520.0 6.9 15.0 1.0 0.0 0.0 0.0
1435267747.15
520.0 6.9 15.0 1.0 0.0 0.0 0.0
1435267747.18
520.0 7.0 15.0 1.0 0.0 0.0 0.0
1435267747.21
520.0 7.1 15.0 1.0 0.0 0.0 0.0
1435267747.24
520.1 7.1 15.0 1.0 0.0 0.0 0.0
1435267747.27
520.1 7.2 15.0 1.0 0.0 0.0 0.0
1435267747.3
520.1 7.2 15.0 1.0 0.0 0.0 0.0
1435267747.33
520.1 7.3 15.0 1.0 0.0 0.0 0.0
1435267747.36
520.1 7.3 15.0 1.0 0.0 0.0 0.0
1435267747.39
520.1 7.2 15.0 1.0 0.0 0.0 0.0
1435267747.42
520.1 7.2 15.0 1.0 0.0 0.0 0.0
1435267747.45
520.1 7.2 15.0 1.0 0.0 0.0 0.0
1435267747.48
520.0 7.1 15.0 1.0 0.0 0.0 0.0
1435267747.51
520.0 7.1 15.0 1.0 0.0 0.0 0.0
1435267747.54
520.0 7.0 15.0 1.0 0.0 0.0 0.0
1435267747.57
520.0 6.9 15.0 1.0 0.0 0.0 0.0
1435267747.6
519.9 6.9 15.0 1.0 0.0 0.0 0.0
1435267747.63
519.9 6.8 15.0 1.0 0.0 0.0 0.0
1435267747.66
519.9 6.8 15.0 1.0 0.0 0.0 0.0
1435267747.69
519.9 6.7 15.0 1.0 0.0 0.0 0.0
1435267747.72
519.8 6.6 15.0 1.0 0.0 0.0 0.0
1435267747.75
519.8 6.6 15.0 1.0 0.0 0.0 0.0
1435267747.78
519.8 6.5 15.0 1.0 0.0 0.0 0.0
1435267747.81
519.8 6.5 15.0 1.0 0.0 0.0 0.0
1435267747.84
519.7 6.4 15.0 1.0 0.0 0.0 0.0
1435267747.87
519.7 6.4 15.0 1.0 0.0 0.0 0.0
1435267747.9
519.7 6.3 15.0 1.0 0.0 0.0 0.0
1435267747.93
519.7 6.3 15.0 1.0 0.0 0.0 0.0
1435267747.96
519.6 6.2 15.0 1.0 0.0 0.0 0.0
1435267747.99
519.6 6.1 15.0 1.0 0.0 0.0 0.0
1435267748.02
519.6 6.1 15.0 1.0 0.0 0.0 0.0
1435267748.05
519.6 6.0 15.0 1.0 0.0 0.0 0.0
1435267748.08
519.5 6.0 15.0 1.0 0.0 0.0 0.0
1435267748.11
519.5 5.9 15.0 1.0 0.0 0.0 0.0
1435267748.14
519.5 5.9 15.0 1.0 0.0 0.0 0.0
1435267748.18
519.5 5.8 15.0 1.0 0.0 0.0 0.0
1435267748.21
519.4 5.7 15.0 1.0 0.0 0.0 0.0
1435267748.24
519.4 5.7 15.0 1.0 0.0 0.0 0.0
1435267748.27
519.4 5.6 15.0 1.0 0.0 0.0 0.0
1435267748.31
519.4 5.6 15.0 1.0 0.0 0.0 0.0
1435267748.33
519.3 5.5 15.0 1.0 0.0 0.0 0.0
1435267748.37
519.3 5.5 15.0 1.0 0.0 0.0 0.0
1435267748.39
519.3 5.4 15.0 1.0 0.0 0.0 0.0
1435267748.43
519.3 5.3 15.0 1.0 0.0 0.0 0.0
1435267748.46
519.2 5.3 15.0 1.0 0.0 0.0 0.0
1435267748.49
519.2 5.2 15.0 1.0 0.0 0.0 0.0
1435267748.52
519.2 5.2 15.0 1.0 0.0 0.0 0.0
1435267748.55
519.2 5.1 15.0 1.0 0.0 0.0 0.0
1435267748.58
519.2 5.1 15.0 1.0 0.0 0.0 0.0
1435267748.61
519.3 5.1 15.0 1.0 0.0 0.0 0.0
1435267748.63
519.3 5.0 15.0 1.0 0.0 0.0 0.0
1435267748.67
519.4 5.0 15.0 1.0 0.0 0.0 0.0
1435267748.7
519.5 5.0 15.0 1.0 0.0 0.0 0.0
1435267748.73
519.5 5.0 15.0 1.0 0.0 0.0 0.0
1435267748.76
519.6 5.0 15.0 1.0 0.0 0.0 0.0
1435267748.79
519.6 5.0 15.0 1.0 0.0 0.0 0.0
1435267748.82
519.7 5.0 15.0 1.0 0.0 0.0 0.0
1435267748.85
519.7 5.0 15.0 1.0 0.0 0.0 0.0
1435267748.88
519.8 5.0 15.0 1.0 0.0 0.0 0.0
1435267748.91
519.9 5.0 15.0 1.0 0.0 0.0 0.0
1435267748.94
519.9 5.0 15.0 1.0 0.0 0.0 0.0
1435267748.97
520.0 5.0 15.0 1.0 0.0 0.0 0.0
1435267749.0
520.0 5.0 15.0 1.0 0.0 0.0 0.0
1435267749.03
520.1 5.0 15.0 1.0 0.0 0.0 0.0
1435267749.06
520.2 5.0 15.0 1.0 0.0 0.0 0.0
1435267749.09
520.2 5.0 15.0 1.0 0.0 0.0 0.0
1435267749.12
520.3 5.0 15.0 1.0 0.0 0.0 0.0
1435267749.15
520.3 5.0 15.0 1.0 0.0 0.0 0.0
1435267749.18
520.4 5.0 15.0 1.0 0.0 0.0 0.0
1435267749.21
520.5 5.0 15.0 1.0 0.0 0.0 0.0
1435267749.24
520.5 5.0 15.0 1.0 0.0 0.0 0.0
1435267749.27
520.6 5.0 15.0 1.0 0.0 0.0 0.0
1435267749.3
520.6 5.0 15.0 1.0 0.0 0.0 0.0
1435267749.33
520.7 5.0 15.0 1.0 0.0 0.0 0.0
1435267749.36
520.8 5.0 15.0 1.0 0.0 0.0 0.0
1435267749.39
520.8 4.9 15.0 1.0 0.0 0.0 0.0
1435267749.42
520.9 4.9 15.0 1.0 0.0 0.0 0.0
1435267749.45
520.9 4.9 15.0 1.0 0.0 0.0 0.0
1435267749.48
521.0 4.9 15.0 1.0 0.0 0.0 0.0
1435267749.51
521.1 4.9 15.0 1.0 0.0 0.0 0.0
1435267749.54
521.1 4.9 15.0 1.0 0.0 0.0 0.0
1435267749.57
521.2 4.9 15.0 1.0 0.0 0.0 0.0
1435267749.6
521.2 4.9 15.0 1.0 0.0 0.0 0.0
1435267749.63
521.3 4.9 15.0 1.0 0.0 0.0 0.0
1435267749.66
521.4 4.9 15.0 1.0 0.0 0.0 0.0
1435267749.69
521.4 4.9 15.0 1.0 0.0 0.0 0.0
1435267749.72
521.5 4.9 15.0 1.0 0.0 0.0 0.0
1435267749.76
521.5 4.9 15.0 1.0 0.0 0.0 0.0
1435267749.78
521.6 4.9 15.0 1.0 0.0 0.0 0.0
1435267749.81
521.7 4.9 15.0 1.0 0.0 0.0 0.0
1435267749.85
521.7 4.9 15.0 1.0 0.0 0.0 0.0
1435267749.88
521.8 4.9 15.0 1.0 0.0 0.0 0.0
1435267749.9
521.8 4.9 15.0 1.0 0.0 0.0 0.0
1435267749.94
521.9 4.9 15.0 1.0 0.0 0.0 0.0
1435267749.96
522.0 4.9 15.0 1.0 0.0 0.0 0.0
1435267750.0
522.0 4.9 15.0 1.0 0.0 0.0 0.0
1435267750.03
522.1 4.9 15.0 1.0 0.0 0.0 0.0
1435267750.06
522.1 4.9 15.0 1.0 0.0 0.0 0.0
1435267750.08
522.2 4.9 15.0 1.0 0.0 0.0 0.0
1435267750.12
522.3 4.9 15.0 1.0 0.0 0.0 0.0
1435267750.15
522.3 4.9 15.0 1.0 0.0 0.0 0.0
1435267750.18
522.4 4.9 15.0 1.0 0.0 0.0 0.0
1435267750.21
522.5 4.9 15.0 1.0 0.0 0.0 0.0
1435267750.24
522.5 4.9 15.0 1.0 0.0 0.0 0.0
1435267750.27
522.6 4.9 15.0 1.0 0.0 0.0 0.0
1435267750.3
522.6 4.9 15.0 1.0 0.0 0.0 0.0
1435267750.33
522.7 4.9 15.0 1.0 0.0 0.0 0.0
1435267750.36
522.8 4.9 15.0 1.0 0.0 0.0 0.0
1435267750.39
522.8 4.9 15.0 1.0 0.0 0.0 0.0
1435267750.42
522.9 4.9 15.0 1.0 0.0 0.0 0.0
1435267750.45
522.9 4.9 15.0 1.0 0.0 0.0 0.0
1435267750.48
523.0 4.9 15.0 1.0 0.0 0.0 0.0
1435267750.51
523.1 4.9 15.0 1.0 0.0 0.0 0.0
1435267750.54
523.1 4.9 15.0 1.0 0.0 0.0 0.0
1435267750.57
523.2 4.9 15.0 1.0 0.0 0.0 0.0
1435267750.6
523.2 4.9 15.0 1.0 0.0 0.0 0.0
1435267750.63
523.3 4.9 15.0 1.0 0.0 0.0 0.0
1435267750.66
523.4 4.9 15.0 1.0 0.0 0.0 0.0
1435267750.69
523.4 4.9 15.0 1.0 0.0 0.0 0.0
1435267750.72
523.5 4.9 15.0 1.0 0.0 0.0 0.0
1435267750.75
523.5 4.9 15.0 1.0 0.0 0.0 0.0
1435267750.78
523.6 4.9 15.0 1.0 0.0 0.0 0.0
1435267750.81
523.7 4.9 15.0 1.0 0.0 0.0 0.0
1435267750.84
523.7 4.9 15.0 1.0 0.0 0.0 0.0
1435267750.87
523.8 4.9 15.0 1.0 0.0 0.0 0.0
1435267750.9
523.8 4.9 15.0 1.0 0.0 0.0 0.0
1435267750.93
523.9 4.9 15.0 1.0 0.0 0.0 0.0
1435267750.96
523.9 4.9 15.0 1.0 0.0 0.0 0.0
1435267750.99
524.0 4.9 15.0 1.0 0.0 0.0 0.0
1435267751.03
524.1 4.8 15.0 1.0 0.0 0.0 0.0
1435267751.06
524.1 4.8 15.0 1.0 0.0 0.0 0.0
1435267751.09
524.2 4.8 15.0 1.0 0.0 0.0 0.0
1435267751.11
524.3 4.8 15.0 1.0 0.0 0.0 0.0
1435267751.15
524.3 4.8 15.0 1.0 0.0 0.0 0.0
1435267751.18
524.4 4.8 15.0 1.0 0.0 0.0 0.0
1435267751.21
524.4 4.8 15.0 1.0 0.0 0.0 0.0
1435267751.24
524.5 4.8 15.0 1.0 0.0 0.0 0.0
1435267751.27
524.6 4.8 15.0 1.0 0.0 0.0 0.0
1435267751.3
524.6 4.8 15.0 1.0 0.0 0.0 0.0
1435267751.33
524.7 4.8 15.0 1.0 0.0 0.0 0.0
1435267751.36
524.8 4.8 15.0 1.0 0.0 0.0 0.0
1435267751.39
524.8 4.8 15.0 1.0 0.0 0.0 0.0
1435267751.42
524.9 4.8 15.0 1.0 0.0 0.0 0.0
1435267751.45
524.9 4.8 15.0 1.0 0.0 0.0 0.0
1435267751.48
525.0 4.8 15.0 1.0 0.0 0.0 0.0
1435267751.52
525.1 4.8 15.0 1.0 0.0 0.0 0.0
1435267751.54
525.1 4.8 15.0 1.0 0.0 0.0 0.0
1435267751.58
525.2 4.8 15.0 1.0 0.0 0.0 0.0
1435267751.6
525.2 4.8 15.0 1.0 0.0 0.0 0.0
1435267751.64
525.3 4.8 15.0 1.0 0.0 0.0 0.0
1435267751.66
525.4 4.8 15.0 1.0 0.0 0.0 0.0
1435267751.7
525.4 4.8 15.0 1.0 0.0 0.0 0.0
1435267751.72
525.5 4.8 15.0 1.0 0.0 0.0 0.0
1435267751.76
525.5 4.8 15.0 1.0 0.0 0.0 0.0
1435267751.78
525.6 4.8 15.0 1.0 0.0 0.0 0.0
1435267751.82
525.7 4.8 15.0 1.0 0.0 0.0 0.0
1435267751.85
525.7 4.8 15.0 1.0 0.0 0.0 0.0
1435267751.88
525.8 4.8 15.0 1.0 0.0 0.0 0.0
1435267751.91
525.8 4.8 15.0 1.0 0.0 0.0 0.0
1435267751.94
525.9 4.8 15.0 1.0 0.0 0.0 0.0
1435267751.96
526.0 4.8 15.0 1.0 0.0 0.0 0.0
1435267752.0
526.0 4.8 15.0 1.0 0.0 0.0 0.0
1435267752.03
526.1 4.8 15.0 1.0 0.0 0.0 0.0
1435267752.06
526.2 4.8 15.0 1.0 0.0 0.0 0.0
1435267752.09
526.2 4.8 15.0 1.0 0.0 0.0 0.0
1435267752.12
526.3 4.8 15.0 1.0 0.0 0.0 0.0
1435267752.15
526.3 4.8 15.0 1.0 0.0 0.0 0.0
1435267752.18
526.4 4.8 15.0 1.0 0.0 0.0 0.0
1435267752.21
526.4 4.8 15.0 1.0 0.0 0.0 0.0
1435267752.24
526.5 4.8 15.0 1.0 0.0 0.0 0.0
1435267752.27
526.6 4.8 15.0 1.0 0.0 0.0 0.0
1435267752.3
526.6 4.8 15.0 1.0 0.0 0.0 0.0
1435267752.33
526.7 4.8 15.0 1.0 0.0 0.0 0.0
1435267752.36
526.8 4.8 15.0 1.0 0.0 0.0 0.0
1435267752.39
526.8 4.8 15.0 1.0 0.0 0.0 0.0
1435267752.42
526.9 4.8 15.0 1.0 0.0 0.0 0.0
1435267752.45
526.9 4.8 15.0 1.0 0.0 0.0 0.0
1435267752.48
527.0 4.8 15.0 1.0 0.0 0.0 0.0
1435267752.51
527.1 4.8 15.0 1.0 0.0 0.0 0.0
1435267752.54
527.1 4.8 15.0 1.0 0.0 0.0 0.0
1435267752.57
527.2 4.8 15.0 1.0 0.0 0.0 0.0
1435267752.6
527.2 4.8 15.0 1.0 0.0 0.0 0.0
1435267752.63
527.3 4.8 15.0 1.0 0.0 0.0 0.0
1435267752.66
527.4 4.7 15.0 1.0 0.0 0.0 0.0
1435267752.69
527.4 4.7 15.0 1.0 0.0 0.0 0.0
1435267752.72
527.5 4.7 15.0 1.0 0.0 0.0 0.0
1435267752.75
527.5 4.7 15.0 1.0 0.0 0.0 0.0
1435267752.78
527.6 4.7 15.0 1.0 0.0 0.0 0.0
1435267752.81
527.7 4.7 15.0 1.0 0.0 0.0 0.0
1435267752.84
527.7 4.7 15.0 1.0 0.0 0.0 0.0
1435267752.87
527.8 4.7 15.0 1.0 0.0 0.0 0.0
1435267752.9
527.8 4.7 15.0 1.0 0.0 0.0 0.0
1435267752.93
527.9 4.7 15.0 1.0 0.0 0.0 0.0
1435267752.97
528.0 4.7 15.0 1.0 0.0 0.0 0.0
1435267752.99
528.0 4.7 15.0 1.0 0.0 0.0 0.0
1435267753.03
528.1 4.7 15.0 1.0 0.0 0.0 0.0
1435267753.06
528.1 4.7 15.0 1.0 0.0 0.0 0.0
1435267753.09
528.2 4.7 15.0 1.0 0.0 0.0 0.0
1435267753.12
528.3 4.7 15.0 1.0 0.0 0.0 0.0
1435267753.15
528.3 4.7 15.0 1.0 0.0 0.0 0.0
1435267753.18
528.4 4.7 15.0 1.0 0.0 0.0 0.0
1435267753.21
528.5 4.7 15.0 1.0 0.0 0.0 0.0
1435267753.24
528.5 4.7 15.0 1.0 0.0 0.0 0.0
1435267753.27
528.6 4.7 15.0 1.0 0.0 0.0 0.0
1435267753.3
528.6 4.7 15.0 1.0 0.0 0.0 0.0
1435267753.33
528.7 4.7 15.0 1.0 0.0 0.0 0.0
1435267753.36
528.8 4.7 15.0 1.0 0.0 0.0 0.0
1435267753.39
528.8 4.7 15.0 1.0 0.0 0.0 0.0
1435267753.42
528.9 4.7 15.0 1.0 0.0 0.0 0.0
1435267753.45
528.9 4.7 15.0 1.0 0.0 0.0 0.0
1435267753.48
529.0 4.7 15.0 1.0 0.0 0.0 0.0
1435267753.51
529.1 4.7 15.0 1.0 0.0 0.0 0.0
1435267753.54
529.1 4.7 15.0 1.0 0.0 0.0 0.0
1435267753.57
529.2 4.7 15.0 1.0 0.0 0.0 0.0
1435267753.6
529.2 4.7 15.0 1.0 0.0 0.0 0.0
1435267753.63
529.3 4.7 15.0 1.0 0.0 0.0 0.0
1435267753.66
529.4 4.7 15.0 1.0 0.0 0.0 0.0
1435267753.69
529.4 4.7 15.0 1.0 0.0 0.0 0.0
1435267753.72
529.5 4.7 15.0 1.0 0.0 0.0 0.0
1435267753.76
529.5 4.7 15.0 1.0 0.0 0.0 0.0
1435267753.79
529.6 4.7 15.0 1.0 0.0 0.0 0.0
1435267753.81
529.7 4.7 15.0 1.0 0.0 0.0 0.0
1435267753.84
529.7 4.7 15.0 1.0 0.0 0.0 0.0
1435267753.88
529.8 4.7 15.0 1.0 0.0 0.0 0.0
1435267753.9
529.9 4.7 15.0 1.0 0.0 0.0 0.0
1435267753.94
529.9 4.7 15.0 1.0 0.0 0.0 0.0
1435267753.96
530.0 4.7 15.0 1.0 0.0 0.0 0.0
1435267754.0
530.0 4.7 15.0 1.0 0.0 0.0 0.0
1435267754.02
530.1 4.7 15.0 1.0 0.0 0.0 0.0
1435267754.06
530.1 4.7 15.0 1.0 0.0 0.0 0.0
1435267754.08
530.2 4.7 15.0 1.0 0.0 0.0 0.0
1435267754.12
530.3 4.7 15.0 1.0 0.0 0.0 0.0
1435267754.14
530.3 4.7 15.0 1.0 0.0 0.0 0.0
1435267754.18
530.4 4.7 15.0 1.0 0.0 0.0 0.0
1435267754.2
530.4 4.7 15.0 1.0 0.0 0.0 0.0
1435267754.24
530.5 4.7 15.0 1.0 0.0 0.0 0.0
1435267754.26
530.6 4.7 15.0 1.0 0.0 0.0 0.0
1435267754.29
530.6 4.7 15.0 1.0 0.0 0.0 0.0
1435267754.32
530.7 4.6 15.0 1.0 0.0 0.0 0.0
1435267754.36
530.7 4.6 15.0 1.0 0.0 0.0 0.0
1435267754.38
530.8 4.6 15.0 1.0 0.0 0.0 0.0
1435267754.42
530.9 4.6 15.0 1.0 0.0 0.0 0.0
1435267754.45
530.9 4.6 15.0 1.0 0.0 0.0 0.0
1435267754.48
531.0 4.6 15.0 1.0 0.0 0.0 0.0
1435267754.51
531.1 4.6 15.0 1.0 0.0 0.0 0.0
1435267754.54
531.1 4.6 15.0 1.0 0.0 0.0 0.0
1435267754.57
531.2 4.6 15.0 1.0 0.0 0.0 0.0
1435267754.6
531.2 4.6 15.0 1.0 0.0 0.0 0.0
1435267754.63
531.3 4.6 15.0 1.0 0.0 0.0 0.0
1435267754.66
531.3 4.6 15.0 1.0 0.0 0.0 0.0
1435267754.69
531.4 4.6 15.0 1.0 0.0 0.0 0.0
1435267754.71
531.5 4.6 15.0 1.0 0.0 0.0 0.0
1435267754.75
531.5 4.6 15.0 1.0 0.0 0.0 0.0
1435267754.77
531.6 4.6 15.0 1.0 0.0 0.0 0.0
1435267754.81
531.6 4.6 15.0 1.0 0.0 0.0 0.0
1435267754.84
531.7 4.6 15.0 1.0 0.0 0.0 0.0
1435267754.87
531.8 4.6 15.0 1.0 0.0 0.0 0.0
1435267754.9
531.8 4.6 15.0 1.0 0.0 0.0 0.0
1435267754.93
531.9 4.6 15.0 1.0 0.0 0.0 0.0
1435267754.96
531.9 4.6 15.0 1.0 0.0 0.0 0.0
1435267754.99
532.0 4.6 15.0 1.0 0.0 0.0 0.0
1435267755.02
532.1 4.6 15.0 1.0 0.0 0.0 0.0
1435267755.05
532.1 4.6 15.0 1.0 0.0 0.0 0.0
1435267755.08
532.1 4.6 15.0 1.0 0.0 0.0 0.0
1435267755.11
532.1 4.6 15.0 1.0 0.0 0.0 0.0
1435267755.14
532.1 4.6 15.0 1.0 0.0 0.0 0.0
1435267755.17
532.0 4.6 15.0 1.0 0.0 0.0 0.0
1435267755.2
531.9 4.6 15.0 1.0 0.0 0.0 0.0
1435267755.23
531.9 4.6 15.0 1.0 0.0 0.0 0.0
1435267755.26
531.8 4.6 15.0 1.0 0.0 0.0 0.0
1435267755.29
531.8 4.6 15.0 1.0 0.0 0.0 0.0
1435267755.32
531.7 4.6 15.0 1.0 0.0 0.0 0.0
1435267755.35
531.7 4.6 15.0 1.0 0.0 0.0 0.0
1435267755.38
531.6 4.6 15.0 1.0 0.0 0.0 0.0
1435267755.41
531.5 4.6 15.0 1.0 0.0 0.0 0.0
1435267755.44
531.5 4.6 15.0 1.0 0.0 0.0 0.0
1435267755.47
531.4 4.6 15.0 1.0 0.0 0.0 0.0
1435267755.5
531.4 4.6 15.0 1.0 0.0 0.0 0.0
1435267755.53
531.3 4.7 15.0 1.0 0.0 0.0 0.0
1435267755.56
531.2 4.7 15.0 1.0 0.0 0.0 0.0
1435267755.59
531.2 4.7 15.0 1.0 0.0 0.0 0.0
1435267755.62
531.1 4.7 15.0 1.0 0.0 0.0 0.0
1435267755.65
531.1 4.7 15.0 1.0 0.0 0.0 0.0
1435267755.68
531.0 4.7 15.0 1.0 0.0 0.0 0.0
1435267755.71
531.0 4.7 15.0 1.0 0.0 0.0 0.0
1435267755.74
530.9 4.7 15.0 1.0 0.0 0.0 0.0
1435267755.77
530.8 4.7 15.0 1.0 0.0 0.0 0.0
1435267755.8
530.8 4.7 15.0 1.0 0.0 0.0 0.0
1435267755.84
530.7 4.7 15.0 1.0 0.0 0.0 0.0
1435267755.86
530.6 4.7 15.0 1.0 0.0 0.0 0.0
1435267755.9
530.6 4.7 15.0 1.0 0.0 0.0 0.0
1435267755.92
530.5 4.7 15.0 1.0 0.0 0.0 0.0
1435267755.96
530.5 4.8 15.0 1.0 0.0 0.0 0.0
1435267755.99
530.4 4.8 15.0 1.0 0.0 0.0 0.0
1435267756.02
530.3 4.8 15.0 1.0 0.0 0.0 0.0
1435267756.05
530.3 4.8 15.0 1.0 0.0 0.0 0.0
1435267756.08
530.2 4.8 15.0 1.0 0.0 0.0 0.0
1435267756.11
530.2 4.8 15.0 1.0 0.0 0.0 0.0
1435267756.14
530.1 4.8 15.0 1.0 0.0 0.0 0.0
1435267756.17
530.0 4.8 15.0 1.0 0.0 0.0 0.0
1435267756.2
530.0 4.8 15.0 1.0 0.0 0.0 0.0
1435267756.23
529.9 4.8 15.0 1.0 0.0 0.0 0.0
1435267756.26
529.9 4.8 15.0 1.0 0.0 0.0 0.0
1435267756.29
529.8 4.8 15.0 1.0 0.0 0.0 0.0
1435267756.32
529.7 4.8 15.0 1.0 0.0 0.0 0.0
1435267756.35
529.7 4.8 15.0 1.0 0.0 0.0 0.0
1435267756.38
529.6 4.8 15.0 1.0 0.0 0.0 0.0
1435267756.41
529.6 4.8 15.0 1.0 0.0 0.0 0.0
1435267756.44
529.5 4.8 15.0 1.0 0.0 0.0 0.0
1435267756.47
529.4 4.8 15.0 1.0 0.0 0.0 0.0
1435267756.5
529.4 4.8 15.0 1.0 0.0 0.0 0.0
1435267756.53
529.3 4.9 15.0 1.0 0.0 0.0 0.0
1435267756.56
529.3 4.9 15.0 1.0 0.0 0.0 0.0
1435267756.59
529.2 4.9 15.0 1.0 0.0 0.0 0.0
1435267756.62
529.1 4.9 15.0 1.0 0.0 0.0 0.0
1435267756.65
529.1 4.9 15.0 1.0 0.0 0.0 0.0
1435267756.68
529.0 4.9 15.0 1.0 0.0 0.0 0.0
1435267756.71
529.0 4.9 15.0 1.0 0.0 0.0 0.0
1435267756.74
528.9 4.9 15.0 1.0 0.0 0.0 0.0
1435267756.77
528.8 4.9 15.0 1.0 0.0 0.0 0.0
1435267756.8
528.8 4.9 15.0 1.0 0.0 0.0 0.0
1435267756.83
528.7 4.9 15.0 1.0 0.0 0.0 0.0
1435267756.86
528.7 4.9 15.0 1.0 0.0 0.0 0.0
1435267756.89
528.7 4.9 15.0 1.0 0.0 0.0 0.0
1435267756.92
528.7 4.9 15.0 1.0 0.0 0.0 0.0
1435267756.95
528.7 4.9 15.0 1.0 0.0 0.0 0.0
1435267756.98
528.7 4.9 15.0 1.0 0.0 0.0 0.0
1435267757.01
528.7 4.9 15.0 1.0 0.0 0.0 0.0
1435267757.04
528.7 4.9 15.0 1.0 0.0 0.0 0.0
1435267757.07
528.7 4.9 15.0 1.0 0.0 0.0 0.0
1435267757.11
528.7 4.9 15.0 1.0 0.0 0.0 0.0
1435267757.13
528.7 4.9 15.0 1.0 0.0 0.0 0.0
1435267757.17
528.7 4.9 15.0 1.0 0.0 0.0 0.0
1435267757.19
528.7 4.9 15.0 1.0 0.0 0.0 0.0
1435267757.23
528.7 4.9 15.0 1.0 0.0 0.0 0.0
1435267757.25
528.7 4.9 15.0 1.0 0.0 0.0 0.0
1435267757.29
528.7 4.9 15.0 1.0 0.0 0.0 0.0
1435267757.31
528.7 4.9 15.0 1.0 0.0 0.0 0.0
1435267757.35
528.7 4.9 15.0 1.0 0.0 0.0 0.0
1435267757.37
528.7 4.9 15.0 1.0 0.0 0.0 0.0
1435267757.41
528.7 4.9 15.0 1.0 0.0 0.0 0.0
1435267757.43
528.7 4.9 15.0 1.0 0.0 0.0 0.0
1435267757.47
528.7 4.9 15.0 1.0 0.0 0.0 0.0
1435267757.5
528.7 4.9 15.0 1.0 0.0 0.0 0.0
1435267757.53
528.7 4.9 15.0 1.0 0.0 0.0 0.0
1435267757.56
528.7 4.9 15.0 1.0 0.0 0.0 0.0
1435267757.59
528.7 4.9 15.0 1.0 0.0 0.0 0.0
1435267757.62
528.7 4.9 15.0 1.0 0.0 0.0 0.0
1435267757.65
528.7 4.9 15.0 1.0 0.0 0.0 0.0
1435267757.68
528.7 4.9 15.0 1.0 0.0 0.0 0.0
1435267757.71
528.7 4.9 15.0 1.0 0.0 0.0 0.0
1435267757.74
528.7 4.9 15.0 1.0 0.0 0.0 0.0
1435267757.77
528.7 4.9 15.0 1.0 0.0 0.0 0.0
1435267757.8
528.7 4.9 15.0 1.0 0.0 0.0 0.0
1435267757.83
528.7 4.9 15.0 1.0 0.0 0.0 0.0
1435267757.86
528.7 4.9 15.0 1.0 0.0 0.0 0.0
1435267757.89
528.7 4.9 15.0 1.0 0.0 0.0 0.0
1435267757.92
528.7 4.9 15.0 1.0 0.0 0.0 0.0
1435267757.95
528.7 4.9 15.0 1.0 0.0 0.0 0.0
1435267757.98
528.7 4.9 15.0 1.0 0.0 0.0 0.0
1435267758.01
528.7 4.9 15.0 1.0 0.0 0.0 0.0
1435267758.04
528.7 4.9 15.0 1.0 0.0 0.0 0.0
1435267758.07
528.7 4.9 15.0 1.0 0.0 0.0 0.0
1435267758.1
528.7 4.9 15.0 1.0 0.0 0.0 0.0
1435267758.13
528.7 4.9 15.0 1.0 0.0 0.0 0.0
1435267758.16
528.7 4.9 15.0 1.0 0.0 0.0 0.0
1435267758.19
528.7 4.9 15.0 1.0 0.0 0.0 0.0
1435267758.22
528.7 4.9 15.0 1.0 0.0 0.0 0.0
1435267758.25
528.7 4.9 15.0 1.0 0.0 0.0 0.0
1435267758.28
528.7 4.9 15.0 1.0 0.0 0.0 0.0
1435267758.31
528.7 4.9 15.0 1.0 0.0 0.0 0.0
1435267758.34
528.7 4.9 15.0 1.0 0.0 0.0 0.0
1435267758.37
528.7 4.9 15.0 1.0 0.0 0.0 0.0
1435267758.4
528.7 4.9 15.0 1.0 0.0 0.0 0.0
1435267758.43
528.7 4.9 15.0 1.0 0.0 0.0 0.0
1435267758.46
528.7 4.9 15.0 1.0 0.0 0.0 0.0
1435267758.49
528.7 4.9 15.0 1.0 0.0 0.0 0.0
1435267758.52
528.7 4.9 15.0 1.0 0.0 0.0 0.0
1435267758.55
528.7 4.9 15.0 1.0 0.0 0.0 0.0
1435267758.58
528.7 4.9 15.0 1.0 0.0 0.0 0.0
1435267758.61
528.7 4.9 15.0 1.0 0.0 0.0 0.0
1435267758.64
528.7 4.9 15.0 1.0 0.0 0.0 0.0
1435267758.67
528.7 4.9 15.0 1.0 0.0 0.0 0.0
1435267758.7
528.7 4.9 15.0 1.0 0.0 0.0 0.0
1435267758.73
528.7 4.9 15.0 1.0 0.0 0.0 0.0
1435267758.76
528.7 4.9 15.0 1.0 0.0 0.0 0.0
1435267758.79
528.7 4.9 15.0 1.0 0.0 0.0 0.0
1435267758.82
528.7 4.9 15.0 1.0 0.0 0.0 0.0
1435267758.85
528.7 4.9 15.0 1.0 0.0 0.0 0.0
1435267758.88
528.7 4.9 15.0 1.0 0.0 0.0 0.0
1435267758.91
528.7 4.9 15.0 1.0 0.0 0.0 0.0
1435267758.94
528.7 4.9 15.0 1.0 0.0 0.0 0.0
1435267758.97
528.7 4.9 15.0 1.0 0.0 0.0 0.0
1435267759.0
528.7 4.9 15.0 1.0 0.0 0.0 0.0
1435267759.03
528.7 4.9 15.0 1.0 0.0 0.0 0.0
1435267759.05
528.7 4.9 15.0 1.0 0.0 0.0 0.0
1435267759.09
528.7 4.9 15.0 1.0 0.0 0.0 0.0
1435267759.12
528.7 4.9 15.0 1.0 0.0 0.0 0.0
1435267759.15
528.7 4.9 15.0 1.0 0.0 0.0 0.0
1435267759.17
528.7 4.9 15.0 1.0 0.0 0.0 0.0
1435267759.21
528.7 4.9 15.0 1.0 0.0 0.0 0.0
1435267759.23
528.7 4.9 15.0 1.0 0.0 0.0 0.0
1435267759.27
528.7 4.9 15.0 1.0 0.0 0.0 0.0
1435267759.3
528.7 4.9 15.0 1.0 0.0 0.0 0.0
1435267759.33
528.7 4.9 15.0 1.0 0.0 0.0 0.0
1435267759.35
528.7 4.9 15.0 1.0 0.0 0.0 0.0
1435267759.39
528.7 4.9 15.0 1.0 0.0 0.0 0.0
1435267759.42
528.7 4.9 15.0 1.0 0.0 0.0 0.0
1435267759.45
528.7 4.9 15.0 1.0 0.0 0.0 0.0
1435267759.47
528.7 4.9 15.0 1.0 0.0 0.0 0.0
1435267759.5
528.7 4.9 15.0 1.0 0.0 0.0 0.0
1435267759.53
528.7 4.9 15.0 1.0 0.0 0.0 0.0
1435267759.57
528.7 4.9 15.0 1.0 0.0 0.0 0.0
1435267759.59
528.7 4.9 15.0 1.0 0.0 0.0 0.0
1435267759.63
528.7 4.9 15.0 1.0 0.0 0.0 0.0
1435267759.65
528.7 4.9 15.0 1.0 0.0 0.0 0.0
1435267759.68
528.7 4.9 15.0 1.0 0.0 0.0 0.0
1435267759.71
528.7 4.9 15.0 1.0 0.0 0.0 0.0
1435267759.74
528.7 4.9 15.0 1.0 0.0 0.0 0.0
1435267759.77
528.7 4.9 15.0 1.0 0.0 0.0 0.0
1435267759.8
528.7 4.9 15.0 1.0 0.0 0.0 0.0
1435267759.83
528.7 4.9 15.0 1.0 0.0 0.0 0.0
1435267759.86
528.7 4.9 15.0 1.0 0.0 0.0 0.0
1435267759.89
528.7 4.9 15.0 1.0 0.0 0.0 0.0
1435267759.92
528.7 4.9 15.0 1.0 0.0 0.0 0.0
1435267759.95
528.7 4.9 15.0 1.0 0.0 0.0 0.0
1435267759.98
528.7 4.9 15.0 1.0 0.0 0.0 0.0
1435267760.01
528.7 4.9 15.0 1.0 0.0 0.0 0.0
1435267760.04
528.7 4.9 15.0 1.0 0.0 0.0 0.0
1435267760.07
528.7 4.9 15.0 1.0 0.0 0.0 0.0
1435267760.1
528.7 4.9 15.0 1.0 0.0 0.0 0.0
1435267760.13
528.7 4.9 15.0 1.0 0.0 0.0 0.0
1435267760.17
528.7 4.9 15.0 1.0 0.0 0.0 0.0
1435267760.19
528.7 4.9 15.0 1.0 0.0 0.0 0.0
1435267760.22
528.7 4.9 15.0 1.0 0.0 0.0 0.0
1435267760.25
528.7 4.9 15.0 1.0 0.0 0.0 0.0
1435267760.28
528.7 4.9 15.0 1.0 0.0 0.0 0.0
1435267760.31
528.7 4.9 15.0 1.0 0.0 0.0 0.0
1435267760.34
528.7 4.9 15.0 1.0 0.0 0.0 0.0
1435267760.37
528.7 4.9 15.0 1.0 0.0 0.0 0.0
1435267760.4
528.7 4.9 15.0 1.0 0.0 0.0 0.0
1435267760.43
528.7 4.9 15.0 1.0 0.0 0.0 0.0
1435267760.46
528.7 4.9 15.0 1.0 0.0 0.0 0.0
1435267760.49
528.7 4.9 15.0 1.0 0.0 0.0 0.0
1435267760.52
528.7 4.9 15.0 1.0 0.0 0.0 0.0
1435267760.55
528.7 4.9 15.0 1.0 0.0 0.0 0.0
1435267760.58
528.7 4.9 15.0 1.0 0.0 0.0 0.0
1435267760.61
528.7 4.9 15.0 1.0 0.0 0.0 0.0
1435267760.64
528.7 4.9 15.0 1.0 0.0 0.0 0.0
1435267760.67
528.7 4.9 15.0 1.0 0.0 0.0 0.0
1435267760.7
528.7 4.9 15.0 1.0 0.0 0.0 0.0
1435267760.73
528.7 4.9 15.0 1.0 0.0 0.0 0.0
1435267760.76
528.7 4.9 15.0 1.0 0.0 0.0 0.0
1435267760.79
528.7 4.9 15.0 1.0 0.0 0.0 0.0
1435267760.82
528.7 4.9 15.0 1.0 0.0 0.0 0.0
1435267760.85
528.7 4.9 15.0 1.0 0.0 0.0 0.0
1435267760.88
528.7 4.9 15.0 1.0 0.0 0.0 0.0
1435267760.91
528.7 4.9 15.0 1.0 0.0 0.0 0.0
1435267760.94
528.7 4.9 15.0 1.0 0.0 0.0 0.0
1435267760.97
528.7 4.9 15.0 1.0 0.0 0.0 0.0
1435267761.0
528.7 4.9 15.0 1.0 0.0 0.0 0.0
1435267761.03
528.7 4.9 15.0 1.0 0.0 0.0 0.0
1435267761.06
528.7 4.9 15.0 1.0 0.0 0.0 0.0
1435267761.09
528.7 4.9 15.0 1.0 0.0 0.0 0.0
1435267761.12
528.7 4.9 15.0 1.0 0.0 0.0 0.0
1435267761.15
528.7 4.9 15.0 1.0 0.0 0.0 0.0
1435267761.18
528.7 4.9 15.0 1.0 0.0 0.0 0.0
1435267761.21
528.7 4.9 15.0 1.0 0.0 0.0 0.0
1435267761.24
528.7 4.9 15.0 1.0 0.0 0.0 0.0
1435267761.27
528.7 4.9 15.0 1.0 0.0 0.0 0.0
1435267761.3
528.7 4.9 15.0 1.0 0.0 0.0 0.0
1435267761.33
528.7 4.9 15.0 1.0 0.0 0.0 0.0
1435267761.36
528.7 4.9 15.0 1.0 0.0 0.0 0.0
1435267761.39
528.7 4.9 15.0 1.0 0.0 0.0 0.0
1435267761.42
528.7 4.9 15.0 1.0 0.0 0.0 0.0
1435267761.45
528.7 4.9 15.0 1.0 0.0 0.0 0.0
1435267761.48
528.7 4.9 15.0 1.0 0.0 0.0 0.0
1435267761.51
528.7 4.9 15.0 1.0 0.0 0.0 0.0
1435267761.54
528.7 4.9 15.0 1.0 0.0 0.0 0.0
1435267761.57
528.7 4.9 15.0 1.0 0.0 0.0 0.0
1435267761.6
528.7 4.9 15.0 1.0 0.0 0.0 0.0
1435267761.63
528.7 4.9 15.0 1.0 0.0 0.0 0.0
1435267761.66
528.7 4.9 15.0 1.0 0.0 0.0 0.0
1435267761.69
528.7 4.9 15.0 1.0 0.0 0.0 0.0
1435267761.72
528.7 4.9 15.0 1.0 0.0 0.0 0.0
1435267761.75
528.7 4.9 15.0 1.0 0.0 0.0 0.0
1435267761.78
528.7 4.9 15.0 1.0 0.0 0.0 0.0
1435267761.81
528.7 4.9 15.0 1.0 0.0 0.0 0.0
1435267761.84
528.7 4.9 15.0 1.0 0.0 0.0 0.0
1435267761.87
528.7 4.9 15.0 1.0 0.0 0.0 0.0
1435267761.9
528.7 4.9 15.0 1.0 0.0 0.0 0.0
1435267761.93
528.7 4.9 15.0 1.0 0.0 0.0 0.0
1435267761.96
528.7 4.9 15.0 1.0 0.0 0.0 0.0
1435267761.99
528.7 4.9 15.0 1.0 0.0 0.0 0.0
1435267762.02
528.7 4.9 15.0 1.0 0.0 0.0 0.0
1435267762.05
528.7 4.9 15.0 1.0 0.0 0.0 0.0
1435267762.08
528.7 4.9 15.0 1.0 0.0 0.0 0.0
1435267762.11
528.7 4.9 15.0 1.0 0.0 0.0 0.0
1435267762.14
528.7 4.9 15.0 1.0 0.0 0.0 0.0
1435267762.17
528.7 4.9 15.0 1.0 0.0 0.0 0.0
1435267762.2
528.7 4.9 15.0 1.0 0.0 0.0 0.0
1435267762.23
528.7 4.9 15.0 1.0 0.0 0.0 0.0
1435267762.26
528.7 4.9 15.0 1.0 0.0 0.0 0.0
1435267762.29
528.7 4.9 15.0 1.0 0.0 0.0 0.0
1435267762.32
528.7 4.9 15.0 1.0 0.0 0.0 0.0
1435267762.35
528.7 4.9 15.0 1.0 0.0 0.0 0.0
1435267762.38
528.7 4.9 15.0 1.0 0.0 0.0 0.0
1435267762.41
528.7 4.9 15.0 1.0 0.0 0.0 0.0
1435267762.44
528.7 4.9 15.0 1.0 0.0 0.0 0.0
1435267762.47
528.7 4.9 15.0 1.0 0.0 0.0 0.0
1435267762.5
528.7 4.9 15.0 1.0 0.0 0.0 0.0
1435267762.53
528.7 4.9 15.0 1.0 0.0 0.0 0.0
1435267762.56
528.7 4.9 15.0 1.0 0.0 0.0 0.0
1435267762.59
528.7 4.9 15.0 1.0 0.0 0.0 0.0
1435267762.62
528.7 4.9 15.0 1.0 0.0 0.0 0.0
1435267762.65
528.7 4.9 15.0 1.0 0.0 0.0 0.0
1435267762.68
528.7 4.9 15.0 1.0 0.0 0.0 0.0
1435267762.71
528.7 4.9 15.0 1.0 0.0 0.0 0.0
1435267762.74
528.7 4.9 15.0 1.0 0.0 0.0 0.0
1435267762.77
528.7 4.9 15.0 1.0 0.0 0.0 0.0
1435267762.8
528.7 4.9 15.0 1.0 0.0 0.0 0.0
1435267762.83
528.7 4.9 15.0 1.0 0.0 0.0 0.0
1435267762.86
528.7 4.9 15.0 1.0 0.0 0.0 0.0
1435267762.89
528.7 4.9 15.0 1.0 0.0 0.0 0.0
