1435287973.76
500.0 0.0 15.0 1.0 0.0 0.0 0.0
1435287973.79
500.0 0.0 15.0 1.0 0.0 0.0 0.0
1435287973.82
500.0 0.0 15.0 1.0 0.0 0.0 0.0
1435287973.85
500.0 0.0 15.0 1.0 0.0 0.0 0.0
1435287973.88
500.0 0.0 15.0 1.0 0.0 0.0 0.0
1435287973.91
500.0 0.0 15.0 1.0 0.0 0.0 0.0
1435287973.94
500.0 0.0 15.0 1.0 0.0 0.0 0.0
1435287973.97
500.0 0.0 15.0 1.0 0.0 0.0 0.0
1435287974.0
500.0 0.0 15.0 1.0 0.0 0.0 0.0
1435287974.03
500.0 0.0 15.0 1.0 0.0 0.0 0.0
1435287974.06
500.0 0.0 15.0 1.0 0.0 0.0 0.0
1435287974.09
500.0 0.0 15.0 1.0 0.0 0.0 0.0
1435287974.12
500.0 0.0 15.0 1.0 0.0 0.0 0.0
1435287974.15
500.0 0.0 15.0 1.0 0.0 0.0 0.0
1435287974.18
500.0 0.0 15.0 1.0 0.0 0.0 0.0
1435287974.21
500.0 0.0 15.0 1.0 0.0 0.0 0.0
1435287974.24
500.0 0.0 15.0 1.0 0.0 0.0 0.0
1435287974.27
500.1 0.0 15.0 1.0 0.0 0.0 0.0
1435287974.3
500.2 0.0 15.0 1.0 0.0 0.0 0.0
1435287974.33
500.3 -0.1 15.0 1.0 0.0 0.0 0.0
1435287974.36
500.5 -0.1 15.0 1.0 0.0 0.0 0.0
1435287974.4
500.6 -0.2 15.0 1.0 0.0 0.0 0.0
1435287974.42
500.8 -0.2 15.0 1.0 0.0 0.0 0.0
1435287974.46
500.9 -0.3 15.0 1.0 0.0 0.0 0.0
1435287974.48
501.1 -0.3 15.0 1.0 0.0 0.0 0.0
1435287974.52
501.2 -0.4 15.0 1.0 0.0 0.0 0.0
1435287974.54
501.3 -0.5 15.0 1.0 0.0 0.0 0.0
1435287974.57
501.5 -0.5 15.0 1.0 0.0 0.0 0.0
1435287974.61
501.6 -0.6 15.0 1.0 0.0 0.0 0.0
1435287974.64
501.7 -0.6 15.0 1.0 0.0 0.0 0.0
1435287974.66
501.9 -0.7 15.0 1.0 0.0 0.0 0.0
1435287974.7
502.0 -0.7 15.0 1.0 0.0 0.0 0.0
1435287974.72
502.2 -0.8 15.0 1.0 0.0 0.0 0.0
1435287974.76
502.3 -0.8 15.0 1.0 0.0 0.0 0.0
1435287974.78
502.5 -0.9 15.0 1.0 0.0 0.0 0.0
1435287974.82
502.6 -0.9 15.0 1.0 0.0 0.0 0.0
1435287974.85
502.8 -1.0 15.0 1.0 0.0 0.0 0.0
1435287974.88
502.9 -1.0 15.0 1.0 0.0 0.0 0.0
1435287974.91
503.0 -1.1 15.0 1.0 0.0 0.0 0.0
1435287974.94
503.2 -1.1 15.0 1.0 0.0 0.0 0.0
1435287974.97
503.3 -1.2 15.0 1.0 0.0 0.0 0.0
1435287975.0
503.5 -1.3 15.0 1.0 0.0 0.0 0.0
1435287975.03
503.6 -1.3 15.0 1.0 0.0 0.0 0.0
1435287975.06
503.7 -1.4 15.0 1.0 0.0 0.0 0.0
1435287975.09
503.9 -1.4 15.0 1.0 0.0 0.0 0.0
1435287975.12
504.0 -1.5 15.0 1.0 0.0 0.0 0.0
1435287975.15
504.2 -1.5 15.0 1.0 0.0 0.0 0.0
1435287975.18
504.3 -1.6 15.0 1.0 0.0 0.0 0.0
1435287975.21
504.5 -1.6 15.0 1.0 0.0 0.0 0.0
1435287975.24
504.6 -1.7 15.0 1.0 0.0 0.0 0.0
1435287975.27
504.7 -1.7 15.0 1.0 0.0 0.0 0.0
1435287975.3
504.9 -1.8 15.0 1.0 0.0 0.0 0.0
1435287975.33
505.0 -1.8 15.0 1.0 0.0 0.0 0.0
1435287975.36
505.2 -1.9 15.0 1.0 0.0 0.0 0.0
1435287975.39
505.3 -1.9 15.0 1.0 0.0 0.0 0.0
1435287975.42
505.4 -2.0 15.0 1.0 0.0 0.0 0.0
1435287975.45
505.6 -2.0 15.0 1.0 0.0 0.0 0.0
1435287975.48
505.7 -2.1 15.0 1.0 0.0 0.0 0.0
1435287975.51
505.9 -2.1 15.0 1.0 0.0 0.0 0.0
1435287975.54
506.0 -2.2 15.0 1.0 0.0 0.0 0.0
1435287975.57
506.2 -2.3 15.0 1.0 0.0 0.0 0.0
1435287975.61
506.3 -2.3 15.0 1.0 0.0 0.0 0.0
1435287975.63
506.5 -2.3 15.0 1.0 0.0 0.0 0.0
1435287975.67
506.6 -2.4 15.0 1.0 0.0 0.0 0.0
1435287975.7
506.7 -2.5 15.0 1.0 0.0 0.0 0.0
1435287975.73
506.9 -2.5 15.0 1.0 0.0 0.0 0.0
1435287975.76
507.0 -2.6 15.0 1.0 0.0 0.0 0.0
1435287975.79
507.1 -2.6 15.0 1.0 0.0 0.0 0.0
1435287975.81
507.3 -2.7 15.0 1.0 0.0 0.0 0.0
1435287975.85
507.5 -2.7 15.0 1.0 0.0 0.0 0.0
1435287975.88
507.6 -2.8 15.0 1.0 0.0 0.0 0.0
1435287975.91
507.7 -2.8 15.0 1.0 0.0 0.0 0.0
1435287975.94
507.9 -2.9 15.0 1.0 0.0 0.0 0.0
1435287975.97
508.0 -2.9 15.0 1.0 0.0 0.0 0.0
1435287976.0
508.2 -3.0 15.0 1.0 0.0 0.0 0.0
1435287976.03
508.3 -3.0 15.0 1.0 0.0 0.0 0.0
1435287976.06
508.5 -3.1 15.0 1.0 0.0 0.0 0.0
1435287976.09
508.6 -3.1 15.0 1.0 0.0 0.0 0.0
1435287976.12
508.7 -3.2 15.0 1.0 0.0 0.0 0.0
1435287976.15
508.9 -3.2 15.0 1.0 0.0 0.0 0.0
1435287976.18
509.0 -3.3 15.0 1.0 0.0 0.0 0.0
1435287976.21
509.1 -3.3 15.0 1.0 0.0 0.0 0.0
1435287976.24
509.3 -3.4 15.0 1.0 0.0 0.0 0.0
1435287976.27
509.4 -3.4 15.0 1.0 0.0 0.0 0.0
1435287976.3
509.6 -3.5 15.0 1.0 0.0 0.0 0.0
1435287976.33
509.7 -3.5 15.0 1.0 0.0 0.0 0.0
1435287976.36
509.9 -3.6 15.0 1.0 0.0 0.0 0.0
1435287976.39
510.0 -3.6 15.0 1.0 0.0 0.0 0.0
1435287976.42
510.2 -3.7 15.0 1.0 0.0 0.0 0.0
1435287976.46
510.3 -3.7 15.0 1.0 0.0 0.0 0.0
1435287976.49
510.4 -3.8 15.0 1.0 0.0 0.0 0.0
1435287976.52
510.6 -3.9 15.0 1.0 0.0 0.0 0.0
1435287976.55
510.7 -3.9 15.0 1.0 0.0 0.0 0.0
1435287976.58
510.9 -4.0 15.0 1.0 0.0 0.0 0.0
1435287976.61
511.0 -4.0 15.0 1.0 0.0 0.0 0.0
1435287976.64
511.2 -4.1 15.0 1.0 0.0 0.0 0.0
1435287976.67
511.3 -4.1 15.0 1.0 0.0 0.0 0.0
1435287976.7
511.5 -4.2 15.0 1.0 0.0 0.0 0.0
1435287976.73
511.6 -4.2 15.0 1.0 0.0 0.0 0.0
1435287976.76
511.7 -4.3 15.0 1.0 0.0 0.0 0.0
1435287976.79
511.9 -4.3 15.0 1.0 0.0 0.0 0.0
1435287976.82
512.0 -4.4 15.0 1.0 0.0 0.0 0.0
1435287976.85
512.2 -4.4 15.0 1.0 0.0 0.0 0.0
1435287976.89
512.3 -4.5 15.0 1.0 0.0 0.0 0.0
1435287976.92
512.5 -4.5 15.0 1.0 0.0 0.0 0.0
1435287976.95
512.6 -4.6 15.0 1.0 0.0 0.0 0.0
1435287976.98
512.8 -4.6 15.0 1.0 0.0 0.0 0.0
1435287977.01
512.9 -4.7 15.0 1.0 0.0 0.0 0.0
1435287977.04
513.0 -4.7 15.0 1.0 0.0 0.0 0.0
1435287977.07
513.2 -4.8 15.0 1.0 0.0 0.0 0.0
1435287977.1
513.3 -4.9 15.0 1.0 0.0 0.0 0.0
1435287977.13
513.5 -4.9 15.0 1.0 0.0 0.0 0.0
1435287977.16
513.6 -4.9 15.0 1.0 0.0 0.0 0.0
1435287977.19
513.8 -5.0 15.0 1.0 0.0 0.0 0.0
1435287977.22
513.9 -5.1 15.0 1.0 0.0 0.0 0.0
1435287977.25
514.0 -5.1 15.0 1.0 0.0 0.0 0.0
1435287977.28
514.2 -5.2 15.0 1.0 0.0 0.0 0.0
1435287977.31
514.3 -5.2 15.0 1.0 0.0 0.0 0.0
1435287977.34
514.5 -5.3 15.0 1.0 0.0 0.0 0.0
1435287977.37
514.6 -5.3 15.0 1.0 0.0 0.0 0.0
1435287977.4
514.7 -5.4 15.0 1.0 0.0 0.0 0.0
1435287977.43
514.9 -5.4 15.0 1.0 0.0 0.0 0.0
1435287977.46
515.0 -5.5 15.0 1.0 0.0 0.0 0.0
1435287977.49
515.2 -5.5 15.0 1.0 0.0 0.0 0.0
1435287977.52
515.3 -5.6 15.0 1.0 0.0 0.0 0.0
1435287977.55
515.4 -5.6 15.0 1.0 0.0 0.0 0.0
1435287977.58
515.6 -5.7 15.0 1.0 0.0 0.0 0.0
1435287977.61
515.7 -5.7 15.0 1.0 0.0 0.0 0.0
1435287977.64
515.9 -5.8 15.0 1.0 0.0 0.0 0.0
1435287977.67
516.0 -5.8 15.0 1.0 0.0 0.0 0.0
1435287977.7
516.2 -5.9 15.0 1.0 0.0 0.0 0.0
1435287977.73
516.3 -5.9 15.0 1.0 0.0 0.0 0.0
1435287977.76
516.4 -6.0 15.0 1.0 0.0 0.0 0.0
1435287977.79
516.6 -6.0 15.0 1.0 0.0 0.0 0.0
1435287977.82
516.7 -6.1 15.0 1.0 0.0 0.0 0.0
1435287977.85
516.8 -6.1 15.0 1.0 0.0 0.0 0.0
1435287977.87
517.0 -6.2 15.0 1.0 0.0 0.0 0.0
1435287977.91
517.1 -6.2 15.0 1.0 0.0 0.0 0.0
1435287977.94
517.3 -6.3 15.0 1.0 0.0 0.0 0.0
1435287977.97
517.4 -6.3 15.0 1.0 0.0 0.0 0.0
1435287978.0
517.6 -6.4 15.0 1.0 0.0 0.0 0.0
1435287978.03
517.7 -6.4 15.0 1.0 0.0 0.0 0.0
1435287978.06
517.8 -6.5 15.0 1.0 0.0 0.0 0.0
1435287978.09
518.0 -6.5 15.0 1.0 0.0 0.0 0.0
1435287978.11
518.1 -6.6 15.0 1.0 0.0 0.0 0.0
1435287978.15
518.2 -6.6 15.0 1.0 0.0 0.0 0.0
1435287978.18
518.4 -6.7 15.0 1.0 0.0 0.0 0.0
1435287978.21
518.5 -6.7 15.0 1.0 0.0 0.0 0.0
1435287978.23
518.7 -6.8 15.0 1.0 0.0 0.0 0.0
1435287978.26
518.7 -6.8 15.0 1.0 0.0 0.0 0.0
1435287978.3
518.7 -6.8 15.0 1.0 0.0 0.0 0.0
1435287978.33
518.7 -6.8 15.0 1.0 0.0 0.0 0.0
1435287978.36
518.7 -6.8 15.0 1.0 0.0 0.0 0.0
1435287978.39
518.7 -6.8 15.0 1.0 0.0 0.0 0.0
1435287978.42
518.7 -6.8 15.0 1.0 0.0 0.0 0.0
1435287978.45
518.7 -6.8 15.0 1.0 0.0 0.0 0.0
1435287978.47
518.7 -6.8 15.0 1.0 0.0 0.0 0.0
1435287978.51
518.7 -6.8 15.0 1.0 0.0 0.0 0.0
1435287978.54
518.7 -6.8 15.0 1.0 0.0 0.0 0.0
1435287978.57
518.7 -6.8 15.0 1.0 0.0 0.0 0.0
1435287978.6
518.7 -6.8 15.0 1.0 0.0 0.0 0.0
1435287978.63
518.7 -6.8 15.0 1.0 0.0 0.0 0.0
1435287978.66
518.7 -6.8 15.0 1.0 0.0 0.0 0.0
1435287978.69
518.7 -6.8 15.0 1.0 0.0 0.0 0.0
1435287978.72
518.7 -6.8 15.0 1.0 0.0 0.0 0.0
1435287978.75
518.7 -6.8 15.0 1.0 0.0 0.0 0.0
1435287978.78
518.7 -6.8 15.0 1.0 0.0 0.0 0.0
1435287978.81
518.7 -6.8 15.0 1.0 0.0 0.0 0.0
1435287978.84
518.7 -6.8 15.0 1.0 0.0 0.0 0.0
1435287978.88
518.7 -6.8 15.0 1.0 0.0 0.0 0.0
1435287978.91
518.7 -6.8 15.0 1.0 0.0 0.0 0.0
1435287978.94
518.7 -6.8 15.0 1.0 0.0 0.0 0.0
1435287978.97
518.7 -6.8 15.0 1.0 0.0 0.0 0.0
1435287979.0
518.6 -6.8 15.0 1.0 0.0 0.0 0.0
1435287979.02
518.4 -6.8 15.0 1.0 0.0 0.0 0.0
1435287979.06
518.3 -6.7 15.0 1.0 0.0 0.0 0.0
1435287979.09
518.1 -6.7 15.0 1.0 0.0 0.0 0.0
1435287979.12
518.0 -6.6 15.0 1.0 0.0 0.0 0.0
1435287979.15
517.8 -6.6 15.0 1.0 0.0 0.0 0.0
1435287979.18
517.7 -6.5 15.0 1.0 0.0 0.0 0.0
1435287979.21
517.6 -6.5 15.0 1.0 0.0 0.0 0.0
1435287979.24
517.4 -6.4 15.0 1.0 0.0 0.0 0.0
1435287979.27
517.3 -6.3 15.0 1.0 0.0 0.0 0.0
1435287979.3
517.3 -6.2 15.0 1.0 0.0 0.0 0.0
1435287979.33
517.3 -6.1 15.0 1.0 0.0 0.0 0.0
1435287979.36
517.4 -6.0 15.0 1.0 0.0 0.0 0.0
1435287979.38
517.5 -5.9 15.0 1.0 0.0 0.0 0.0
1435287979.42
517.6 -5.7 15.0 1.0 0.0 0.0 0.0
1435287979.44
517.6 -5.6 15.0 1.0 0.0 0.0 0.0
1435287979.48
517.7 -5.5 15.0 1.0 0.0 0.0 0.0
1435287979.51
517.8 -5.3 15.0 1.0 0.0 0.0 0.0
1435287979.54
517.8 -5.2 15.0 1.0 0.0 0.0 0.0
1435287979.57
517.9 -5.1 15.0 1.0 0.0 0.0 0.0
1435287979.6
518.0 -5.0 15.0 1.0 0.0 0.0 0.0
1435287979.63
518.1 -4.8 15.0 1.0 0.0 0.0 0.0
1435287979.66
518.2 -4.7 15.0 1.0 0.0 0.0 0.0
1435287979.69
518.2 -4.6 15.0 1.0 0.0 0.0 0.0
1435287979.72
518.3 -4.4 15.0 1.0 0.0 0.0 0.0
1435287979.75
518.4 -4.3 15.0 1.0 0.0 0.0 0.0
1435287979.78
518.5 -4.2 15.0 1.0 0.0 0.0 0.0
1435287979.81
518.5 -4.0 15.0 1.0 0.0 0.0 0.0
1435287979.84
518.6 -3.9 15.0 1.0 0.0 0.0 0.0
1435287979.87
518.7 -3.8 15.0 1.0 0.0 0.0 0.0
1435287979.9
518.8 -3.7 15.0 1.0 0.0 0.0 0.0
1435287979.93
518.8 -3.5 15.0 1.0 0.0 0.0 0.0
1435287979.96
518.9 -3.4 15.0 1.0 0.0 0.0 0.0
1435287979.99
519.0 -3.3 15.0 1.0 0.0 0.0 0.0
1435287980.02
519.1 -3.1 15.0 1.0 0.0 0.0 0.0
1435287980.05
519.2 -3.0 15.0 1.0 0.0 0.0 0.0
1435287980.08
519.2 -2.9 15.0 1.0 0.0 0.0 0.0
1435287980.11
519.3 -2.7 15.0 1.0 0.0 0.0 0.0
1435287980.14
519.4 -2.6 15.0 1.0 0.0 0.0 0.0
1435287980.17
519.5 -2.5 15.0 1.0 0.0 0.0 0.0
1435287980.2
519.5 -2.4 15.0 1.0 0.0 0.0 0.0
1435287980.23
519.6 -2.2 15.0 1.0 0.0 0.0 0.0
1435287980.26
519.7 -2.1 15.0 1.0 0.0 0.0 0.0
1435287980.3
519.8 -2.0 15.0 1.0 0.0 0.0 0.0
1435287980.33
519.9 -1.8 15.0 1.0 0.0 0.0 0.0
1435287980.36
520.0 -1.7 15.0 1.0 0.0 0.0 0.0
1435287980.39
520.0 -1.6 15.0 1.0 0.0 0.0 0.0
1435287980.42
520.1 -1.5 15.0 1.0 0.0 0.0 0.0
1435287980.45
520.2 -1.3 15.0 1.0 0.0 0.0 0.0
1435287980.48
520.2 -1.2 15.0 1.0 0.0 0.0 0.0
1435287980.51
520.3 -1.1 15.0 1.0 0.0 0.0 0.0
1435287980.54
520.4 -0.9 15.0 1.0 0.0 0.0 0.0
1435287980.57
520.5 -0.8 15.0 1.0 0.0 0.0 0.0
1435287980.6
520.6 -0.7 15.0 1.0 0.0 0.0 0.0
1435287980.63
520.6 -0.5 15.0 1.0 0.0 0.0 0.0
1435287980.66
520.7 -0.4 15.0 1.0 0.0 0.0 0.0
1435287980.69
520.8 -0.3 15.0 1.0 0.0 0.0 0.0
1435287980.72
520.9 -0.2 15.0 1.0 0.0 0.0 0.0
1435287980.75
520.9 -0.1 15.0 1.0 0.0 0.0 0.0
1435287980.78
520.9 -0.1 15.0 1.0 0.0 0.0 0.0
1435287980.81
520.9 -0.1 15.0 1.0 0.0 0.0 0.0
1435287980.84
520.9 -0.1 15.0 1.0 0.0 0.0 0.0
1435287980.87
520.9 -0.1 15.0 1.0 0.0 0.0 0.0
1435287980.9
520.9 -0.1 15.0 1.0 0.0 0.0 0.0
1435287980.93
520.9 -0.1 15.0 1.0 0.0 0.0 0.0
1435287980.96
520.9 -0.1 15.0 1.0 0.0 0.0 0.0
1435287980.99
520.9 -0.1 15.0 1.0 0.0 0.0 0.0
1435287981.02
520.9 -0.1 15.0 1.0 0.0 0.0 0.0
1435287981.05
520.9 -0.1 15.0 1.0 0.0 0.0 0.0
1435287981.08
520.9 -0.1 15.0 1.0 0.0 0.0 0.0
1435287981.11
520.9 -0.1 15.0 1.0 0.0 0.0 0.0
1435287981.14
520.9 -0.1 15.0 1.0 0.0 0.0 0.0
1435287981.17
520.9 -0.1 15.0 1.0 0.0 0.0 0.0
1435287981.2
520.9 -0.1 15.0 1.0 0.0 0.0 0.0
1435287981.23
520.9 -0.1 15.0 1.0 0.0 0.0 0.0
1435287981.26
520.9 -0.1 15.0 1.0 0.0 0.0 0.0
1435287981.29
520.9 -0.1 15.0 1.0 0.0 0.0 0.0
1435287981.33
520.9 -0.1 15.0 1.0 0.0 0.0 0.0
1435287981.36
520.9 -0.1 15.0 1.0 0.0 0.0 0.0
1435287981.39
520.9 -0.1 15.0 1.0 0.0 0.0 0.0
1435287981.42
520.9 -0.1 15.0 1.0 0.0 0.0 0.0
1435287981.45
520.9 -0.1 15.0 1.0 0.0 0.0 0.0
1435287981.48
520.9 -0.2 15.0 1.0 0.0 0.0 0.0
1435287981.51
520.8 -0.3 15.0 1.0 0.0 0.0 0.0
1435287981.54
520.8 -0.5 15.0 1.0 0.0 0.0 0.0
1435287981.57
520.8 -0.6 15.0 1.0 0.0 0.0 0.0
1435287981.6
520.9 -0.7 15.0 1.0 0.0 0.0 0.0
1435287981.63
521.0 -0.8 15.0 1.0 0.0 0.0 0.0
1435287981.66
521.1 -0.9 15.0 1.0 0.0 0.0 0.0
1435287981.69
521.3 -1.0 15.0 1.0 0.0 0.0 0.0
1435287981.72
521.4 -1.0 15.0 1.0 0.0 0.0 0.0
1435287981.75
521.5 -1.1 15.0 1.0 0.0 0.0 0.0
1435287981.78
521.6 -1.2 15.0 1.0 0.0 0.0 0.0
1435287981.81
521.8 -1.3 15.0 1.0 0.0 0.0 0.0
1435287981.84
521.9 -1.4 15.0 1.0 0.0 0.0 0.0
1435287981.87
522.0 -1.4 15.0 1.0 0.0 0.0 0.0
1435287981.9
522.1 -1.5 15.0 1.0 0.0 0.0 0.0
1435287981.93
522.3 -1.6 15.0 1.0 0.0 0.0 0.0
1435287981.96
522.4 -1.7 15.0 1.0 0.0 0.0 0.0
1435287981.99
522.5 -1.8 15.0 1.0 0.0 0.0 0.0
1435287982.02
522.6 -1.9 15.0 1.0 0.0 0.0 0.0
1435287982.05
522.8 -2.0 15.0 1.0 0.0 0.0 0.0
1435287982.08
522.9 -2.0 15.0 1.0 0.0 0.0 0.0
1435287982.11
523.0 -2.1 15.0 1.0 0.0 0.0 0.0
1435287982.14
523.1 -2.2 15.0 1.0 0.0 0.0 0.0
1435287982.17
523.3 -2.3 15.0 1.0 0.0 0.0 0.0
1435287982.21
523.4 -2.4 15.0 1.0 0.0 0.0 0.0
1435287982.23
523.5 -2.5 15.0 1.0 0.0 0.0 0.0
1435287982.27
523.6 -2.5 15.0 1.0 0.0 0.0 0.0
1435287982.29
523.8 -2.6 15.0 1.0 0.0 0.0 0.0
1435287982.33
523.9 -2.7 15.0 1.0 0.0 0.0 0.0
1435287982.35
524.0 -2.8 15.0 1.0 0.0 0.0 0.0
1435287982.39
524.1 -2.9 15.0 1.0 0.0 0.0 0.0
1435287982.42
524.3 -3.0 15.0 1.0 0.0 0.0 0.0
1435287982.45
524.4 -3.0 15.0 1.0 0.0 0.0 0.0
1435287982.48
524.5 -3.1 15.0 1.0 0.0 0.0 0.0
1435287982.51
524.6 -3.2 15.0 1.0 0.0 0.0 0.0
1435287982.54
524.8 -3.3 15.0 1.0 0.0 0.0 0.0
1435287982.57
524.9 -3.4 15.0 1.0 0.0 0.0 0.0
1435287982.6
525.0 -3.5 15.0 1.0 0.0 0.0 0.0
1435287982.63
525.2 -3.5 15.0 1.0 0.0 0.0 0.0
1435287982.66
525.3 -3.6 15.0 1.0 0.0 0.0 0.0
1435287982.69
525.4 -3.7 15.0 1.0 0.0 0.0 0.0
1435287982.72
525.5 -3.8 15.0 1.0 0.0 0.0 0.0
1435287982.75
525.7 -3.9 15.0 1.0 0.0 0.0 0.0
1435287982.78
525.8 -3.9 15.0 1.0 0.0 0.0 0.0
1435287982.81
525.9 -4.0 15.0 1.0 0.0 0.0 0.0
1435287982.84
526.1 -4.1 15.0 1.0 0.0 0.0 0.0
1435287982.87
526.2 -4.2 15.0 1.0 0.0 0.0 0.0
1435287982.9
526.3 -4.3 15.0 1.0 0.0 0.0 0.0
1435287982.93
526.4 -4.4 15.0 1.0 0.0 0.0 0.0
1435287982.96
526.6 -4.5 15.0 1.0 0.0 0.0 0.0
1435287982.99
526.7 -4.5 15.0 1.0 0.0 0.0 0.0
1435287983.02
526.8 -4.6 15.0 1.0 0.0 0.0 0.0
1435287983.05
526.9 -4.7 15.0 1.0 0.0 0.0 0.0
1435287983.08
527.1 -4.8 15.0 1.0 0.0 0.0 0.0
1435287983.11
527.2 -4.9 15.0 1.0 0.0 0.0 0.0
1435287983.14
527.3 -5.0 15.0 1.0 0.0 0.0 0.0
1435287983.18
527.4 -5.0 15.0 1.0 0.0 0.0 0.0
1435287983.2
527.6 -5.1 15.0 1.0 0.0 0.0 0.0
1435287983.24
527.7 -5.2 15.0 1.0 0.0 0.0 0.0
1435287983.26
527.8 -5.3 15.0 1.0 0.0 0.0 0.0
1435287983.3
527.9 -5.4 15.0 1.0 0.0 0.0 0.0
1435287983.32
528.1 -5.4 15.0 1.0 0.0 0.0 0.0
1435287983.35
528.2 -5.5 15.0 1.0 0.0 0.0 0.0
1435287983.38
528.3 -5.6 15.0 1.0 0.0 0.0 0.0
1435287983.42
528.4 -5.7 15.0 1.0 0.0 0.0 0.0
1435287983.44
528.6 -5.8 15.0 1.0 0.0 0.0 0.0
1435287983.48
528.7 -5.8 15.0 1.0 0.0 0.0 0.0
1435287983.51
528.8 -5.9 15.0 1.0 0.0 0.0 0.0
1435287983.54
528.9 -6.0 15.0 1.0 0.0 0.0 0.0
1435287983.57
529.1 -6.1 15.0 1.0 0.0 0.0 0.0
1435287983.6
529.2 -6.2 15.0 1.0 0.0 0.0 0.0
1435287983.63
529.3 -6.3 15.0 1.0 0.0 0.0 0.0
1435287983.66
529.4 -6.4 15.0 1.0 0.0 0.0 0.0
1435287983.69
529.6 -6.5 15.0 1.0 0.0 0.0 0.0
1435287983.72
529.7 -6.5 15.0 1.0 0.0 0.0 0.0
1435287983.75
529.8 -6.6 15.0 1.0 0.0 0.0 0.0
1435287983.78
530.0 -6.7 15.0 1.0 0.0 0.0 0.0
1435287983.81
530.1 -6.8 15.0 1.0 0.0 0.0 0.0
1435287983.84
530.2 -6.9 15.0 1.0 0.0 0.0 0.0
1435287983.87
530.3 -6.9 15.0 1.0 0.0 0.0 0.0
1435287983.9
530.5 -7.0 15.0 1.0 0.0 0.0 0.0
1435287983.93
530.6 -7.1 15.0 1.0 0.0 0.0 0.0
1435287983.96
530.7 -7.2 15.0 1.0 0.0 0.0 0.0
1435287983.99
530.8 -7.3 15.0 1.0 0.0 0.0 0.0
1435287984.02
531.0 -7.4 15.0 1.0 0.0 0.0 0.0
1435287984.05
531.1 -7.5 15.0 1.0 0.0 0.0 0.0
1435287984.08
531.2 -7.5 15.0 1.0 0.0 0.0 0.0
1435287984.11
531.4 -7.6 15.0 1.0 0.0 0.0 0.0
1435287984.14
531.5 -7.7 15.0 1.0 0.0 0.0 0.0
1435287984.17
531.6 -7.8 15.0 1.0 0.0 0.0 0.0
1435287984.2
531.7 -7.9 15.0 1.0 0.0 0.0 0.0
1435287984.23
531.9 -7.9 15.0 1.0 0.0 0.0 0.0
1435287984.26
532.0 -8.0 15.0 1.0 0.0 0.0 0.0
1435287984.29
532.1 -8.1 15.0 1.0 0.0 0.0 0.0
1435287984.32
532.2 -8.2 15.0 1.0 0.0 0.0 0.0
1435287984.36
532.4 -8.3 15.0 1.0 0.0 0.0 0.0
1435287984.39
532.5 -8.4 15.0 1.0 0.0 0.0 0.0
1435287984.42
532.6 -8.4 15.0 1.0 0.0 0.0 0.0
1435287984.45
532.8 -8.5 15.0 1.0 0.0 0.0 0.0
1435287984.48
532.9 -8.6 15.0 1.0 0.0 0.0 0.0
1435287984.51
533.0 -8.7 15.0 1.0 0.0 0.0 0.0
1435287984.54
533.1 -8.8 15.0 1.0 0.0 0.0 0.0
1435287984.57
533.3 -8.9 15.0 1.0 0.0 0.0 0.0
1435287984.6
533.4 -9.0 15.0 1.0 0.0 0.0 0.0
1435287984.63
533.5 -9.0 15.0 1.0 0.0 0.0 0.0
1435287984.66
533.6 -9.1 15.0 1.0 0.0 0.0 0.0
1435287984.69
533.8 -9.2 15.0 1.0 0.0 0.0 0.0
1435287984.72
533.9 -9.3 15.0 1.0 0.0 0.0 0.0
1435287984.75
534.0 -9.4 15.0 1.0 0.0 0.0 0.0
1435287984.78
534.1 -9.4 15.0 1.0 0.0 0.0 0.0
1435287984.81
534.3 -9.5 15.0 1.0 0.0 0.0 0.0
1435287984.84
534.4 -9.6 15.0 1.0 0.0 0.0 0.0
1435287984.87
534.5 -9.7 15.0 1.0 0.0 0.0 0.0
1435287984.9
534.7 -9.8 15.0 1.0 0.0 0.0 0.0
1435287984.93
534.8 -9.9 15.0 1.0 0.0 0.0 0.0
1435287984.96
534.9 -9.9 15.0 1.0 0.0 0.0 0.0
1435287984.99
535.0 -10.0 15.0 1.0 0.0 0.0 0.0
1435287985.02
535.2 -10.1 15.0 1.0 0.0 0.0 0.0
1435287985.05
535.3 -10.2 15.0 1.0 0.0 0.0 0.0
1435287985.08
535.4 -10.3 15.0 1.0 0.0 0.0 0.0
1435287985.11
535.5 -10.4 15.0 1.0 0.0 0.0 0.0
1435287985.14
535.7 -10.5 15.0 1.0 0.0 0.0 0.0
1435287985.17
535.8 -10.5 15.0 1.0 0.0 0.0 0.0
1435287985.2
535.9 -10.6 15.0 1.0 0.0 0.0 0.0
1435287985.23
536.0 -10.7 15.0 1.0 0.0 0.0 0.0
1435287985.26
536.1 -10.8 15.0 1.0 0.0 0.0 0.0
1435287985.29
536.2 -10.8 15.0 1.0 0.0 0.0 0.0
1435287985.32
536.2 -10.8 15.0 1.0 0.0 0.0 0.0
1435287985.35
536.2 -10.8 15.0 1.0 0.0 0.0 0.0
1435287985.38
536.2 -10.8 15.0 1.0 0.0 0.0 0.0
1435287985.41
536.2 -10.8 15.0 1.0 0.0 0.0 0.0
1435287985.44
536.2 -10.8 15.0 1.0 0.0 0.0 0.0
1435287985.47
536.2 -10.8 15.0 1.0 0.0 0.0 0.0
1435287985.5
536.2 -10.8 15.0 1.0 0.0 0.0 0.0
1435287985.53
536.2 -10.8 15.0 1.0 0.0 0.0 0.0
1435287985.56
536.2 -10.8 15.0 1.0 0.0 0.0 0.0
1435287985.59
536.2 -10.8 15.0 1.0 0.0 0.0 0.0
1435287985.62
536.2 -10.8 15.0 1.0 0.0 0.0 0.0
1435287985.66
536.2 -10.8 15.0 1.0 0.0 0.0 0.0
1435287985.68
536.2 -10.8 15.0 1.0 0.0 0.0 0.0
1435287985.72
536.2 -10.8 15.0 1.0 0.0 0.0 0.0
1435287985.74
536.2 -10.8 15.0 1.0 0.0 0.0 0.0
1435287985.78
536.2 -10.8 15.0 1.0 0.0 0.0 0.0
1435287985.8
536.2 -10.8 15.0 1.0 0.0 0.0 0.0
1435287985.84
536.2 -10.8 15.0 1.0 0.0 0.0 0.0
1435287985.86
536.2 -10.8 15.0 1.0 0.0 0.0 0.0
1435287985.9
536.2 -10.8 15.0 1.0 0.0 0.0 0.0
1435287985.94
536.2 -10.8 15.0 1.0 0.0 0.0 0.0
1435287985.96
536.2 -10.8 15.0 1.0 0.0 0.0 0.0
1435287986.0
536.2 -10.8 15.0 1.0 0.0 0.0 0.0
1435287986.03
536.0 -10.8 15.0 1.0 0.0 0.0 0.0
1435287986.06
535.9 -10.7 15.0 1.0 0.0 0.0 0.0
1435287986.09
535.8 -10.6 15.0 1.0 0.0 0.0 0.0
1435287986.12
535.7 -10.5 15.0 1.0 0.0 0.0 0.0
1435287986.15
535.5 -10.4 15.0 1.0 0.0 0.0 0.0
1435287986.18
535.4 -10.2 15.0 1.0 0.0 0.0 0.0
1435287986.21
535.3 -10.1 15.0 1.0 0.0 0.0 0.0
1435287986.24
535.2 -10.0 15.0 1.0 0.0 0.0 0.0
1435287986.27
535.1 -9.9 15.0 1.0 0.0 0.0 0.0
1435287986.3
535.1 -9.8 15.0 1.0 0.0 0.0 0.0
1435287986.33
535.2 -9.7 15.0 1.0 0.0 0.0 0.0
1435287986.36
535.2 -9.6 15.0 1.0 0.0 0.0 0.0
1435287986.39
535.3 -9.5 15.0 1.0 0.0 0.0 0.0
1435287986.42
535.4 -9.3 15.0 1.0 0.0 0.0 0.0
1435287986.45
535.5 -9.2 15.0 1.0 0.0 0.0 0.0
1435287986.48
535.6 -9.1 15.0 1.0 0.0 0.0 0.0
1435287986.51
535.7 -9.0 15.0 1.0 0.0 0.0 0.0
1435287986.55
535.8 -8.9 15.0 1.0 0.0 0.0 0.0
1435287986.57
535.9 -8.7 15.0 1.0 0.0 0.0 0.0
1435287986.61
535.9 -8.6 15.0 1.0 0.0 0.0 0.0
1435287986.63
536.0 -8.5 15.0 1.0 0.0 0.0 0.0
1435287986.67
536.1 -8.4 15.0 1.0 0.0 0.0 0.0
1435287986.69
536.2 -8.2 15.0 1.0 0.0 0.0 0.0
1435287986.73
536.3 -8.1 15.0 1.0 0.0 0.0 0.0
1435287986.75
536.4 -8.0 15.0 1.0 0.0 0.0 0.0
1435287986.79
536.4 -7.9 15.0 1.0 0.0 0.0 0.0
1435287986.81
536.5 -7.8 15.0 1.0 0.0 0.0 0.0
1435287986.84
536.6 -7.7 15.0 1.0 0.0 0.0 0.0
1435287986.87
536.7 -7.5 15.0 1.0 0.0 0.0 0.0
1435287986.9
536.8 -7.4 15.0 1.0 0.0 0.0 0.0
1435287986.93
536.9 -7.3 15.0 1.0 0.0 0.0 0.0
1435287986.96
537.0 -7.2 15.0 1.0 0.0 0.0 0.0
1435287986.99
537.1 -7.0 15.0 1.0 0.0 0.0 0.0
1435287987.02
537.2 -6.9 15.0 1.0 0.0 0.0 0.0
1435287987.05
537.3 -6.8 15.0 1.0 0.0 0.0 0.0
1435287987.08
537.3 -6.7 15.0 1.0 0.0 0.0 0.0
1435287987.11
537.4 -6.6 15.0 1.0 0.0 0.0 0.0
1435287987.15
537.5 -6.4 15.0 1.0 0.0 0.0 0.0
1435287987.17
537.6 -6.3 15.0 1.0 0.0 0.0 0.0
1435287987.2
537.7 -6.2 15.0 1.0 0.0 0.0 0.0
1435287987.23
537.8 -6.1 15.0 1.0 0.0 0.0 0.0
1435287987.26
537.9 -5.9 15.0 1.0 0.0 0.0 0.0
1435287987.29
538.0 -5.8 15.0 1.0 0.0 0.0 0.0
1435287987.32
538.0 -5.7 15.0 1.0 0.0 0.0 0.0
1435287987.35
538.1 -5.6 15.0 1.0 0.0 0.0 0.0
1435287987.38
538.2 -5.5 15.0 1.0 0.0 0.0 0.0
1435287987.41
538.3 -5.3 15.0 1.0 0.0 0.0 0.0
1435287987.44
538.4 -5.2 15.0 1.0 0.0 0.0 0.0
1435287987.47
538.5 -5.1 15.0 1.0 0.0 0.0 0.0
1435287987.5
538.6 -5.0 15.0 1.0 0.0 0.0 0.0
1435287987.53
538.7 -4.8 15.0 1.0 0.0 0.0 0.0
1435287987.57
538.8 -4.7 15.0 1.0 0.0 0.0 0.0
1435287987.59
538.8 -4.6 15.0 1.0 0.0 0.0 0.0
1435287987.63
538.9 -4.5 15.0 1.0 0.0 0.0 0.0
1435287987.65
539.0 -4.4 15.0 1.0 0.0 0.0 0.0
1435287987.69
539.1 -4.2 15.0 1.0 0.0 0.0 0.0
1435287987.71
539.2 -4.1 15.0 1.0 0.0 0.0 0.0
1435287987.74
539.3 -4.0 15.0 1.0 0.0 0.0 0.0
1435287987.77
539.4 -3.9 15.0 1.0 0.0 0.0 0.0
1435287987.8
539.5 -3.8 15.0 1.0 0.0 0.0 0.0
1435287987.83
539.6 -3.6 15.0 1.0 0.0 0.0 0.0
1435287987.87
539.6 -3.5 15.0 1.0 0.0 0.0 0.0
1435287987.89
539.8 -3.4 15.0 1.0 0.0 0.0 0.0
1435287987.93
539.8 -3.3 15.0 1.0 0.0 0.0 0.0
1435287987.95
539.8 -3.3 15.0 1.0 0.0 0.0 0.0
1435287987.99
539.8 -3.3 15.0 1.0 0.0 0.0 0.0
1435287988.01
539.8 -3.3 15.0 1.0 0.0 0.0 0.0
1435287988.05
539.8 -3.3 15.0 1.0 0.0 0.0 0.0
1435287988.07
539.8 -3.3 15.0 1.0 0.0 0.0 0.0
1435287988.11
539.8 -3.3 15.0 1.0 0.0 0.0 0.0
1435287988.13
539.8 -3.3 15.0 1.0 0.0 0.0 0.0
1435287988.17
539.8 -3.3 15.0 1.0 0.0 0.0 0.0
1435287988.19
539.8 -3.3 15.0 1.0 0.0 0.0 0.0
1435287988.23
539.8 -3.3 15.0 1.0 0.0 0.0 0.0
1435287988.25
539.8 -3.3 15.0 1.0 0.0 0.0 0.0
1435287988.29
539.8 -3.3 15.0 1.0 0.0 0.0 0.0
1435287988.31
539.8 -3.3 15.0 1.0 0.0 0.0 0.0
1435287988.35
539.8 -3.3 15.0 1.0 0.0 0.0 0.0
1435287988.37
539.8 -3.3 15.0 1.0 0.0 0.0 0.0
1435287988.4
539.8 -3.3 15.0 1.0 0.0 0.0 0.0
1435287988.43
539.8 -3.3 15.0 1.0 0.0 0.0 0.0
1435287988.47
539.8 -3.3 15.0 1.0 0.0 0.0 0.0
1435287988.5
539.8 -3.3 15.0 1.0 0.0 0.0 0.0
1435287988.53
539.8 -3.3 15.0 1.0 0.0 0.0 0.0
1435287988.56
539.8 -3.3 15.0 1.0 0.0 0.0 0.0
1435287988.59
539.8 -3.3 15.0 1.0 0.0 0.0 0.0
1435287988.62
539.8 -3.3 15.0 1.0 0.0 0.0 0.0
1435287988.65
539.8 -3.3 15.0 1.0 0.0 0.0 0.0
1435287988.68
539.8 -3.4 15.0 1.0 0.0 0.0 0.0
1435287988.71
539.7 -3.5 15.0 1.0 0.0 0.0 0.0
1435287988.73
539.6 -3.6 15.0 1.0 0.0 0.0 0.0
1435287988.77
539.6 -3.7 15.0 1.0 0.0 0.0 0.0
1435287988.8
539.6 -3.8 15.0 1.0 0.0 0.0 0.0
1435287988.83
539.7 -3.9 15.0 1.0 0.0 0.0 0.0
1435287988.86
539.8 -3.9 15.0 1.0 0.0 0.0 0.0
1435287988.89
540.0 -3.9 15.0 1.0 0.0 0.0 0.0
1435287988.92
540.1 -3.9 15.0 1.0 0.0 0.0 0.0
1435287988.95
540.2 -3.9 15.0 1.0 0.0 0.0 0.0
1435287988.98
540.4 -3.9 15.0 1.0 0.0 0.0 0.0
1435287989.01
540.5 -3.9 15.0 1.0 0.0 0.0 0.0
1435287989.04
540.7 -4.0 15.0 1.0 0.0 0.0 0.0
1435287989.07
540.9 -4.0 15.0 1.0 0.0 0.0 0.0
1435287989.1
541.0 -4.0 15.0 1.0 0.0 0.0 0.0
1435287989.13
541.2 -4.0 15.0 1.0 0.0 0.0 0.0
1435287989.16
541.3 -4.0 15.0 1.0 0.0 0.0 0.0
1435287989.19
541.5 -4.0 15.0 1.0 0.0 0.0 0.0
1435287989.22
541.6 -4.0 15.0 1.0 0.0 0.0 0.0
1435287989.25
541.8 -4.0 15.0 1.0 0.0 0.0 0.0
1435287989.28
541.9 -4.0 15.0 1.0 0.0 0.0 0.0
1435287989.31
542.1 -4.0 15.0 1.0 0.0 0.0 0.0
1435287989.34
542.2 -4.0 15.0 1.0 0.0 0.0 0.0
1435287989.37
542.4 -4.0 15.0 1.0 0.0 0.0 0.0
1435287989.4
542.5 -4.0 15.0 1.0 0.0 0.0 0.0
1435287989.43
542.7 -4.0 15.0 1.0 0.0 0.0 0.0
1435287989.46
542.8 -4.1 15.0 1.0 0.0 0.0 0.0
1435287989.49
543.0 -4.1 15.0 1.0 0.0 0.0 0.0
1435287989.52
543.1 -4.1 15.0 1.0 0.0 0.0 0.0
1435287989.56
543.3 -4.1 15.0 1.0 0.0 0.0 0.0
1435287989.58
543.4 -4.1 15.0 1.0 0.0 0.0 0.0
1435287989.62
543.6 -4.1 15.0 1.0 0.0 0.0 0.0
1435287989.64
543.7 -4.1 15.0 1.0 0.0 0.0 0.0
1435287989.68
543.9 -4.1 15.0 1.0 0.0 0.0 0.0
1435287989.7
544.0 -4.1 15.0 1.0 0.0 0.0 0.0
1435287989.74
544.2 -4.1 15.0 1.0 0.0 0.0 0.0
1435287989.76
544.4 -4.1 15.0 1.0 0.0 0.0 0.0
1435287989.8
544.5 -4.1 15.0 1.0 0.0 0.0 0.0
1435287989.82
544.7 -4.1 15.0 1.0 0.0 0.0 0.0
1435287989.86
544.8 -4.1 15.0 1.0 0.0 0.0 0.0
1435287989.88
544.9 -4.1 15.0 1.0 0.0 0.0 0.0
1435287989.92
545.1 -4.2 15.0 1.0 0.0 0.0 0.0
1435287989.95
545.3 -4.2 15.0 1.0 0.0 0.0 0.0
1435287989.98
545.4 -4.2 15.0 1.0 0.0 0.0 0.0
1435287990.01
545.6 -4.2 15.0 1.0 0.0 0.0 0.0
1435287990.04
545.7 -4.2 15.0 1.0 0.0 0.0 0.0
1435287990.07
545.9 -4.2 15.0 1.0 0.0 0.0 0.0
1435287990.1
546.0 -4.2 15.0 1.0 0.0 0.0 0.0
1435287990.13
546.2 -4.2 15.0 1.0 0.0 0.0 0.0
1435287990.16
546.3 -4.2 15.0 1.0 0.0 0.0 0.0
1435287990.19
546.4 -4.2 15.0 1.0 0.0 0.0 0.0
1435287990.22
546.6 -4.2 15.0 1.0 0.0 0.0 0.0
1435287990.25
546.7 -4.2 15.0 1.0 0.0 0.0 0.0
1435287990.28
546.9 -4.2 15.0 1.0 0.0 0.0 0.0
1435287990.31
547.1 -4.2 15.0 1.0 0.0 0.0 0.0
1435287990.34
547.2 -4.3 15.0 1.0 0.0 0.0 0.0
1435287990.37
547.3 -4.3 15.0 1.0 0.0 0.0 0.0
1435287990.4
547.5 -4.3 15.0 1.0 0.0 0.0 0.0
1435287990.43
547.7 -4.3 15.0 1.0 0.0 0.0 0.0
1435287990.46
547.8 -4.3 15.0 1.0 0.0 0.0 0.0
1435287990.49
548.0 -4.3 15.0 1.0 0.0 0.0 0.0
1435287990.52
548.1 -4.3 15.0 1.0 0.0 0.0 0.0
1435287990.56
548.3 -4.3 15.0 1.0 0.0 0.0 0.0
1435287990.59
548.4 -4.3 15.0 1.0 0.0 0.0 0.0
1435287990.62
548.6 -4.3 15.0 1.0 0.0 0.0 0.0
1435287990.65
548.7 -4.3 15.0 1.0 0.0 0.0 0.0
1435287990.68
548.9 -4.3 15.0 1.0 0.0 0.0 0.0
1435287990.71
549.0 -4.3 15.0 1.0 0.0 0.0 0.0
1435287990.74
549.2 -4.3 15.0 1.0 0.0 0.0 0.0
1435287990.77
549.3 -4.3 15.0 1.0 0.0 0.0 0.0
1435287990.8
549.5 -4.4 15.0 1.0 0.0 0.0 0.0
1435287990.83
549.6 -4.4 15.0 1.0 0.0 0.0 0.0
1435287990.86
549.8 -4.4 15.0 1.0 0.0 0.0 0.0
1435287990.89
549.9 -4.4 15.0 1.0 0.0 0.0 0.0
1435287990.92
550.1 -4.4 15.0 1.0 0.0 0.0 0.0
1435287990.95
550.3 -4.4 15.0 1.0 0.0 0.0 0.0
1435287990.98
550.4 -4.4 15.0 1.0 0.0 0.0 0.0
1435287991.01
550.6 -4.4 15.0 1.0 0.0 0.0 0.0
1435287991.04
550.7 -4.4 15.0 1.0 0.0 0.0 0.0
1435287991.07
550.8 -4.4 15.0 1.0 0.0 0.0 0.0
1435287991.1
551.0 -4.4 15.0 1.0 0.0 0.0 0.0
1435287991.13
551.1 -4.4 15.0 1.0 0.0 0.0 0.0
1435287991.16
551.3 -4.4 15.0 1.0 0.0 0.0 0.0
1435287991.19
551.5 -4.4 15.0 1.0 0.0 0.0 0.0
1435287991.22
551.6 -4.5 15.0 1.0 0.0 0.0 0.0
1435287991.25
551.8 -4.5 15.0 1.0 0.0 0.0 0.0
1435287991.28
551.9 -4.5 15.0 1.0 0.0 0.0 0.0
1435287991.31
552.0 -4.5 15.0 1.0 0.0 0.0 0.0
1435287991.34
552.2 -4.5 15.0 1.0 0.0 0.0 0.0
1435287991.37
552.3 -4.5 15.0 1.0 0.0 0.0 0.0
1435287991.4
552.5 -4.5 15.0 1.0 0.0 0.0 0.0
1435287991.43
552.6 -4.5 15.0 1.0 0.0 0.0 0.0
1435287991.46
552.6 -4.5 15.0 1.0 0.0 0.0 0.0
1435287991.49
552.6 -4.5 15.0 1.0 0.0 0.0 0.0
1435287991.52
552.6 -4.5 15.0 1.0 0.0 0.0 0.0
1435287991.55
552.6 -4.5 15.0 1.0 0.0 0.0 0.0
1435287991.58
552.6 -4.5 15.0 1.0 0.0 0.0 0.0
1435287991.61
552.6 -4.5 15.0 1.0 0.0 0.0 0.0
1435287991.64
552.6 -4.5 15.0 1.0 0.0 0.0 0.0
1435287991.67
552.6 -4.5 15.0 1.0 0.0 0.0 0.0
1435287991.7
552.6 -4.5 15.0 1.0 0.0 0.0 0.0
1435287991.73
552.6 -4.5 15.0 1.0 0.0 0.0 0.0
1435287991.76
552.6 -4.5 15.0 1.0 0.0 0.0 0.0
1435287991.79
552.6 -4.5 15.0 1.0 0.0 0.0 0.0
1435287991.82
552.6 -4.5 15.0 1.0 0.0 0.0 0.0
1435287991.85
552.6 -4.5 15.0 1.0 0.0 0.0 0.0
1435287991.88
552.6 -4.5 15.0 1.0 0.0 0.0 0.0
1435287991.92
552.6 -4.5 15.0 1.0 0.0 0.0 0.0
1435287991.94
552.6 -4.5 15.0 1.0 0.0 0.0 0.0
1435287991.97
552.6 -4.5 15.0 1.0 0.0 0.0 0.0
1435287992.0
552.6 -4.5 15.0 1.0 0.0 0.0 0.0
1435287992.03
552.6 -4.5 15.0 1.0 0.0 0.0 0.0
1435287992.06
552.6 -4.5 15.0 1.0 0.0 0.0 0.0
1435287992.09
552.6 -4.5 15.0 1.0 0.0 0.0 0.0
1435287992.12
552.6 -4.5 15.0 1.0 0.0 0.0 0.0
1435287992.16
552.5 -4.5 15.0 1.0 0.0 0.0 0.0
1435287992.18
552.4 -4.5 15.0 1.0 0.0 0.0 0.0
1435287992.22
552.2 -4.5 15.0 1.0 0.0 0.0 0.0
1435287992.24
552.1 -4.5 15.0 1.0 0.0 0.0 0.0
1435287992.28
551.9 -4.5 15.0 1.0 0.0 0.0 0.0
1435287992.31
551.8 -4.5 15.0 1.0 0.0 0.0 0.0
1435287992.34
551.7 -4.4 15.0 1.0 0.0 0.0 0.0
1435287992.37
551.6 -4.4 15.0 1.0 0.0 0.0 0.0
1435287992.4
551.6 -4.4 15.0 1.0 0.0 0.0 0.0
1435287992.43
551.7 -4.4 15.0 1.0 0.0 0.0 0.0
1435287992.46
551.8 -4.3 15.0 1.0 0.0 0.0 0.0
1435287992.48
552.0 -4.2 15.0 1.0 0.0 0.0 0.0
1435287992.52
552.1 -4.2 15.0 1.0 0.0 0.0 0.0
1435287992.54
552.2 -4.1 15.0 1.0 0.0 0.0 0.0
1435287992.58
552.3 -4.0 15.0 1.0 0.0 0.0 0.0
1435287992.6
552.5 -3.9 15.0 1.0 0.0 0.0 0.0
1435287992.64
552.6 -3.8 15.0 1.0 0.0 0.0 0.0
1435287992.66
552.7 -3.7 15.0 1.0 0.0 0.0 0.0
1435287992.7
552.9 -3.7 15.0 1.0 0.0 0.0 0.0
1435287992.73
553.0 -3.6 15.0 1.0 0.0 0.0 0.0
1435287992.76
553.1 -3.5 15.0 1.0 0.0 0.0 0.0
1435287992.79
553.3 -3.4 15.0 1.0 0.0 0.0 0.0
1435287992.82
553.4 -3.4 15.0 1.0 0.0 0.0 0.0
1435287992.85
553.5 -3.3 15.0 1.0 0.0 0.0 0.0
1435287992.88
553.6 -3.2 15.0 1.0 0.0 0.0 0.0
1435287992.91
553.8 -3.1 15.0 1.0 0.0 0.0 0.0
1435287992.94
553.9 -3.1 15.0 1.0 0.0 0.0 0.0
1435287992.97
554.1 -3.0 15.0 1.0 0.0 0.0 0.0
1435287993.0
554.2 -2.9 15.0 1.0 0.0 0.0 0.0
1435287993.03
554.3 -2.8 15.0 1.0 0.0 0.0 0.0
1435287993.06
554.4 -2.8 15.0 1.0 0.0 0.0 0.0
1435287993.09
554.6 -2.7 15.0 1.0 0.0 0.0 0.0
1435287993.12
554.7 -2.6 15.0 1.0 0.0 0.0 0.0
1435287993.15
554.8 -2.5 15.0 1.0 0.0 0.0 0.0
1435287993.18
555.0 -2.5 15.0 1.0 0.0 0.0 0.0
1435287993.21
555.1 -2.4 15.0 1.0 0.0 0.0 0.0
1435287993.24
555.2 -2.3 15.0 1.0 0.0 0.0 0.0
1435287993.27
555.4 -2.2 15.0 1.0 0.0 0.0 0.0
1435287993.3
555.5 -2.2 15.0 1.0 0.0 0.0 0.0
1435287993.33
555.6 -2.1 15.0 1.0 0.0 0.0 0.0
1435287993.36
555.7 -2.0 15.0 1.0 0.0 0.0 0.0
1435287993.39
555.9 -1.9 15.0 1.0 0.0 0.0 0.0
1435287993.42
556.0 -1.8 15.0 1.0 0.0 0.0 0.0
1435287993.45
556.1 -1.8 15.0 1.0 0.0 0.0 0.0
1435287993.48
556.3 -1.7 15.0 1.0 0.0 0.0 0.0
1435287993.51
556.4 -1.6 15.0 1.0 0.0 0.0 0.0
1435287993.54
556.5 -1.6 15.0 1.0 0.0 0.0 0.0
1435287993.57
556.7 -1.5 15.0 1.0 0.0 0.0 0.0
1435287993.6
556.8 -1.4 15.0 1.0 0.0 0.0 0.0
1435287993.63
556.9 -1.3 15.0 1.0 0.0 0.0 0.0
1435287993.66
557.0 -1.3 15.0 1.0 0.0 0.0 0.0
1435287993.69
557.2 -1.2 15.0 1.0 0.0 0.0 0.0
1435287993.72
557.3 -1.1 15.0 1.0 0.0 0.0 0.0
1435287993.75
557.5 -1.0 15.0 1.0 0.0 0.0 0.0
1435287993.78
557.6 -1.0 15.0 1.0 0.0 0.0 0.0
1435287993.81
557.7 -0.9 15.0 1.0 0.0 0.0 0.0
1435287993.84
557.8 -0.8 15.0 1.0 0.0 0.0 0.0
1435287993.87
558.0 -0.7 15.0 1.0 0.0 0.0 0.0
1435287993.9
558.1 -0.6 15.0 1.0 0.0 0.0 0.0
1435287993.93
558.2 -0.6 15.0 1.0 0.0 0.0 0.0
1435287993.96
558.4 -0.5 15.0 1.0 0.0 0.0 0.0
1435287993.99
558.5 -0.4 15.0 1.0 0.0 0.0 0.0
1435287994.03
558.6 -0.3 15.0 1.0 0.0 0.0 0.0
1435287994.05
558.8 -0.3 15.0 1.0 0.0 0.0 0.0
1435287994.09
558.9 -0.2 15.0 1.0 0.0 0.0 0.0
1435287994.12
559.0 -0.1 15.0 1.0 0.0 0.0 0.0
1435287994.15
559.2 0.0 15.0 1.0 0.0 0.0 0.0
1435287994.18
559.3 0.0 15.0 1.0 0.0 0.0 0.0
1435287994.21
559.4 0.1 15.0 1.0 0.0 0.0 0.0
1435287994.24
559.6 0.2 15.0 1.0 0.0 0.0 0.0
1435287994.27
559.7 0.3 15.0 1.0 0.0 0.0 0.0
1435287994.3
559.8 0.3 15.0 1.0 0.0 0.0 0.0
1435287994.33
560.0 0.4 15.0 1.0 0.0 0.0 0.0
1435287994.36
560.1 0.5 15.0 1.0 0.0 0.0 0.0
1435287994.39
560.2 0.6 15.0 1.0 0.0 0.0 0.0
1435287994.42
560.3 0.7 15.0 1.0 0.0 0.0 0.0
1435287994.45
560.5 0.7 15.0 1.0 0.0 0.0 0.0
1435287994.48
560.6 0.8 15.0 1.0 0.0 0.0 0.0
1435287994.51
560.6 0.8 15.0 1.0 0.0 0.0 0.0
1435287994.54
560.6 0.8 15.0 1.0 0.0 0.0 0.0
1435287994.57
560.6 0.8 15.0 1.0 0.0 0.0 0.0
1435287994.6
560.6 0.8 15.0 1.0 0.0 0.0 0.0
1435287994.63
560.6 0.8 15.0 1.0 0.0 0.0 0.0
1435287994.66
560.6 0.8 15.0 1.0 0.0 0.0 0.0
1435287994.69
560.6 0.8 15.0 1.0 0.0 0.0 0.0
1435287994.72
560.6 0.8 15.0 1.0 0.0 0.0 0.0
1435287994.75
560.6 0.8 15.0 1.0 0.0 0.0 0.0
1435287994.78
560.6 0.8 15.0 1.0 0.0 0.0 0.0
1435287994.81
560.6 0.8 15.0 1.0 0.0 0.0 0.0
1435287994.84
560.6 0.8 15.0 1.0 0.0 0.0 0.0
1435287994.88
560.6 0.8 15.0 1.0 0.0 0.0 0.0
1435287994.9
560.6 0.8 15.0 1.0 0.0 0.0 0.0
1435287994.94
560.6 0.8 15.0 1.0 0.0 0.0 0.0
1435287994.96
560.6 0.8 15.0 1.0 0.0 0.0 0.0
1435287995.0
560.6 0.8 15.0 1.0 0.0 0.0 0.0
1435287995.02
560.6 0.8 15.0 1.0 0.0 0.0 0.0
1435287995.05
560.6 0.8 15.0 1.0 0.0 0.0 0.0
1435287995.08
560.6 0.8 15.0 1.0 0.0 0.0 0.0
1435287995.12
560.6 0.8 15.0 1.0 0.0 0.0 0.0
1435287995.15
560.6 0.8 15.0 1.0 0.0 0.0 0.0
1435287995.18
560.6 0.8 15.0 1.0 0.0 0.0 0.0
1435287995.21
560.6 0.8 15.0 1.0 0.0 0.0 0.0
1435287995.24
560.6 0.8 15.0 1.0 0.0 0.0 0.0
1435287995.27
560.5 0.7 15.0 1.0 0.0 0.0 0.0
1435287995.3
560.4 0.7 15.0 1.0 0.0 0.0 0.0
1435287995.33
560.2 0.6 15.0 1.0 0.0 0.0 0.0
1435287995.37
560.2 0.5 15.0 1.0 0.0 0.0 0.0
1435287995.39
560.1 0.5 15.0 1.0 0.0 0.0 0.0
1435287995.43
560.2 0.5 15.0 1.0 0.0 0.0 0.0
1435287995.45
560.3 0.6 15.0 1.0 0.0 0.0 0.0
1435287995.49
560.4 0.6 15.0 1.0 0.0 0.0 0.0
1435287995.51
560.6 0.6 15.0 1.0 0.0 0.0 0.0
1435287995.55
560.7 0.7 15.0 1.0 0.0 0.0 0.0
1435287995.57
560.8 0.7 15.0 1.0 0.0 0.0 0.0
1435287995.61
560.9 0.8 15.0 1.0 0.0 0.0 0.0
1435287995.63
561.1 0.9 15.0 1.0 0.0 0.0 0.0
1435287995.67
561.2 0.9 15.0 1.0 0.0 0.0 0.0
1435287995.7
561.4 1.0 15.0 1.0 0.0 0.0 0.0
1435287995.73
561.5 1.1 15.0 1.0 0.0 0.0 0.0
1435287995.76
561.6 1.1 15.0 1.0 0.0 0.0 0.0
1435287995.79
561.8 1.2 15.0 1.0 0.0 0.0 0.0
1435287995.81
561.9 1.2 15.0 1.0 0.0 0.0 0.0
1435287995.85
562.1 1.3 15.0 1.0 0.0 0.0 0.0
1435287995.88
562.2 1.4 15.0 1.0 0.0 0.0 0.0
1435287995.91
562.3 1.4 15.0 1.0 0.0 0.0 0.0
1435287995.94
562.5 1.5 15.0 1.0 0.0 0.0 0.0
1435287995.97
562.6 1.6 15.0 1.0 0.0 0.0 0.0
1435287996.0
562.8 1.6 15.0 1.0 0.0 0.0 0.0
1435287996.03
562.9 1.7 15.0 1.0 0.0 0.0 0.0
1435287996.06
563.0 1.7 15.0 1.0 0.0 0.0 0.0
1435287996.09
563.2 1.8 15.0 1.0 0.0 0.0 0.0
1435287996.12
563.3 1.9 15.0 1.0 0.0 0.0 0.0
1435287996.15
563.5 1.9 15.0 1.0 0.0 0.0 0.0
1435287996.18
563.6 2.0 15.0 1.0 0.0 0.0 0.0
1435287996.21
563.7 2.0 15.0 1.0 0.0 0.0 0.0
1435287996.24
563.9 2.1 15.0 1.0 0.0 0.0 0.0
1435287996.27
564.0 2.2 15.0 1.0 0.0 0.0 0.0
1435287996.3
564.1 2.2 15.0 1.0 0.0 0.0 0.0
1435287996.33
564.3 2.3 15.0 1.0 0.0 0.0 0.0
1435287996.36
564.4 2.4 15.0 1.0 0.0 0.0 0.0
1435287996.39
564.5 2.4 15.0 1.0 0.0 0.0 0.0
1435287996.42
564.7 2.5 15.0 1.0 0.0 0.0 0.0
1435287996.45
564.8 2.5 15.0 1.0 0.0 0.0 0.0
1435287996.48
565.0 2.6 15.0 1.0 0.0 0.0 0.0
1435287996.51
565.1 2.6 15.0 1.0 0.0 0.0 0.0
1435287996.54
565.2 2.7 15.0 1.0 0.0 0.0 0.0
1435287996.57
565.4 2.8 15.0 1.0 0.0 0.0 0.0
1435287996.6
565.5 2.8 15.0 1.0 0.0 0.0 0.0
1435287996.63
565.6 2.9 15.0 1.0 0.0 0.0 0.0
1435287996.66
565.8 2.9 15.0 1.0 0.0 0.0 0.0
1435287996.69
565.9 3.0 15.0 1.0 0.0 0.0 0.0
1435287996.72
566.1 3.1 15.0 1.0 0.0 0.0 0.0
1435287996.75
566.2 3.1 15.0 1.0 0.0 0.0 0.0
1435287996.78
566.3 3.2 15.0 1.0 0.0 0.0 0.0
1435287996.81
566.4 3.2 15.0 1.0 0.0 0.0 0.0
1435287996.84
566.6 3.3 15.0 1.0 0.0 0.0 0.0
1435287996.87
566.7 3.4 15.0 1.0 0.0 0.0 0.0
1435287996.9
566.9 3.4 15.0 1.0 0.0 0.0 0.0
1435287996.93
567.0 3.5 15.0 1.0 0.0 0.0 0.0
1435287996.96
567.2 3.6 15.0 1.0 0.0 0.0 0.0
1435287996.99
567.3 3.6 15.0 1.0 0.0 0.0 0.0
1435287997.02
567.4 3.7 15.0 1.0 0.0 0.0 0.0
1435287997.05
567.6 3.7 15.0 1.0 0.0 0.0 0.0
1435287997.08
567.7 3.8 15.0 1.0 0.0 0.0 0.0
1435287997.11
567.9 3.9 15.0 1.0 0.0 0.0 0.0
1435287997.14
568.0 3.9 15.0 1.0 0.0 0.0 0.0
1435287997.17
568.1 4.0 15.0 1.0 0.0 0.0 0.0
1435287997.2
568.3 4.1 15.0 1.0 0.0 0.0 0.0
1435287997.23
568.4 4.1 15.0 1.0 0.0 0.0 0.0
1435287997.26
568.5 4.2 15.0 1.0 0.0 0.0 0.0
1435287997.29
568.7 4.2 15.0 1.0 0.0 0.0 0.0
1435287997.32
568.8 4.3 15.0 1.0 0.0 0.0 0.0
1435287997.36
569.0 4.3 15.0 1.0 0.0 0.0 0.0
1435287997.38
569.1 4.4 15.0 1.0 0.0 0.0 0.0
1435287997.41
569.2 4.5 15.0 1.0 0.0 0.0 0.0
1435287997.44
569.4 4.5 15.0 1.0 0.0 0.0 0.0
1435287997.47
569.5 4.6 15.0 1.0 0.0 0.0 0.0
1435287997.5
569.7 4.7 15.0 1.0 0.0 0.0 0.0
1435287997.54
569.8 4.7 15.0 1.0 0.0 0.0 0.0
1435287997.56
569.9 4.8 15.0 1.0 0.0 0.0 0.0
1435287997.59
570.1 4.8 15.0 1.0 0.0 0.0 0.0
1435287997.62
570.2 4.9 15.0 1.0 0.0 0.0 0.0
1435287997.66
570.3 5.0 15.0 1.0 0.0 0.0 0.0
1435287997.68
570.5 5.0 15.0 1.0 0.0 0.0 0.0
1435287997.72
570.6 5.1 15.0 1.0 0.0 0.0 0.0
1435287997.75
570.8 5.2 15.0 1.0 0.0 0.0 0.0
1435287997.78
570.9 5.2 15.0 1.0 0.0 0.0 0.0
1435287997.81
571.0 5.3 15.0 1.0 0.0 0.0 0.0
1435287997.84
571.2 5.3 15.0 1.0 0.0 0.0 0.0
1435287997.87
571.3 5.4 15.0 1.0 0.0 0.0 0.0
1435287997.9
571.4 5.5 15.0 1.0 0.0 0.0 0.0
1435287997.93
571.6 5.5 15.0 1.0 0.0 0.0 0.0
1435287997.96
571.7 5.6 15.0 1.0 0.0 0.0 0.0
1435287997.99
571.9 5.6 15.0 1.0 0.0 0.0 0.0
1435287998.02
572.0 5.7 15.0 1.0 0.0 0.0 0.0
1435287998.05
572.1 5.8 15.0 1.0 0.0 0.0 0.0
1435287998.08
572.3 5.8 15.0 1.0 0.0 0.0 0.0
1435287998.11
572.4 5.9 15.0 1.0 0.0 0.0 0.0
1435287998.14
572.5 5.9 15.0 1.0 0.0 0.0 0.0
1435287998.17
572.7 6.0 15.0 1.0 0.0 0.0 0.0
1435287998.2
572.8 6.1 15.0 1.0 0.0 0.0 0.0
1435287998.23
573.0 6.1 15.0 1.0 0.0 0.0 0.0
1435287998.26
573.1 6.2 15.0 1.0 0.0 0.0 0.0
1435287998.29
573.2 6.2 15.0 1.0 0.0 0.0 0.0
1435287998.32
573.4 6.3 15.0 1.0 0.0 0.0 0.0
1435287998.35
573.5 6.4 15.0 1.0 0.0 0.0 0.0
1435287998.38
573.7 6.4 15.0 1.0 0.0 0.0 0.0
1435287998.41
573.8 6.5 15.0 1.0 0.0 0.0 0.0
1435287998.44
573.9 6.6 15.0 1.0 0.0 0.0 0.0
1435287998.47
574.1 6.6 15.0 1.0 0.0 0.0 0.0
1435287998.5
574.2 6.7 15.0 1.0 0.0 0.0 0.0
1435287998.53
574.3 6.7 15.0 1.0 0.0 0.0 0.0
1435287998.57
574.5 6.8 15.0 1.0 0.0 0.0 0.0
1435287998.6
574.6 6.9 15.0 1.0 0.0 0.0 0.0
1435287998.63
574.8 6.9 15.0 1.0 0.0 0.0 0.0
1435287998.66
574.9 7.0 15.0 1.0 0.0 0.0 0.0
1435287998.69
575.1 7.1 15.0 1.0 0.0 0.0 0.0
1435287998.72
575.2 7.1 15.0 1.0 0.0 0.0 0.0
1435287998.75
575.3 7.2 15.0 1.0 0.0 0.0 0.0
1435287998.78
575.5 7.2 15.0 1.0 0.0 0.0 0.0
1435287998.81
575.6 7.3 15.0 1.0 0.0 0.0 0.0
1435287998.84
575.7 7.4 15.0 1.0 0.0 0.0 0.0
1435287998.87
575.9 7.4 15.0 1.0 0.0 0.0 0.0
1435287998.9
576.0 7.5 15.0 1.0 0.0 0.0 0.0
1435287998.93
576.2 7.5 15.0 1.0 0.0 0.0 0.0
1435287998.96
576.3 7.6 15.0 1.0 0.0 0.0 0.0
1435287998.99
576.3 7.6 15.0 1.0 0.0 0.0 0.0
1435287999.02
576.3 7.6 15.0 1.0 0.0 0.0 0.0
1435287999.05
576.3 7.6 15.0 1.0 0.0 0.0 0.0
1435287999.08
576.3 7.6 15.0 1.0 0.0 0.0 0.0
1435287999.11
576.3 7.6 15.0 1.0 0.0 0.0 0.0
1435287999.14
576.3 7.6 15.0 1.0 0.0 0.0 0.0
1435287999.17
576.3 7.6 15.0 1.0 0.0 0.0 0.0
1435287999.2
576.3 7.6 15.0 1.0 0.0 0.0 0.0
1435287999.23
576.3 7.6 15.0 1.0 0.0 0.0 0.0
1435287999.26
576.3 7.6 15.0 1.0 0.0 0.0 0.0
1435287999.29
576.3 7.6 15.0 1.0 0.0 0.0 0.0
1435287999.32
576.3 7.6 15.0 1.0 0.0 0.0 0.0
1435287999.35
576.3 7.6 15.0 1.0 0.0 0.0 0.0
1435287999.38
576.3 7.6 15.0 1.0 0.0 0.0 0.0
1435287999.41
576.3 7.6 15.0 1.0 0.0 0.0 0.0
1435287999.44
576.3 7.6 15.0 1.0 0.0 0.0 0.0
1435287999.47
576.3 7.6 15.0 1.0 0.0 0.0 0.0
1435287999.5
576.3 7.6 15.0 1.0 0.0 0.0 0.0
1435287999.53
576.3 7.6 15.0 1.0 0.0 0.0 0.0
1435287999.57
576.3 7.6 15.0 1.0 0.0 0.0 0.0
1435287999.6
576.3 7.6 15.0 1.0 0.0 0.0 0.0
1435287999.63
576.3 7.6 15.0 1.0 0.0 0.0 0.0
1435287999.66
576.3 7.6 15.0 1.0 0.0 0.0 0.0
1435287999.69
576.2 7.6 15.0 1.0 0.0 0.0 0.0
1435287999.72
576.0 7.6 15.0 1.0 0.0 0.0 0.0
1435287999.75
575.9 7.5 15.0 1.0 0.0 0.0 0.0
1435287999.78
575.7 7.5 15.0 1.0 0.0 0.0 0.0
1435287999.81
575.6 7.4 15.0 1.0 0.0 0.0 0.0
1435287999.84
575.4 7.3 15.0 1.0 0.0 0.0 0.0
1435287999.87
575.3 7.3 15.0 1.0 0.0 0.0 0.0
1435287999.9
575.2 7.2 15.0 1.0 0.0 0.0 0.0
1435287999.93
575.1 7.2 15.0 1.0 0.0 0.0 0.0
1435287999.96
575.2 7.2 15.0 1.0 0.0 0.0 0.0
1435288000.0
575.2 7.2 15.0 1.0 0.0 0.0 0.0
1435288000.02
575.3 7.3 15.0 1.0 0.0 0.0 0.0
1435288000.06
575.4 7.3 15.0 1.0 0.0 0.0 0.0
1435288000.08
575.6 7.4 15.0 1.0 0.0 0.0 0.0
1435288000.12
575.7 7.5 15.0 1.0 0.0 0.0 0.0
1435288000.14
575.8 7.6 15.0 1.0 0.0 0.0 0.0
1435288000.18
575.9 7.7 15.0 1.0 0.0 0.0 0.0
1435288000.2
576.1 7.8 15.0 1.0 0.0 0.0 0.0
1435288000.24
576.2 7.9 15.0 1.0 0.0 0.0 0.0
1435288000.26
576.3 8.0 15.0 1.0 0.0 0.0 0.0
1435288000.3
576.4 8.1 15.0 1.0 0.0 0.0 0.0
1435288000.33
576.5 8.2 15.0 1.0 0.0 0.0 0.0
1435288000.36
576.6 8.3 15.0 1.0 0.0 0.0 0.0
1435288000.39
576.7 8.4 15.0 1.0 0.0 0.0 0.0
1435288000.42
576.9 8.5 15.0 1.0 0.0 0.0 0.0
1435288000.45
577.0 8.6 15.0 1.0 0.0 0.0 0.0
1435288000.48
577.1 8.7 15.0 1.0 0.0 0.0 0.0
1435288000.51
577.3 8.8 15.0 1.0 0.0 0.0 0.0
1435288000.54
577.4 8.9 15.0 1.0 0.0 0.0 0.0
1435288000.57
577.5 9.0 15.0 1.0 0.0 0.0 0.0
1435288000.6
577.6 9.1 15.0 1.0 0.0 0.0 0.0
1435288000.63
577.7 9.1 15.0 1.0 0.0 0.0 0.0
1435288000.66
577.8 9.2 15.0 1.0 0.0 0.0 0.0
1435288000.69
578.0 9.3 15.0 1.0 0.0 0.0 0.0
1435288000.73
578.1 9.4 15.0 1.0 0.0 0.0 0.0
1435288000.75
578.2 9.5 15.0 1.0 0.0 0.0 0.0
1435288000.79
578.4 9.6 15.0 1.0 0.0 0.0 0.0
1435288000.81
578.5 9.7 15.0 1.0 0.0 0.0 0.0
1435288000.85
578.6 9.8 15.0 1.0 0.0 0.0 0.0
1435288000.87
578.7 9.9 15.0 1.0 0.0 0.0 0.0
1435288000.91
578.8 10.0 15.0 1.0 0.0 0.0 0.0
1435288000.93
579.0 10.1 15.0 1.0 0.0 0.0 0.0
1435288000.97
579.1 10.2 15.0 1.0 0.0 0.0 0.0
1435288001.0
579.2 10.3 15.0 1.0 0.0 0.0 0.0
1435288001.03
579.3 10.3 15.0 1.0 0.0 0.0 0.0
1435288001.06
579.4 10.4 15.0 1.0 0.0 0.0 0.0
1435288001.09
579.6 10.5 15.0 1.0 0.0 0.0 0.0
1435288001.12
579.7 10.6 15.0 1.0 0.0 0.0 0.0
1435288001.15
579.8 10.7 15.0 1.0 0.0 0.0 0.0
1435288001.18
579.9 10.8 15.0 1.0 0.0 0.0 0.0
1435288001.21
580.0 10.9 15.0 1.0 0.0 0.0 0.0
1435288001.24
580.2 11.0 15.0 1.0 0.0 0.0 0.0
1435288001.27
580.3 11.1 15.0 1.0 0.0 0.0 0.0
1435288001.3
580.4 11.2 15.0 1.0 0.0 0.0 0.0
1435288001.33
580.5 11.3 15.0 1.0 0.0 0.0 0.0
1435288001.36
580.7 11.4 15.0 1.0 0.0 0.0 0.0
1435288001.4
580.8 11.5 15.0 1.0 0.0 0.0 0.0
1435288001.42
580.9 11.6 15.0 1.0 0.0 0.0 0.0
1435288001.46
581.0 11.6 15.0 1.0 0.0 0.0 0.0
1435288001.48
581.1 11.7 15.0 1.0 0.0 0.0 0.0
1435288001.52
581.2 11.8 15.0 1.0 0.0 0.0 0.0
1435288001.54
581.4 11.9 15.0 1.0 0.0 0.0 0.0
1435288001.58
581.5 12.0 15.0 1.0 0.0 0.0 0.0
1435288001.6
581.6 12.1 15.0 1.0 0.0 0.0 0.0
1435288001.64
581.8 12.2 15.0 1.0 0.0 0.0 0.0
1435288001.66
581.9 12.3 15.0 1.0 0.0 0.0 0.0
1435288001.69
582.0 12.3 15.0 1.0 0.0 0.0 0.0
1435288001.72
582.1 12.4 15.0 1.0 0.0 0.0 0.0
1435288001.76
582.2 12.5 15.0 1.0 0.0 0.0 0.0
1435288001.79
582.4 12.6 15.0 1.0 0.0 0.0 0.0
1435288001.82
582.5 12.7 15.0 1.0 0.0 0.0 0.0
1435288001.84
582.6 12.8 15.0 1.0 0.0 0.0 0.0
1435288001.88
582.7 12.9 15.0 1.0 0.0 0.0 0.0
1435288001.91
582.8 13.0 15.0 1.0 0.0 0.0 0.0
1435288001.94
583.0 13.1 15.0 1.0 0.0 0.0 0.0
1435288001.97
583.1 13.2 15.0 1.0 0.0 0.0 0.0
1435288002.0
583.2 13.3 15.0 1.0 0.0 0.0 0.0
1435288002.03
583.3 13.4 15.0 1.0 0.0 0.0 0.0
1435288002.06
583.4 13.5 15.0 1.0 0.0 0.0 0.0
1435288002.09
583.6 13.6 15.0 1.0 0.0 0.0 0.0
1435288002.12
583.7 13.6 15.0 1.0 0.0 0.0 0.0
1435288002.15
583.8 13.7 15.0 1.0 0.0 0.0 0.0
1435288002.18
583.9 13.8 15.0 1.0 0.0 0.0 0.0
1435288002.21
584.1 13.9 15.0 1.0 0.0 0.0 0.0
1435288002.24
584.2 14.0 15.0 1.0 0.0 0.0 0.0
1435288002.27
584.3 14.1 15.0 1.0 0.0 0.0 0.0
1435288002.3
584.4 14.2 15.0 1.0 0.0 0.0 0.0
1435288002.33
584.5 14.3 15.0 1.0 0.0 0.0 0.0
1435288002.36
584.6 14.4 15.0 1.0 0.0 0.0 0.0
1435288002.39
584.8 14.5 15.0 1.0 0.0 0.0 0.0
1435288002.42
584.9 14.5 15.0 1.0 0.0 0.0 0.0
1435288002.45
585.0 14.7 15.0 1.0 0.0 0.0 0.0
1435288002.48
585.1 14.7 15.0 1.0 0.0 0.0 0.0
1435288002.51
585.3 14.8 15.0 1.0 0.0 0.0 0.0
1435288002.54
585.4 14.9 15.0 1.0 0.0 0.0 0.0
1435288002.57
585.5 15.0 15.0 1.0 0.0 0.0 0.0
1435288002.6
585.6 15.1 15.0 1.0 0.0 0.0 0.0
1435288002.63
585.7 15.2 15.0 1.0 0.0 0.0 0.0
1435288002.66
585.8 15.2 15.0 1.0 0.0 0.0 0.0
1435288002.69
586.0 15.3 15.0 1.0 0.0 0.0 0.0
1435288002.72
586.1 15.4 15.0 1.0 0.0 0.0 0.0
1435288002.75
586.2 15.5 15.0 1.0 0.0 0.0 0.0
1435288002.78
586.3 15.6 15.0 1.0 0.0 0.0 0.0
1435288002.81
586.4 15.7 15.0 1.0 0.0 0.0 0.0
1435288002.84
586.6 15.8 15.0 1.0 0.0 0.0 0.0
1435288002.87
586.7 15.9 15.0 1.0 0.0 0.0 0.0
1435288002.9
586.8 16.0 15.0 1.0 0.0 0.0 0.0
1435288002.93
586.9 16.1 15.0 1.0 0.0 0.0 0.0
1435288002.96
587.0 16.2 15.0 1.0 0.0 0.0 0.0
1435288002.99
587.2 16.3 15.0 1.0 0.0 0.0 0.0
1435288003.02
587.3 16.3 15.0 1.0 0.0 0.0 0.0
1435288003.05
587.4 16.4 15.0 1.0 0.0 0.0 0.0
1435288003.08
587.5 16.5 15.0 1.0 0.0 0.0 0.0
1435288003.11
587.6 16.6 15.0 1.0 0.0 0.0 0.0
1435288003.14
587.7 16.7 15.0 1.0 0.0 0.0 0.0
1435288003.17
587.9 16.8 15.0 1.0 0.0 0.0 0.0
1435288003.2
588.0 16.9 15.0 1.0 0.0 0.0 0.0
1435288003.23
588.1 17.0 15.0 1.0 0.0 0.0 0.0
1435288003.26
588.2 17.1 15.0 1.0 0.0 0.0 0.0
1435288003.29
588.4 17.1 15.0 1.0 0.0 0.0 0.0
1435288003.32
588.5 17.2 15.0 1.0 0.0 0.0 0.0
1435288003.35
588.6 17.3 15.0 1.0 0.0 0.0 0.0
1435288003.38
588.7 17.4 15.0 1.0 0.0 0.0 0.0
1435288003.41
588.8 17.5 15.0 1.0 0.0 0.0 0.0
1435288003.44
589.0 17.6 15.0 1.0 0.0 0.0 0.0
1435288003.47
589.1 17.7 15.0 1.0 0.0 0.0 0.0
1435288003.5
589.2 17.8 15.0 1.0 0.0 0.0 0.0
1435288003.53
589.3 17.9 15.0 1.0 0.0 0.0 0.0
1435288003.57
589.5 18.0 15.0 1.0 0.0 0.0 0.0
1435288003.59
589.6 18.1 15.0 1.0 0.0 0.0 0.0
1435288003.63
589.7 18.2 15.0 1.0 0.0 0.0 0.0
1435288003.66
589.8 18.3 15.0 1.0 0.0 0.0 0.0
1435288003.69
589.9 18.3 15.0 1.0 0.0 0.0 0.0
1435288003.72
590.1 18.4 15.0 1.0 0.0 0.0 0.0
1435288003.75
590.2 18.5 15.0 1.0 0.0 0.0 0.0
1435288003.78
590.3 18.6 15.0 1.0 0.0 0.0 0.0
1435288003.81
590.4 18.7 15.0 1.0 0.0 0.0 0.0
1435288003.84
590.6 18.8 15.0 1.0 0.0 0.0 0.0
1435288003.87
590.7 18.9 15.0 1.0 0.0 0.0 0.0
1435288003.9
590.8 19.0 15.0 1.0 0.0 0.0 0.0
1435288003.93
590.9 19.1 15.0 1.0 0.0 0.0 0.0
1435288003.96
591.0 19.2 15.0 1.0 0.0 0.0 0.0
1435288003.99
591.2 19.3 15.0 1.0 0.0 0.0 0.0
1435288004.02
591.3 19.3 15.0 1.0 0.0 0.0 0.0
1435288004.05
591.4 19.4 15.0 1.0 0.0 0.0 0.0
1435288004.08
591.5 19.5 15.0 1.0 0.0 0.0 0.0
1435288004.11
591.6 19.6 15.0 1.0 0.0 0.0 0.0
1435288004.14
591.8 19.7 15.0 1.0 0.0 0.0 0.0
1435288004.17
591.9 19.8 15.0 1.0 0.0 0.0 0.0
1435288004.2
592.0 19.9 15.0 1.0 0.0 0.0 0.0
1435288004.23
592.1 20.0 15.0 1.0 0.0 0.0 0.0
1435288004.26
592.2 20.1 15.0 1.0 0.0 0.0 0.0
1435288004.29
592.3 20.1 15.0 1.0 0.0 0.0 0.0
1435288004.32
592.5 20.2 15.0 1.0 0.0 0.0 0.0
1435288004.35
592.6 20.3 15.0 1.0 0.0 0.0 0.0
1435288004.38
592.7 20.4 15.0 1.0 0.0 0.0 0.0
1435288004.41
592.9 20.5 15.0 1.0 0.0 0.0 0.0
1435288004.44
593.0 20.6 15.0 1.0 0.0 0.0 0.0
1435288004.47
593.1 20.7 15.0 1.0 0.0 0.0 0.0
1435288004.5
593.2 20.8 15.0 1.0 0.0 0.0 0.0
1435288004.54
593.3 20.9 15.0 1.0 0.0 0.0 0.0
1435288004.56
593.4 21.0 15.0 1.0 0.0 0.0 0.0
1435288004.6
593.6 21.1 15.0 1.0 0.0 0.0 0.0
1435288004.63
593.7 21.2 15.0 1.0 0.0 0.0 0.0
1435288004.66
593.8 21.3 15.0 1.0 0.0 0.0 0.0
1435288004.69
593.9 21.4 15.0 1.0 0.0 0.0 0.0
1435288004.72
594.1 21.5 15.0 1.0 0.0 0.0 0.0
1435288004.75
594.2 21.5 15.0 1.0 0.0 0.0 0.0
1435288004.78
594.3 21.6 15.0 1.0 0.0 0.0 0.0
1435288004.81
594.4 21.7 15.0 1.0 0.0 0.0 0.0
1435288004.84
594.5 21.8 15.0 1.0 0.0 0.0 0.0
1435288004.86
594.6 21.9 15.0 1.0 0.0 0.0 0.0
1435288004.9
594.8 22.0 15.0 1.0 0.0 0.0 0.0
1435288004.93
594.9 22.1 15.0 1.0 0.0 0.0 0.0
1435288004.96
595.0 22.2 15.0 1.0 0.0 0.0 0.0
1435288004.98
595.1 22.2 15.0 1.0 0.0 0.0 0.0
1435288005.02
595.2 22.3 15.0 1.0 0.0 0.0 0.0
1435288005.04
595.2 22.3 15.0 1.0 0.0 0.0 0.0
1435288005.08
595.2 22.3 15.0 1.0 0.0 0.0 0.0
1435288005.1
595.2 22.3 15.0 1.0 0.0 0.0 0.0
1435288005.14
595.2 22.3 15.0 1.0 0.0 0.0 0.0
1435288005.16
595.2 22.3 15.0 1.0 0.0 0.0 0.0
1435288005.2
595.2 22.3 15.0 1.0 0.0 0.0 0.0
1435288005.23
595.2 22.3 15.0 1.0 0.0 0.0 0.0
1435288005.26
595.2 22.3 15.0 1.0 0.0 0.0 0.0
1435288005.29
595.2 22.3 15.0 1.0 0.0 0.0 0.0
1435288005.32
595.2 22.3 15.0 1.0 0.0 0.0 0.0
1435288005.35
595.2 22.3 15.0 1.0 0.0 0.0 0.0
1435288005.38
595.2 22.3 15.0 1.0 0.0 0.0 0.0
1435288005.41
595.2 22.3 15.0 1.0 0.0 0.0 0.0
1435288005.44
595.2 22.3 15.0 1.0 0.0 0.0 0.0
1435288005.47
595.2 22.3 15.0 1.0 0.0 0.0 0.0
1435288005.5
595.2 22.3 15.0 1.0 0.0 0.0 0.0
1435288005.53
595.2 22.3 15.0 1.0 0.0 0.0 0.0
1435288005.56
595.2 22.3 15.0 1.0 0.0 0.0 0.0
1435288005.59
595.2 22.3 15.0 1.0 0.0 0.0 0.0
1435288005.62
595.2 22.3 15.0 1.0 0.0 0.0 0.0
1435288005.65
595.2 22.3 15.0 1.0 0.0 0.0 0.0
1435288005.69
595.2 22.3 15.0 1.0 0.0 0.0 0.0
1435288005.72
595.2 22.3 15.0 1.0 0.0 0.0 0.0
1435288005.75
595.1 22.2 15.0 1.0 0.0 0.0 0.0
1435288005.78
595.0 22.2 15.0 1.0 0.0 0.0 0.0
1435288005.81
594.8 22.1 15.0 1.0 0.0 0.0 0.0
1435288005.84
594.7 22.0 15.0 1.0 0.0 0.0 0.0
1435288005.87
594.6 21.9 15.0 1.0 0.0 0.0 0.0
1435288005.9
594.5 21.8 15.0 1.0 0.0 0.0 0.0
1435288005.93
594.4 21.7 15.0 1.0 0.0 0.0 0.0
1435288005.96
594.3 21.6 15.0 1.0 0.0 0.0 0.0
1435288005.99
594.1 21.5 15.0 1.0 0.0 0.0 0.0
1435288006.02
594.0 21.4 15.0 1.0 0.0 0.0 0.0
1435288006.05
593.9 21.3 15.0 1.0 0.0 0.0 0.0
1435288006.08
593.8 21.2 15.0 1.0 0.0 0.0 0.0
1435288006.11
593.8 21.0 15.0 1.0 0.0 0.0 0.0
1435288006.14
593.8 20.9 15.0 1.0 0.0 0.0 0.0
1435288006.17
593.8 20.8 15.0 1.0 0.0 0.0 0.0
1435288006.2
593.8 20.6 15.0 1.0 0.0 0.0 0.0
1435288006.23
593.9 20.5 15.0 1.0 0.0 0.0 0.0
1435288006.26
593.9 20.3 15.0 1.0 0.0 0.0 0.0
1435288006.29
594.0 20.2 15.0 1.0 0.0 0.0 0.0
1435288006.32
594.0 20.0 15.0 1.0 0.0 0.0 0.0
1435288006.35
594.0 19.9 15.0 1.0 0.0 0.0 0.0
1435288006.38
594.0 19.7 15.0 1.0 0.0 0.0 0.0
1435288006.41
594.1 19.6 15.0 1.0 0.0 0.0 0.0
1435288006.44
594.1 19.4 15.0 1.0 0.0 0.0 0.0
1435288006.47
594.1 19.3 15.0 1.0 0.0 0.0 0.0
1435288006.51
594.2 19.1 15.0 1.0 0.0 0.0 0.0
1435288006.53
594.2 19.0 15.0 1.0 0.0 0.0 0.0
1435288006.57
594.2 18.9 15.0 1.0 0.0 0.0 0.0
1435288006.59
594.3 18.7 15.0 1.0 0.0 0.0 0.0
1435288006.63
594.3 18.6 15.0 1.0 0.0 0.0 0.0
1435288006.65
594.3 18.4 15.0 1.0 0.0 0.0 0.0
1435288006.69
594.4 18.3 15.0 1.0 0.0 0.0 0.0
1435288006.72
594.4 18.1 15.0 1.0 0.0 0.0 0.0
1435288006.75
594.5 18.0 15.0 1.0 0.0 0.0 0.0
1435288006.78
594.5 17.8 15.0 1.0 0.0 0.0 0.0
1435288006.81
594.5 17.7 15.0 1.0 0.0 0.0 0.0
1435288006.84
594.6 17.5 15.0 1.0 0.0 0.0 0.0
1435288006.87
594.6 17.4 15.0 1.0 0.0 0.0 0.0
1435288006.9
594.6 17.2 15.0 1.0 0.0 0.0 0.0
1435288006.93
594.7 17.1 15.0 1.0 0.0 0.0 0.0
1435288006.95
594.7 17.0 15.0 1.0 0.0 0.0 0.0
1435288006.99
594.7 16.8 15.0 1.0 0.0 0.0 0.0
1435288007.01
594.8 16.7 15.0 1.0 0.0 0.0 0.0
1435288007.05
594.8 16.5 15.0 1.0 0.0 0.0 0.0
1435288007.07
594.9 16.4 15.0 1.0 0.0 0.0 0.0
1435288007.11
594.9 16.2 15.0 1.0 0.0 0.0 0.0
1435288007.13
594.9 16.1 15.0 1.0 0.0 0.0 0.0
1435288007.17
595.0 16.0 15.0 1.0 0.0 0.0 0.0
1435288007.2
595.0 15.8 15.0 1.0 0.0 0.0 0.0
1435288007.23
595.0 15.7 15.0 1.0 0.0 0.0 0.0
1435288007.25
595.1 15.5 15.0 1.0 0.0 0.0 0.0
1435288007.29
595.1 15.4 15.0 1.0 0.0 0.0 0.0
1435288007.32
595.1 15.2 15.0 1.0 0.0 0.0 0.0
1435288007.35
595.2 15.1 15.0 1.0 0.0 0.0 0.0
1435288007.37
595.2 14.9 15.0 1.0 0.0 0.0 0.0
1435288007.41
595.2 14.8 15.0 1.0 0.0 0.0 0.0
1435288007.43
595.3 14.6 15.0 1.0 0.0 0.0 0.0
1435288007.47
595.3 14.5 15.0 1.0 0.0 0.0 0.0
1435288007.5
595.4 14.3 15.0 1.0 0.0 0.0 0.0
1435288007.53
595.4 14.2 15.0 1.0 0.0 0.0 0.0
1435288007.56
595.4 14.0 15.0 1.0 0.0 0.0 0.0
1435288007.59
595.5 13.9 15.0 1.0 0.0 0.0 0.0
1435288007.62
595.5 13.8 15.0 1.0 0.0 0.0 0.0
1435288007.65
595.5 13.6 15.0 1.0 0.0 0.0 0.0
1435288007.68
595.6 13.5 15.0 1.0 0.0 0.0 0.0
1435288007.71
595.6 13.3 15.0 1.0 0.0 0.0 0.0
1435288007.74
595.6 13.2 15.0 1.0 0.0 0.0 0.0
1435288007.77
595.7 13.0 15.0 1.0 0.0 0.0 0.0
1435288007.8
595.7 12.9 15.0 1.0 0.0 0.0 0.0
1435288007.83
595.7 12.7 15.0 1.0 0.0 0.0 0.0
1435288007.86
595.8 12.6 15.0 1.0 0.0 0.0 0.0
1435288007.89
595.8 12.4 15.0 1.0 0.0 0.0 0.0
1435288007.92
595.8 12.3 15.0 1.0 0.0 0.0 0.0
1435288007.95
595.9 12.1 15.0 1.0 0.0 0.0 0.0
1435288007.98
595.9 12.0 15.0 1.0 0.0 0.0 0.0
1435288008.01
596.0 11.8 15.0 1.0 0.0 0.0 0.0
1435288008.04
596.0 11.7 15.0 1.0 0.0 0.0 0.0
1435288008.07
596.0 11.5 15.0 1.0 0.0 0.0 0.0
1435288008.1
596.1 11.4 15.0 1.0 0.0 0.0 0.0
1435288008.13
596.1 11.2 15.0 1.0 0.0 0.0 0.0
1435288008.16
596.1 11.1 15.0 1.0 0.0 0.0 0.0
1435288008.2
596.2 11.0 15.0 1.0 0.0 0.0 0.0
1435288008.22
596.2 10.8 15.0 1.0 0.0 0.0 0.0
1435288008.26
596.3 10.7 15.0 1.0 0.0 0.0 0.0
1435288008.28
596.3 10.5 15.0 1.0 0.0 0.0 0.0
1435288008.31
596.3 10.4 15.0 1.0 0.0 0.0 0.0
1435288008.34
596.4 10.2 15.0 1.0 0.0 0.0 0.0
1435288008.38
596.4 10.0 15.0 1.0 0.0 0.0 0.0
1435288008.4
596.4 9.9 15.0 1.0 0.0 0.0 0.0
1435288008.44
596.5 9.8 15.0 1.0 0.0 0.0 0.0
1435288008.47
596.5 9.6 15.0 1.0 0.0 0.0 0.0
1435288008.5
596.5 9.5 15.0 1.0 0.0 0.0 0.0
1435288008.52
596.6 9.3 15.0 1.0 0.0 0.0 0.0
1435288008.56
596.6 9.2 15.0 1.0 0.0 0.0 0.0
1435288008.58
596.6 9.0 15.0 1.0 0.0 0.0 0.0
1435288008.62
596.7 8.9 15.0 1.0 0.0 0.0 0.0
1435288008.64
596.7 8.7 15.0 1.0 0.0 0.0 0.0
1435288008.68
596.7 8.6 15.0 1.0 0.0 0.0 0.0
1435288008.71
596.8 8.4 15.0 1.0 0.0 0.0 0.0
1435288008.74
596.8 8.3 15.0 1.0 0.0 0.0 0.0
1435288008.77
596.8 8.2 15.0 1.0 0.0 0.0 0.0
1435288008.8
596.9 8.0 15.0 1.0 0.0 0.0 0.0
1435288008.83
596.9 7.9 15.0 1.0 0.0 0.0 0.0
1435288008.86
597.0 7.7 15.0 1.0 0.0 0.0 0.0
1435288008.89
597.0 7.6 15.0 1.0 0.0 0.0 0.0
1435288008.92
597.0 7.4 15.0 1.0 0.0 0.0 0.0
1435288008.95
597.1 7.3 15.0 1.0 0.0 0.0 0.0
1435288008.98
597.1 7.1 15.0 1.0 0.0 0.0 0.0
1435288009.01
597.1 7.0 15.0 1.0 0.0 0.0 0.0
1435288009.04
597.2 6.8 15.0 1.0 0.0 0.0 0.0
1435288009.07
597.2 6.7 15.0 1.0 0.0 0.0 0.0
1435288009.1
597.2 6.5 15.0 1.0 0.0 0.0 0.0
1435288009.13
597.3 6.4 15.0 1.0 0.0 0.0 0.0
1435288009.16
597.3 6.2 15.0 1.0 0.0 0.0 0.0
1435288009.19
597.4 6.1 15.0 1.0 0.0 0.0 0.0
1435288009.22
597.4 6.0 15.0 1.0 0.0 0.0 0.0
1435288009.25
597.4 5.8 15.0 1.0 0.0 0.0 0.0
1435288009.29
597.5 5.6 15.0 1.0 0.0 0.0 0.0
1435288009.32
597.5 5.5 15.0 1.0 0.0 0.0 0.0
1435288009.35
597.5 5.5 15.0 1.0 0.0 0.0 0.0
1435288009.38
597.5 5.5 15.0 1.0 0.0 0.0 0.0
1435288009.41
597.5 5.5 15.0 1.0 0.0 0.0 0.0
1435288009.44
597.5 5.5 15.0 1.0 0.0 0.0 0.0
1435288009.47
597.5 5.5 15.0 1.0 0.0 0.0 0.0
1435288009.5
597.5 5.5 15.0 1.0 0.0 0.0 0.0
1435288009.53
597.5 5.5 15.0 1.0 0.0 0.0 0.0
1435288009.56
597.5 5.5 15.0 1.0 0.0 0.0 0.0
1435288009.59
597.5 5.5 15.0 1.0 0.0 0.0 0.0
1435288009.61
597.5 5.5 15.0 1.0 0.0 0.0 0.0
1435288009.65
597.5 5.5 15.0 1.0 0.0 0.0 0.0
1435288009.68
597.5 5.5 15.0 1.0 0.0 0.0 0.0
1435288009.71
597.5 5.5 15.0 1.0 0.0 0.0 0.0
1435288009.74
597.5 5.5 15.0 1.0 0.0 0.0 0.0
1435288009.77
597.5 5.5 15.0 1.0 0.0 0.0 0.0
1435288009.8
597.5 5.5 15.0 1.0 0.0 0.0 0.0
1435288009.83
597.5 5.5 15.0 1.0 0.0 0.0 0.0
1435288009.86
597.5 5.5 15.0 1.0 0.0 0.0 0.0
1435288009.89
597.5 5.5 15.0 1.0 0.0 0.0 0.0
1435288009.92
597.5 5.5 15.0 1.0 0.0 0.0 0.0
1435288009.96
597.5 5.5 15.0 1.0 0.0 0.0 0.0
1435288009.99
597.5 5.5 15.0 1.0 0.0 0.0 0.0
1435288010.02
597.5 5.6 15.0 1.0 0.0 0.0 0.0
1435288010.05
597.5 5.7 15.0 1.0 0.0 0.0 0.0
1435288010.08
597.4 5.8 15.0 1.0 0.0 0.0 0.0
1435288010.11
597.4 6.0 15.0 1.0 0.0 0.0 0.0
1435288010.14
597.4 6.1 15.0 1.0 0.0 0.0 0.0
1435288010.17
597.4 6.2 15.0 1.0 0.0 0.0 0.0
1435288010.2
597.3 6.4 15.0 1.0 0.0 0.0 0.0
1435288010.23
597.3 6.5 15.0 1.0 0.0 0.0 0.0
1435288010.26
597.4 6.7 15.0 1.0 0.0 0.0 0.0
1435288010.29
597.4 6.7 15.0 1.0 0.0 0.0 0.0
1435288010.32
597.5 6.7 15.0 1.0 0.0 0.0 0.0
1435288010.35
597.5 6.6 15.0 1.0 0.0 0.0 0.0
1435288010.38
597.6 6.5 15.0 1.0 0.0 0.0 0.0
1435288010.41
597.7 6.4 15.0 1.0 0.0 0.0 0.0
1435288010.44
597.8 6.2 15.0 1.0 0.0 0.0 0.0
1435288010.47
597.9 6.1 15.0 1.0 0.0 0.0 0.0
1435288010.5
598.0 5.9 15.0 1.0 0.0 0.0 0.0
1435288010.53
598.0 5.8 15.0 1.0 0.0 0.0 0.0
1435288010.56
598.1 5.7 15.0 1.0 0.0 0.0 0.0
1435288010.59
598.2 5.5 15.0 1.0 0.0 0.0 0.0
1435288010.62
598.3 5.4 15.0 1.0 0.0 0.0 0.0
1435288010.65
598.4 5.3 15.0 1.0 0.0 0.0 0.0
1435288010.68
598.5 5.2 15.0 1.0 0.0 0.0 0.0
1435288010.71
598.6 5.0 15.0 1.0 0.0 0.0 0.0
1435288010.74
598.7 4.9 15.0 1.0 0.0 0.0 0.0
1435288010.77
598.8 4.8 15.0 1.0 0.0 0.0 0.0
1435288010.8
598.9 4.7 15.0 1.0 0.0 0.0 0.0
1435288010.84
599.0 4.6 15.0 1.0 0.0 0.0 0.0
1435288010.86
599.0 4.4 15.0 1.0 0.0 0.0 0.0
1435288010.9
599.1 4.3 15.0 1.0 0.0 0.0 0.0
1435288010.92
599.2 4.2 15.0 1.0 0.0 0.0 0.0
1435288010.96
599.3 4.1 15.0 1.0 0.0 0.0 0.0
1435288010.98
599.4 4.0 15.0 1.0 0.0 0.0 0.0
1435288011.02
599.5 3.8 15.0 1.0 0.0 0.0 0.0
1435288011.04
599.6 3.7 15.0 1.0 0.0 0.0 0.0
1435288011.07
599.7 3.6 15.0 1.0 0.0 0.0 0.0
1435288011.1
599.8 3.5 15.0 1.0 0.0 0.0 0.0
1435288011.13
599.8 3.4 15.0 1.0 0.0 0.0 0.0
1435288011.16
599.9 3.2 15.0 1.0 0.0 0.0 0.0
1435288011.19
600.0 3.1 15.0 1.0 0.0 0.0 0.0
1435288011.22
600.1 3.0 15.0 1.0 0.0 0.0 0.0
1435288011.25
600.2 2.9 15.0 1.0 0.0 0.0 0.0
1435288011.28
600.3 2.7 15.0 1.0 0.0 0.0 0.0
1435288011.31
600.4 2.6 15.0 1.0 0.0 0.0 0.0
1435288011.34
600.5 2.5 15.0 1.0 0.0 0.0 0.0
1435288011.38
600.5 2.4 15.0 1.0 0.0 0.0 0.0
1435288011.4
600.6 2.2 15.0 1.0 0.0 0.0 0.0
1435288011.44
600.7 2.1 15.0 1.0 0.0 0.0 0.0
1435288011.47
600.8 2.0 15.0 1.0 0.0 0.0 0.0
1435288011.5
600.9 1.9 15.0 1.0 0.0 0.0 0.0
1435288011.53
601.0 1.8 15.0 1.0 0.0 0.0 0.0
1435288011.56
601.1 1.7 15.0 1.0 0.0 0.0 0.0
1435288011.59
601.2 1.5 15.0 1.0 0.0 0.0 0.0
1435288011.62
601.3 1.4 15.0 1.0 0.0 0.0 0.0
1435288011.65
601.4 1.3 15.0 1.0 0.0 0.0 0.0
1435288011.68
601.4 1.2 15.0 1.0 0.0 0.0 0.0
1435288011.71
601.5 1.1 15.0 1.0 0.0 0.0 0.0
1435288011.74
601.6 0.9 15.0 1.0 0.0 0.0 0.0
1435288011.77
601.7 0.8 15.0 1.0 0.0 0.0 0.0
1435288011.8
601.8 0.7 15.0 1.0 0.0 0.0 0.0
1435288011.83
601.9 0.5 15.0 1.0 0.0 0.0 0.0
1435288011.86
602.0 0.4 15.0 1.0 0.0 0.0 0.0
1435288011.89
602.1 0.3 15.0 1.0 0.0 0.0 0.0
1435288011.92
602.2 0.2 15.0 1.0 0.0 0.0 0.0
1435288011.95
602.3 0.1 15.0 1.0 0.0 0.0 0.0
1435288011.99
602.4 0.0 15.0 1.0 0.0 0.0 0.0
1435288012.01
602.5 -0.2 15.0 1.0 0.0 0.0 0.0
1435288012.05
602.5 -0.3 15.0 1.0 0.0 0.0 0.0
1435288012.07
602.6 -0.4 15.0 1.0 0.0 0.0 0.0
1435288012.11
602.7 -0.5 15.0 1.0 0.0 0.0 0.0
1435288012.13
602.8 -0.7 15.0 1.0 0.0 0.0 0.0
1435288012.17
602.9 -0.8 15.0 1.0 0.0 0.0 0.0
1435288012.19
603.0 -0.9 15.0 1.0 0.0 0.0 0.0
1435288012.22
603.1 -1.0 15.0 1.0 0.0 0.0 0.0
1435288012.26
603.2 -1.2 15.0 1.0 0.0 0.0 0.0
1435288012.29
603.3 -1.3 15.0 1.0 0.0 0.0 0.0
1435288012.32
603.4 -1.4 15.0 1.0 0.0 0.0 0.0
1435288012.35
603.4 -1.5 15.0 1.0 0.0 0.0 0.0
1435288012.38
603.6 -1.7 15.0 1.0 0.0 0.0 0.0
1435288012.41
603.6 -1.8 15.0 1.0 0.0 0.0 0.0
1435288012.44
603.7 -1.9 15.0 1.0 0.0 0.0 0.0
1435288012.47
603.8 -2.0 15.0 1.0 0.0 0.0 0.0
1435288012.5
603.9 -2.1 15.0 1.0 0.0 0.0 0.0
1435288012.53
604.0 -2.3 15.0 1.0 0.0 0.0 0.0
1435288012.56
604.1 -2.4 15.0 1.0 0.0 0.0 0.0
1435288012.59
604.2 -2.5 15.0 1.0 0.0 0.0 0.0
1435288012.62
604.3 -2.6 15.0 1.0 0.0 0.0 0.0
1435288012.65
604.4 -2.8 15.0 1.0 0.0 0.0 0.0
1435288012.68
604.5 -2.9 15.0 1.0 0.0 0.0 0.0
1435288012.71
604.5 -3.0 15.0 1.0 0.0 0.0 0.0
1435288012.74
604.6 -3.1 15.0 1.0 0.0 0.0 0.0
1435288012.77
604.7 -3.2 15.0 1.0 0.0 0.0 0.0
1435288012.8
604.8 -3.4 15.0 1.0 0.0 0.0 0.0
1435288012.83
604.9 -3.5 15.0 1.0 0.0 0.0 0.0
1435288012.86
605.0 -3.6 15.0 1.0 0.0 0.0 0.0
1435288012.89
605.1 -3.7 15.0 1.0 0.0 0.0 0.0
1435288012.92
605.2 -3.8 15.0 1.0 0.0 0.0 0.0
1435288012.95
605.3 -4.0 15.0 1.0 0.0 0.0 0.0
1435288012.98
605.4 -4.1 15.0 1.0 0.0 0.0 0.0
1435288013.02
605.4 -4.2 15.0 1.0 0.0 0.0 0.0
1435288013.04
605.5 -4.3 15.0 1.0 0.0 0.0 0.0
1435288013.08
605.6 -4.5 15.0 1.0 0.0 0.0 0.0
1435288013.1
605.7 -4.6 15.0 1.0 0.0 0.0 0.0
1435288013.14
605.8 -4.7 15.0 1.0 0.0 0.0 0.0
1435288013.16
605.9 -4.8 15.0 1.0 0.0 0.0 0.0
1435288013.2
606.0 -4.9 15.0 1.0 0.0 0.0 0.0
1435288013.23
606.0 -5.0 15.0 1.0 0.0 0.0 0.0
1435288013.26
606.2 -5.2 15.0 1.0 0.0 0.0 0.0
1435288013.29
606.3 -5.3 15.0 1.0 0.0 0.0 0.0
1435288013.32
606.3 -5.4 15.0 1.0 0.0 0.0 0.0
1435288013.35
606.4 -5.6 15.0 1.0 0.0 0.0 0.0
1435288013.38
606.5 -5.7 15.0 1.0 0.0 0.0 0.0
1435288013.41
606.6 -5.8 15.0 1.0 0.0 0.0 0.0
1435288013.44
606.7 -5.9 15.0 1.0 0.0 0.0 0.0
1435288013.47
606.8 -6.1 15.0 1.0 0.0 0.0 0.0
1435288013.5
606.9 -6.2 15.0 1.0 0.0 0.0 0.0
1435288013.53
607.0 -6.3 15.0 1.0 0.0 0.0 0.0
1435288013.56
607.0 -6.4 15.0 1.0 0.0 0.0 0.0
1435288013.59
607.1 -6.5 15.0 1.0 0.0 0.0 0.0
1435288013.63
607.2 -6.6 15.0 1.0 0.0 0.0 0.0
1435288013.65
607.3 -6.8 15.0 1.0 0.0 0.0 0.0
1435288013.69
607.4 -6.9 15.0 1.0 0.0 0.0 0.0
1435288013.71
607.5 -7.0 15.0 1.0 0.0 0.0 0.0
1435288013.75
607.6 -7.1 15.0 1.0 0.0 0.0 0.0
1435288013.78
607.7 -7.3 15.0 1.0 0.0 0.0 0.0
1435288013.81
607.8 -7.4 15.0 1.0 0.0 0.0 0.0
1435288013.84
607.9 -7.5 15.0 1.0 0.0 0.0 0.0
1435288013.87
608.0 -7.7 15.0 1.0 0.0 0.0 0.0
1435288013.9
608.1 -7.8 15.0 1.0 0.0 0.0 0.0
1435288013.93
608.1 -7.9 15.0 1.0 0.0 0.0 0.0
1435288013.96
608.2 -8.0 15.0 1.0 0.0 0.0 0.0
1435288013.99
608.3 -8.1 15.0 1.0 0.0 0.0 0.0
1435288014.02
608.4 -8.2 15.0 1.0 0.0 0.0 0.0
1435288014.05
608.5 -8.4 15.0 1.0 0.0 0.0 0.0
1435288014.08
608.6 -8.5 15.0 1.0 0.0 0.0 0.0
1435288014.11
608.7 -8.6 15.0 1.0 0.0 0.0 0.0
1435288014.14
608.8 -8.7 15.0 1.0 0.0 0.0 0.0
1435288014.17
608.9 -8.9 15.0 1.0 0.0 0.0 0.0
1435288014.2
608.9 -8.9 15.0 1.0 0.0 0.0 0.0
1435288014.23
608.9 -8.9 15.0 1.0 0.0 0.0 0.0
1435288014.26
608.9 -8.9 15.0 1.0 0.0 0.0 0.0
1435288014.29
608.9 -8.9 15.0 1.0 0.0 0.0 0.0
1435288014.32
608.9 -8.9 15.0 1.0 0.0 0.0 0.0
1435288014.35
608.9 -8.9 15.0 1.0 0.0 0.0 0.0
1435288014.38
608.9 -8.9 15.0 1.0 0.0 0.0 0.0
1435288014.41
608.9 -8.9 15.0 1.0 0.0 0.0 0.0
1435288014.44
608.9 -8.9 15.0 1.0 0.0 0.0 0.0
1435288014.47
608.9 -8.9 15.0 1.0 0.0 0.0 0.0
1435288014.5
608.9 -8.9 15.0 1.0 0.0 0.0 0.0
1435288014.53
608.9 -8.9 15.0 1.0 0.0 0.0 0.0
1435288014.56
608.9 -8.9 15.0 1.0 0.0 0.0 0.0
1435288014.59
608.9 -8.9 15.0 1.0 0.0 0.0 0.0
1435288014.62
608.9 -8.9 15.0 1.0 0.0 0.0 0.0
1435288014.65
608.9 -8.9 15.0 1.0 0.0 0.0 0.0
1435288014.68
608.9 -8.9 15.0 1.0 0.0 0.0 0.0
1435288014.71
608.9 -8.9 15.0 1.0 0.0 0.0 0.0
1435288014.75
608.9 -8.9 15.0 1.0 0.0 0.0 0.0
1435288014.77
608.9 -8.9 15.0 1.0 0.0 0.0 0.0
1435288014.81
608.9 -8.9 15.0 1.0 0.0 0.0 0.0
1435288014.84
608.9 -8.9 15.0 1.0 0.0 0.0 0.0
1435288014.87
608.9 -8.9 15.0 1.0 0.0 0.0 0.0
1435288014.9
608.9 -8.9 15.0 1.0 0.0 0.0 0.0
1435288014.93
608.8 -8.8 15.0 1.0 0.0 0.0 0.0
1435288014.96
608.7 -8.7 15.0 1.0 0.0 0.0 0.0
1435288014.99
608.6 -8.5 15.0 1.0 0.0 0.0 0.0
1435288015.02
608.5 -8.4 15.0 1.0 0.0 0.0 0.0
1435288015.05
608.4 -8.3 15.0 1.0 0.0 0.0 0.0
1435288015.08
608.3 -8.2 15.0 1.0 0.0 0.0 0.0
1435288015.11
608.2 -8.1 15.0 1.0 0.0 0.0 0.0
1435288015.14
608.1 -8.0 15.0 1.0 0.0 0.0 0.0
1435288015.17
608.0 -7.9 15.0 1.0 0.0 0.0 0.0
1435288015.2
608.0 -7.8 15.0 1.0 0.0 0.0 0.0
1435288015.23
608.0 -7.8 15.0 1.0 0.0 0.0 0.0
1435288015.26
608.0 -7.8 15.0 1.0 0.0 0.0 0.0
1435288015.29
608.0 -7.8 15.0 1.0 0.0 0.0 0.0
1435288015.32
608.0 -7.8 15.0 1.0 0.0 0.0 0.0
1435288015.35
608.0 -7.8 15.0 1.0 0.0 0.0 0.0
1435288015.38
608.0 -7.8 15.0 1.0 0.0 0.0 0.0
1435288015.41
608.0 -7.8 15.0 1.0 0.0 0.0 0.0
1435288015.44
608.0 -7.8 15.0 1.0 0.0 0.0 0.0
1435288015.47
608.0 -7.8 15.0 1.0 0.0 0.0 0.0
1435288015.5
608.0 -7.8 15.0 1.0 0.0 0.0 0.0
1435288015.53
608.0 -7.8 15.0 1.0 0.0 0.0 0.0
1435288015.56
608.0 -7.8 15.0 1.0 0.0 0.0 0.0
1435288015.59
608.0 -7.8 15.0 1.0 0.0 0.0 0.0
1435288015.62
608.0 -7.8 15.0 1.0 0.0 0.0 0.0
1435288015.65
608.0 -7.8 15.0 1.0 0.0 0.0 0.0
1435288015.68
608.0 -7.8 15.0 1.0 0.0 0.0 0.0
1435288015.71
608.0 -7.8 15.0 1.0 0.0 0.0 0.0
1435288015.75
608.0 -7.8 15.0 1.0 0.0 0.0 0.0
1435288015.77
608.0 -7.8 15.0 1.0 0.0 0.0 0.0
1435288015.81
608.0 -7.8 15.0 1.0 0.0 0.0 0.0
1435288015.83
608.0 -7.8 15.0 1.0 0.0 0.0 0.0
1435288015.87
608.0 -7.8 15.0 1.0 0.0 0.0 0.0
1435288015.9
608.0 -7.8 15.0 1.0 0.0 0.0 0.0
1435288015.93
608.0 -7.8 15.0 1.0 0.0 0.0 0.0
1435288015.95
608.0 -7.8 15.0 1.0 0.0 0.0 0.0
1435288015.99
608.0 -7.8 15.0 1.0 0.0 0.0 0.0
1435288016.01
608.0 -7.8 15.0 1.0 0.0 0.0 0.0
1435288016.05
608.0 -7.8 15.0 1.0 0.0 0.0 0.0
1435288016.07
608.0 -7.8 15.0 1.0 0.0 0.0 0.0
1435288016.11
608.0 -7.8 15.0 1.0 0.0 0.0 0.0
1435288016.13
608.0 -7.8 15.0 1.0 0.0 0.0 0.0
1435288016.17
608.0 -7.8 15.0 1.0 0.0 0.0 0.0
1435288016.19
608.0 -7.8 15.0 1.0 0.0 0.0 0.0
1435288016.23
608.0 -7.8 15.0 1.0 0.0 0.0 0.0
1435288016.25
608.0 -7.8 15.0 1.0 0.0 0.0 0.0
1435288016.29
608.0 -7.8 15.0 1.0 0.0 0.0 0.0
1435288016.31
608.0 -7.8 15.0 1.0 0.0 0.0 0.0
1435288016.35
608.0 -7.8 15.0 1.0 0.0 0.0 0.0
1435288016.37
608.0 -7.8 15.0 1.0 0.0 0.0 0.0
1435288016.41
608.0 -7.8 15.0 1.0 0.0 0.0 0.0
1435288016.43
608.0 -7.8 15.0 1.0 0.0 0.0 0.0
1435288016.47
608.0 -7.8 15.0 1.0 0.0 0.0 0.0
1435288016.49
608.0 -7.8 15.0 1.0 0.0 0.0 0.0
1435288016.53
608.0 -7.8 15.0 1.0 0.0 0.0 0.0
1435288016.55
608.0 -7.8 15.0 1.0 0.0 0.0 0.0
1435288016.59
608.0 -7.8 15.0 1.0 0.0 0.0 0.0
1435288016.61
608.0 -7.8 15.0 1.0 0.0 0.0 0.0
1435288016.65
608.0 -7.8 15.0 1.0 0.0 0.0 0.0
1435288016.67
608.0 -7.8 15.0 1.0 0.0 0.0 0.0
1435288016.7
608.0 -7.8 15.0 1.0 0.0 0.0 0.0
1435288016.73
608.0 -7.8 15.0 1.0 0.0 0.0 0.0
1435288016.76
608.0 -7.8 15.0 1.0 0.0 0.0 0.0
1435288016.79
608.0 -7.8 15.0 1.0 0.0 0.0 0.0
1435288016.82
608.0 -7.8 15.0 1.0 0.0 0.0 0.0
1435288016.85
608.0 -7.8 15.0 1.0 0.0 0.0 0.0
1435288016.88
608.0 -7.8 15.0 1.0 0.0 0.0 0.0
1435288016.91
608.0 -7.8 15.0 1.0 0.0 0.0 0.0
1435288016.94
608.0 -7.8 15.0 1.0 0.0 0.0 0.0
1435288016.97
608.0 -7.8 15.0 1.0 0.0 0.0 0.0
1435288017.0
608.0 -7.8 15.0 1.0 0.0 0.0 0.0
1435288017.03
608.0 -7.8 15.0 1.0 0.0 0.0 0.0
1435288017.06
608.0 -7.8 15.0 1.0 0.0 0.0 0.0
1435288017.09
608.0 -7.8 15.0 1.0 0.0 0.0 0.0
1435288017.12
608.0 -7.8 15.0 1.0 0.0 0.0 0.0
1435288017.15
608.0 -7.8 15.0 1.0 0.0 0.0 0.0
1435288017.18
608.0 -7.8 15.0 1.0 0.0 0.0 0.0
1435288017.21
608.0 -7.8 15.0 1.0 0.0 0.0 0.0
1435288017.24
608.0 -7.8 15.0 1.0 0.0 0.0 0.0
1435288017.27
608.0 -7.8 15.0 1.0 0.0 0.0 0.0
1435288017.3
608.0 -7.8 15.0 1.0 0.0 0.0 0.0
1435288017.33
608.0 -7.8 15.0 1.0 0.0 0.0 0.0
1435288017.36
608.0 -7.8 15.0 1.0 0.0 0.0 0.0
1435288017.39
608.0 -7.8 15.0 1.0 0.0 0.0 0.0
1435288017.42
608.0 -7.8 15.0 1.0 0.0 0.0 0.0
1435288017.45
608.0 -7.8 15.0 1.0 0.0 0.0 0.0
1435288017.48
608.0 -7.8 15.0 1.0 0.0 0.0 0.0
1435288017.51
608.0 -7.8 15.0 1.0 0.0 0.0 0.0
1435288017.54
608.0 -7.8 15.0 1.0 0.0 0.0 0.0
1435288017.57
608.0 -7.8 15.0 1.0 0.0 0.0 0.0
1435288017.6
608.0 -7.8 15.0 1.0 0.0 0.0 0.0
1435288017.63
608.0 -7.8 15.0 1.0 0.0 0.0 0.0
1435288017.66
608.0 -7.8 15.0 1.0 0.0 0.0 0.0
1435288017.69
608.0 -7.8 15.0 1.0 0.0 0.0 0.0
1435288017.72
608.0 -7.8 15.0 1.0 0.0 0.0 0.0
1435288017.75
608.0 -7.8 15.0 1.0 0.0 0.0 0.0
1435288017.78
608.0 -7.8 15.0 1.0 0.0 0.0 0.0
1435288017.81
608.0 -7.8 15.0 1.0 0.0 0.0 0.0
1435288017.84
608.0 -7.8 15.0 1.0 0.0 0.0 0.0
1435288017.87
608.0 -7.8 15.0 1.0 0.0 0.0 0.0
1435288017.9
608.0 -7.8 15.0 1.0 0.0 0.0 0.0
1435288017.93
608.0 -7.8 15.0 1.0 0.0 0.0 0.0
1435288017.96
608.0 -7.8 15.0 1.0 0.0 0.0 0.0
1435288017.99
608.0 -7.8 15.0 1.0 0.0 0.0 0.0
1435288018.02
608.0 -7.8 15.0 1.0 0.0 0.0 0.0
1435288018.05
608.0 -7.8 15.0 1.0 0.0 0.0 0.0
1435288018.08
608.0 -7.8 15.0 1.0 0.0 0.0 0.0
1435288018.11
608.0 -7.8 15.0 1.0 0.0 0.0 0.0
1435288018.14
608.0 -7.8 15.0 1.0 0.0 0.0 0.0
1435288018.17
608.0 -7.8 15.0 1.0 0.0 0.0 0.0
1435288018.2
608.0 -7.8 15.0 1.0 0.0 0.0 0.0
1435288018.23
608.0 -7.8 15.0 1.0 0.0 0.0 0.0
1435288018.26
608.0 -7.8 15.0 1.0 0.0 0.0 0.0
1435288018.29
608.0 -7.8 15.0 1.0 0.0 0.0 0.0
1435288018.32
608.0 -7.8 15.0 1.0 0.0 0.0 0.0
1435288018.35
608.0 -7.8 15.0 1.0 0.0 0.0 0.0
1435288018.38
608.0 -7.8 15.0 1.0 0.0 0.0 0.0
1435288018.41
608.0 -7.8 15.0 1.0 0.0 0.0 0.0
1435288018.44
608.0 -7.8 15.0 1.0 0.0 0.0 0.0
1435288018.47
608.0 -7.8 15.0 1.0 0.0 0.0 0.0
1435288018.5
608.0 -7.8 15.0 1.0 0.0 0.0 0.0
1435288018.53
608.0 -7.8 15.0 1.0 0.0 0.0 0.0
1435288018.56
608.0 -7.8 15.0 1.0 0.0 0.0 0.0
1435288018.59
608.0 -7.8 15.0 1.0 0.0 0.0 0.0
1435288018.62
608.0 -7.8 15.0 1.0 0.0 0.0 0.0
1435288018.65
608.0 -7.8 15.0 1.0 0.0 0.0 0.0
1435288018.68
608.0 -7.8 15.0 1.0 0.0 0.0 0.0
1435288018.71
608.0 -7.8 15.0 1.0 0.0 0.0 0.0
1435288018.74
608.0 -7.8 15.0 1.0 0.0 0.0 0.0
1435288018.77
608.0 -7.8 15.0 1.0 0.0 0.0 0.0
1435288018.8
608.0 -7.8 15.0 1.0 0.0 0.0 0.0
1435288018.83
608.0 -7.8 15.0 1.0 0.0 0.0 0.0
1435288018.86
608.0 -7.8 15.0 1.0 0.0 0.0 0.0
1435288018.89
608.0 -7.8 15.0 1.0 0.0 0.0 0.0
1435288018.92
608.0 -7.8 15.0 1.0 0.0 0.0 0.0
1435288018.95
608.0 -7.8 15.0 1.0 0.0 0.0 0.0
1435288018.98
608.0 -7.8 15.0 1.0 0.0 0.0 0.0
1435288019.01
608.0 -7.8 15.0 1.0 0.0 0.0 0.0
1435288019.04
608.0 -7.8 15.0 1.0 0.0 0.0 0.0
1435288019.07
608.0 -7.8 15.0 1.0 0.0 0.0 0.0
1435288019.1
608.0 -7.8 15.0 1.0 0.0 0.0 0.0
1435288019.13
608.0 -7.8 15.0 1.0 0.0 0.0 0.0
1435288019.16
608.0 -7.8 15.0 1.0 0.0 0.0 0.0
1435288019.19
608.0 -7.8 15.0 1.0 0.0 0.0 0.0
1435288019.22
608.0 -7.8 15.0 1.0 0.0 0.0 0.0
1435288019.25
608.0 -7.8 15.0 1.0 0.0 0.0 0.0
1435288019.28
608.0 -7.8 15.0 1.0 0.0 0.0 0.0
1435288019.31
608.0 -7.8 15.0 1.0 0.0 0.0 0.0
1435288019.34
608.0 -7.8 15.0 1.0 0.0 0.0 0.0
1435288019.37
608.0 -7.8 15.0 1.0 0.0 0.0 0.0
1435288019.4
608.0 -7.8 15.0 1.0 0.0 0.0 0.0
1435288019.43
608.0 -7.8 15.0 1.0 0.0 0.0 0.0
1435288019.46
608.0 -7.8 15.0 1.0 0.0 0.0 0.0
1435288019.49
608.0 -7.8 15.0 1.0 0.0 0.0 0.0
1435288019.52
608.0 -7.8 15.0 1.0 0.0 0.0 0.0
1435288019.55
608.0 -7.8 15.0 1.0 0.0 0.0 0.0
1435288019.58
608.0 -7.8 15.0 1.0 0.0 0.0 0.0
1435288019.61
608.0 -7.8 15.0 1.0 0.0 0.0 0.0
1435288019.64
608.0 -7.8 15.0 1.0 0.0 0.0 0.0
1435288019.67
608.0 -7.8 15.0 1.0 0.0 0.0 0.0
1435288019.7
608.0 -7.8 15.0 1.0 0.0 0.0 0.0
1435288019.73
608.0 -7.8 15.0 1.0 0.0 0.0 0.0
1435288019.76
608.0 -7.8 15.0 1.0 0.0 0.0 0.0
1435288019.79
608.0 -7.8 15.0 1.0 0.0 0.0 0.0
1435288019.82
608.0 -7.8 15.0 1.0 0.0 0.0 0.0
1435288019.85
608.0 -7.8 15.0 1.0 0.0 0.0 0.0
1435288019.88
608.0 -7.8 15.0 1.0 0.0 0.0 0.0
1435288019.91
608.0 -7.8 15.0 1.0 0.0 0.0 0.0
1435288019.94
608.0 -7.8 15.0 1.0 0.0 0.0 0.0
1435288019.97
608.0 -7.8 15.0 1.0 0.0 0.0 0.0
1435288020.0
608.0 -7.8 15.0 1.0 0.0 0.0 0.0
1435288020.03
608.0 -7.8 15.0 1.0 0.0 0.0 0.0
1435288020.06
608.0 -7.8 15.0 1.0 0.0 0.0 0.0
1435288020.09
608.0 -7.8 15.0 1.0 0.0 0.0 0.0
1435288020.12
608.0 -7.8 15.0 1.0 0.0 0.0 0.0
1435288020.15
608.0 -7.8 15.0 1.0 0.0 0.0 0.0
1435288020.18
608.0 -7.8 15.0 1.0 0.0 0.0 0.0
1435288020.21
608.0 -7.8 15.0 1.0 0.0 0.0 0.0
1435288020.24
608.0 -7.8 15.0 1.0 0.0 0.0 0.0
1435288020.27
608.0 -7.8 15.0 1.0 0.0 0.0 0.0
1435288020.3
608.0 -7.8 15.0 1.0 0.0 0.0 0.0
1435288020.33
608.0 -7.8 15.0 1.0 0.0 0.0 0.0
1435288020.36
608.0 -7.8 15.0 1.0 0.0 0.0 0.0
1435288020.39
608.0 -7.8 15.0 1.0 0.0 0.0 0.0
