1435291931.61
500.0 0.0 15.0 1.0 0.0 0.0 0.0
1435291931.64
500.0 0.0 15.0 1.0 0.0 0.0 0.0
1435291931.67
500.0 0.0 15.0 1.0 0.0 0.0 0.0
1435291931.7
500.0 0.0 15.0 1.0 0.0 0.0 0.0
1435291931.73
500.0 0.0 15.0 1.0 0.0 0.0 0.0
1435291931.76
500.0 0.0 15.0 1.0 0.0 0.0 0.0
1435291931.79
500.0 0.0 15.0 1.0 0.0 0.0 0.0
1435291931.82
500.0 0.0 15.0 1.0 0.0 0.0 0.0
1435291931.85
500.0 0.0 15.0 1.0 0.0 0.0 0.0
1435291931.88
500.0 0.0 15.0 1.0 0.0 0.0 0.0
1435291931.91
500.0 0.0 15.0 1.0 0.0 0.0 0.0
1435291931.94
500.0 0.0 15.0 1.0 0.0 0.0 0.0
1435291931.97
500.0 0.0 15.0 1.0 0.0 0.0 0.0
1435291932.0
500.0 0.0 15.0 1.0 0.0 0.0 0.0
1435291932.03
500.0 0.0 15.0 1.0 0.0 0.0 0.0
1435291932.06
500.0 0.0 15.0 1.0 0.0 0.0 0.0
1435291932.09
500.0 0.0 15.0 1.0 0.0 0.0 0.0
1435291932.12
500.0 0.0 15.0 1.0 0.0 0.0 0.0
1435291932.15
500.0 0.0 15.0 1.0 0.0 0.0 0.0
1435291932.18
500.0 0.0 15.0 1.0 0.0 0.0 0.0
1435291932.21
500.0 0.0 15.0 1.0 0.0 0.0 0.0
1435291932.24
500.0 0.0 15.0 1.0 0.0 0.0 0.0
1435291932.27
500.0 0.0 15.0 1.0 0.0 0.0 0.0
1435291932.3
500.0 0.0 15.0 1.0 0.0 0.0 0.0
1435291932.33
500.0 0.0 15.0 1.0 0.0 0.0 0.0
1435291932.36
500.0 0.0 15.0 1.0 0.0 0.0 0.0
1435291932.39
500.0 0.0 15.0 1.0 0.0 0.0 0.0
1435291932.42
500.0 0.0 15.0 1.0 0.0 0.0 0.0
1435291932.45
500.0 0.0 15.0 1.0 0.0 0.0 0.0
1435291932.48
500.0 0.0 15.0 1.0 0.0 0.0 0.0
1435291932.51
500.0 0.0 15.0 1.0 0.0 0.0 0.0
1435291932.54
500.0 0.0 15.0 1.0 0.0 0.0 0.0
1435291932.57
500.0 0.0 15.0 1.0 0.0 0.0 0.0
1435291932.6
500.0 0.0 15.0 1.0 0.0 0.0 0.0
1435291932.63
500.0 0.0 15.0 1.0 0.0 0.0 0.0
1435291932.66
500.0 0.0 15.0 1.0 0.0 0.0 0.0
1435291932.69
500.0 0.0 15.0 1.0 0.0 0.0 0.0
1435291932.72
500.0 0.0 15.0 1.0 0.0 0.0 0.0
1435291932.75
500.0 0.0 15.0 1.0 0.0 0.0 0.0
1435291932.78
500.0 0.0 15.0 1.0 0.0 0.0 0.0
1435291932.81
500.0 0.0 15.0 1.0 0.0 0.0 0.0
1435291932.84
500.0 0.0 15.0 1.0 0.0 0.0 0.0
1435291932.87
500.0 0.0 15.0 1.0 0.0 0.0 0.0
1435291932.9
500.0 0.0 15.0 1.0 0.0 0.0 0.0
1435291932.93
500.0 0.0 15.0 1.0 0.0 0.0 0.0
1435291932.96
500.0 0.0 15.0 1.0 0.0 0.0 0.0
1435291932.99
500.0 0.0 15.0 1.0 0.0 0.0 0.0
1435291933.02
500.1 0.0 15.0 1.0 0.0 0.0 0.0
1435291933.05
500.3 0.0 15.0 1.0 0.0 0.0 0.0
1435291933.08
500.4 -0.1 15.0 1.0 0.0 0.0 0.0
1435291933.12
500.5 -0.1 15.0 1.0 0.0 0.0 0.0
1435291933.14
500.7 -0.2 15.0 1.0 0.0 0.0 0.0
1435291933.17
500.8 -0.2 15.0 1.0 0.0 0.0 0.0
1435291933.2
501.0 -0.3 15.0 1.0 0.0 0.0 0.0
1435291933.23
501.1 -0.4 15.0 1.0 0.0 0.0 0.0
1435291933.26
501.2 -0.4 15.0 1.0 0.0 0.0 0.0
1435291933.29
501.4 -0.5 15.0 1.0 0.0 0.0 0.0
1435291933.32
501.5 -0.5 15.0 1.0 0.0 0.0 0.0
1435291933.35
501.7 -0.6 15.0 1.0 0.0 0.0 0.0
1435291933.38
501.8 -0.7 15.0 1.0 0.0 0.0 0.0
1435291933.41
501.9 -0.7 15.0 1.0 0.0 0.0 0.0
1435291933.44
502.1 -0.8 15.0 1.0 0.0 0.0 0.0
1435291933.47
502.2 -0.8 15.0 1.0 0.0 0.0 0.0
1435291933.5
502.4 -0.9 15.0 1.0 0.0 0.0 0.0
1435291933.53
502.5 -0.9 15.0 1.0 0.0 0.0 0.0
1435291933.56
502.6 -1.0 15.0 1.0 0.0 0.0 0.0
1435291933.59
502.8 -1.0 15.0 1.0 0.0 0.0 0.0
1435291933.62
502.9 -1.1 15.0 1.0 0.0 0.0 0.0
1435291933.65
503.1 -1.1 15.0 1.0 0.0 0.0 0.0
1435291933.68
503.2 -1.2 15.0 1.0 0.0 0.0 0.0
1435291933.71
503.3 -1.2 15.0 1.0 0.0 0.0 0.0
1435291933.74
503.5 -1.3 15.0 1.0 0.0 0.0 0.0
1435291933.77
503.6 -1.3 15.0 1.0 0.0 0.0 0.0
1435291933.8
503.8 -1.4 15.0 1.0 0.0 0.0 0.0
1435291933.83
503.9 -1.4 15.0 1.0 0.0 0.0 0.0
1435291933.86
504.1 -1.5 15.0 1.0 0.0 0.0 0.0
1435291933.89
504.2 -1.5 15.0 1.0 0.0 0.0 0.0
1435291933.92
504.3 -1.6 15.0 1.0 0.0 0.0 0.0
1435291933.95
504.5 -1.6 15.0 1.0 0.0 0.0 0.0
1435291933.98
504.6 -1.7 15.0 1.0 0.0 0.0 0.0
1435291934.01
504.8 -1.7 15.0 1.0 0.0 0.0 0.0
1435291934.04
504.9 -1.8 15.0 1.0 0.0 0.0 0.0
1435291934.07
505.1 -1.8 15.0 1.0 0.0 0.0 0.0
1435291934.1
505.2 -1.9 15.0 1.0 0.0 0.0 0.0
1435291934.13
505.3 -1.9 15.0 1.0 0.0 0.0 0.0
1435291934.16
505.5 -2.0 15.0 1.0 0.0 0.0 0.0
1435291934.19
505.6 -2.1 15.0 1.0 0.0 0.0 0.0
1435291934.22
505.8 -2.1 15.0 1.0 0.0 0.0 0.0
1435291934.26
505.9 -2.1 15.0 1.0 0.0 0.0 0.0
1435291934.28
506.1 -2.2 15.0 1.0 0.0 0.0 0.0
1435291934.32
506.2 -2.3 15.0 1.0 0.0 0.0 0.0
1435291934.34
506.3 -2.3 15.0 1.0 0.0 0.0 0.0
1435291934.37
506.5 -2.3 15.0 1.0 0.0 0.0 0.0
1435291934.4
506.6 -2.4 15.0 1.0 0.0 0.0 0.0
1435291934.44
506.7 -2.4 15.0 1.0 0.0 0.0 0.0
1435291934.46
506.9 -2.5 15.0 1.0 0.0 0.0 0.0
1435291934.5
507.0 -2.6 15.0 1.0 0.0 0.0 0.0
1435291934.53
507.2 -2.6 15.0 1.0 0.0 0.0 0.0
1435291934.56
507.3 -2.7 15.0 1.0 0.0 0.0 0.0
1435291934.59
507.5 -2.7 15.0 1.0 0.0 0.0 0.0
1435291934.62
507.6 -2.8 15.0 1.0 0.0 0.0 0.0
1435291934.65
507.8 -2.8 15.0 1.0 0.0 0.0 0.0
1435291934.68
507.9 -2.9 15.0 1.0 0.0 0.0 0.0
1435291934.71
508.0 -2.9 15.0 1.0 0.0 0.0 0.0
1435291934.74
508.2 -3.0 15.0 1.0 0.0 0.0 0.0
1435291934.77
508.3 -3.0 15.0 1.0 0.0 0.0 0.0
1435291934.8
508.5 -3.1 15.0 1.0 0.0 0.0 0.0
1435291934.83
508.6 -3.1 15.0 1.0 0.0 0.0 0.0
1435291934.86
508.7 -3.2 15.0 1.0 0.0 0.0 0.0
1435291934.89
508.9 -3.2 15.0 1.0 0.0 0.0 0.0
1435291934.92
509.0 -3.3 15.0 1.0 0.0 0.0 0.0
1435291934.95
509.2 -3.3 15.0 1.0 0.0 0.0 0.0
1435291934.98
509.3 -3.4 15.0 1.0 0.0 0.0 0.0
1435291935.01
509.5 -3.4 15.0 1.0 0.0 0.0 0.0
1435291935.04
509.6 -3.5 15.0 1.0 0.0 0.0 0.0
1435291935.07
509.7 -3.5 15.0 1.0 0.0 0.0 0.0
1435291935.1
509.9 -3.6 15.0 1.0 0.0 0.0 0.0
1435291935.13
510.0 -3.6 15.0 1.0 0.0 0.0 0.0
1435291935.16
510.2 -3.7 15.0 1.0 0.0 0.0 0.0
1435291935.19
510.3 -3.7 15.0 1.0 0.0 0.0 0.0
1435291935.22
510.4 -3.8 15.0 1.0 0.0 0.0 0.0
1435291935.25
510.6 -3.8 15.0 1.0 0.0 0.0 0.0
1435291935.28
510.7 -3.9 15.0 1.0 0.0 0.0 0.0
1435291935.31
510.9 -3.9 15.0 1.0 0.0 0.0 0.0
1435291935.34
511.0 -4.0 15.0 1.0 0.0 0.0 0.0
1435291935.37
511.2 -4.0 15.0 1.0 0.0 0.0 0.0
1435291935.4
511.3 -4.1 15.0 1.0 0.0 0.0 0.0
1435291935.43
511.4 -4.2 15.0 1.0 0.0 0.0 0.0
1435291935.46
511.6 -4.2 15.0 1.0 0.0 0.0 0.0
1435291935.49
511.7 -4.3 15.0 1.0 0.0 0.0 0.0
1435291935.52
511.9 -4.3 15.0 1.0 0.0 0.0 0.0
1435291935.55
512.0 -4.4 15.0 1.0 0.0 0.0 0.0
1435291935.58
512.1 -4.4 15.0 1.0 0.0 0.0 0.0
1435291935.61
512.3 -4.5 15.0 1.0 0.0 0.0 0.0
1435291935.64
512.4 -4.5 15.0 1.0 0.0 0.0 0.0
1435291935.67
512.6 -4.6 15.0 1.0 0.0 0.0 0.0
1435291935.7
512.7 -4.6 15.0 1.0 0.0 0.0 0.0
1435291935.73
512.9 -4.7 15.0 1.0 0.0 0.0 0.0
1435291935.77
513.0 -4.7 15.0 1.0 0.0 0.0 0.0
1435291935.8
513.1 -4.8 15.0 1.0 0.0 0.0 0.0
1435291935.83
513.3 -4.8 15.0 1.0 0.0 0.0 0.0
1435291935.86
513.4 -4.9 15.0 1.0 0.0 0.0 0.0
1435291935.89
513.6 -4.9 15.0 1.0 0.0 0.0 0.0
1435291935.92
513.7 -5.0 15.0 1.0 0.0 0.0 0.0
1435291935.95
513.9 -5.0 15.0 1.0 0.0 0.0 0.0
1435291935.98
514.0 -5.1 15.0 1.0 0.0 0.0 0.0
1435291936.01
514.1 -5.1 15.0 1.0 0.0 0.0 0.0
1435291936.04
514.3 -5.2 15.0 1.0 0.0 0.0 0.0
1435291936.07
514.4 -5.2 15.0 1.0 0.0 0.0 0.0
1435291936.1
514.6 -5.3 15.0 1.0 0.0 0.0 0.0
1435291936.13
514.7 -5.3 15.0 1.0 0.0 0.0 0.0
1435291936.16
514.9 -5.4 15.0 1.0 0.0 0.0 0.0
1435291936.19
515.0 -5.4 15.0 1.0 0.0 0.0 0.0
1435291936.22
515.1 -5.5 15.0 1.0 0.0 0.0 0.0
1435291936.25
515.3 -5.5 15.0 1.0 0.0 0.0 0.0
1435291936.28
515.4 -5.6 15.0 1.0 0.0 0.0 0.0
1435291936.31
515.6 -5.6 15.0 1.0 0.0 0.0 0.0
1435291936.34
515.7 -5.7 15.0 1.0 0.0 0.0 0.0
1435291936.37
515.8 -5.8 15.0 1.0 0.0 0.0 0.0
1435291936.4
516.0 -5.8 15.0 1.0 0.0 0.0 0.0
1435291936.43
516.1 -5.9 15.0 1.0 0.0 0.0 0.0
1435291936.46
516.3 -5.9 15.0 1.0 0.0 0.0 0.0
1435291936.49
516.4 -6.0 15.0 1.0 0.0 0.0 0.0
1435291936.52
516.6 -6.0 15.0 1.0 0.0 0.0 0.0
1435291936.55
516.7 -6.1 15.0 1.0 0.0 0.0 0.0
1435291936.58
516.8 -6.1 15.0 1.0 0.0 0.0 0.0
1435291936.61
517.0 -6.2 15.0 1.0 0.0 0.0 0.0
1435291936.64
517.1 -6.2 15.0 1.0 0.0 0.0 0.0
1435291936.67
517.3 -6.3 15.0 1.0 0.0 0.0 0.0
1435291936.7
517.4 -6.3 15.0 1.0 0.0 0.0 0.0
1435291936.73
517.6 -6.4 15.0 1.0 0.0 0.0 0.0
1435291936.76
517.7 -6.4 15.0 1.0 0.0 0.0 0.0
1435291936.79
517.8 -6.5 15.0 1.0 0.0 0.0 0.0
1435291936.82
518.0 -6.5 15.0 1.0 0.0 0.0 0.0
1435291936.85
518.1 -6.6 15.0 1.0 0.0 0.0 0.0
1435291936.88
518.3 -6.6 15.0 1.0 0.0 0.0 0.0
1435291936.91
518.4 -6.7 15.0 1.0 0.0 0.0 0.0
1435291936.94
518.5 -6.7 15.0 1.0 0.0 0.0 0.0
1435291936.97
518.7 -6.8 15.0 1.0 0.0 0.0 0.0
1435291937.0
518.7 -6.8 15.0 1.0 0.0 0.0 0.0
1435291937.03
518.7 -6.8 15.0 1.0 0.0 0.0 0.0
1435291937.06
518.7 -6.8 15.0 1.0 0.0 0.0 0.0
1435291937.1
518.7 -6.8 15.0 1.0 0.0 0.0 0.0
1435291937.13
518.7 -6.8 15.0 1.0 0.0 0.0 0.0
1435291937.16
518.7 -6.8 15.0 1.0 0.0 0.0 0.0
1435291937.19
518.7 -6.8 15.0 1.0 0.0 0.0 0.0
1435291937.22
518.7 -6.8 15.0 1.0 0.0 0.0 0.0
1435291937.24
518.7 -6.8 15.0 1.0 0.0 0.0 0.0
1435291937.28
518.7 -6.8 15.0 1.0 0.0 0.0 0.0
1435291937.31
518.7 -6.8 15.0 1.0 0.0 0.0 0.0
1435291937.34
518.7 -6.8 15.0 1.0 0.0 0.0 0.0
1435291937.37
518.7 -6.8 15.0 1.0 0.0 0.0 0.0
1435291937.4
518.7 -6.8 15.0 1.0 0.0 0.0 0.0
1435291937.43
518.7 -6.8 15.0 1.0 0.0 0.0 0.0
1435291937.46
518.7 -6.8 15.0 1.0 0.0 0.0 0.0
1435291937.49
518.7 -6.8 15.0 1.0 0.0 0.0 0.0
1435291937.52
518.7 -6.8 15.0 1.0 0.0 0.0 0.0
1435291937.55
518.7 -6.8 15.0 1.0 0.0 0.0 0.0
1435291937.58
518.7 -6.8 15.0 1.0 0.0 0.0 0.0
1435291937.61
518.7 -6.8 15.0 1.0 0.0 0.0 0.0
1435291937.64
518.7 -6.8 15.0 1.0 0.0 0.0 0.0
1435291937.67
518.7 -6.8 15.0 1.0 0.0 0.0 0.0
1435291937.71
518.6 -6.8 15.0 1.0 0.0 0.0 0.0
1435291937.73
518.5 -6.8 15.0 1.0 0.0 0.0 0.0
1435291937.77
518.3 -6.7 15.0 1.0 0.0 0.0 0.0
1435291937.79
518.2 -6.7 15.0 1.0 0.0 0.0 0.0
1435291937.83
518.0 -6.7 15.0 1.0 0.0 0.0 0.0
1435291937.86
517.9 -6.6 15.0 1.0 0.0 0.0 0.0
1435291937.89
517.8 -6.5 15.0 1.0 0.0 0.0 0.0
1435291937.92
517.6 -6.5 15.0 1.0 0.0 0.0 0.0
1435291937.95
517.5 -6.4 15.0 1.0 0.0 0.0 0.0
1435291937.98
517.4 -6.4 15.0 1.0 0.0 0.0 0.0
1435291938.01
517.3 -6.3 15.0 1.0 0.0 0.0 0.0
1435291938.04
517.3 -6.1 15.0 1.0 0.0 0.0 0.0
1435291938.07
517.4 -6.0 15.0 1.0 0.0 0.0 0.0
1435291938.1
517.5 -5.9 15.0 1.0 0.0 0.0 0.0
1435291938.13
517.5 -5.8 15.0 1.0 0.0 0.0 0.0
1435291938.16
517.6 -5.6 15.0 1.0 0.0 0.0 0.0
1435291938.19
517.7 -5.5 15.0 1.0 0.0 0.0 0.0
1435291938.22
517.8 -5.4 15.0 1.0 0.0 0.0 0.0
1435291938.25
517.8 -5.2 15.0 1.0 0.0 0.0 0.0
1435291938.28
517.9 -5.1 15.0 1.0 0.0 0.0 0.0
1435291938.31
518.0 -5.0 15.0 1.0 0.0 0.0 0.0
1435291938.34
518.1 -4.9 15.0 1.0 0.0 0.0 0.0
1435291938.37
518.1 -4.7 15.0 1.0 0.0 0.0 0.0
1435291938.4
518.2 -4.6 15.0 1.0 0.0 0.0 0.0
1435291938.43
518.3 -4.5 15.0 1.0 0.0 0.0 0.0
1435291938.46
518.4 -4.3 15.0 1.0 0.0 0.0 0.0
1435291938.49
518.4 -4.2 15.0 1.0 0.0 0.0 0.0
1435291938.52
518.5 -4.1 15.0 1.0 0.0 0.0 0.0
1435291938.55
518.6 -4.0 15.0 1.0 0.0 0.0 0.0
1435291938.58
518.7 -3.8 15.0 1.0 0.0 0.0 0.0
1435291938.61
518.8 -3.7 15.0 1.0 0.0 0.0 0.0
1435291938.64
518.8 -3.6 15.0 1.0 0.0 0.0 0.0
1435291938.67
518.9 -3.4 15.0 1.0 0.0 0.0 0.0
1435291938.7
519.0 -3.3 15.0 1.0 0.0 0.0 0.0
1435291938.73
519.1 -3.2 15.0 1.0 0.0 0.0 0.0
1435291938.76
519.1 -3.0 15.0 1.0 0.0 0.0 0.0
1435291938.8
519.2 -2.9 15.0 1.0 0.0 0.0 0.0
1435291938.82
519.3 -2.8 15.0 1.0 0.0 0.0 0.0
1435291938.86
519.4 -2.7 15.0 1.0 0.0 0.0 0.0
1435291938.89
519.5 -2.5 15.0 1.0 0.0 0.0 0.0
1435291938.92
519.5 -2.4 15.0 1.0 0.0 0.0 0.0
1435291938.95
519.6 -2.3 15.0 1.0 0.0 0.0 0.0
1435291938.98
519.7 -2.1 15.0 1.0 0.0 0.0 0.0
1435291939.01
519.8 -2.0 15.0 1.0 0.0 0.0 0.0
1435291939.04
519.8 -1.9 15.0 1.0 0.0 0.0 0.0
1435291939.07
519.9 -1.7 15.0 1.0 0.0 0.0 0.0
1435291939.1
520.0 -1.6 15.0 1.0 0.0 0.0 0.0
1435291939.13
520.1 -1.5 15.0 1.0 0.0 0.0 0.0
1435291939.16
520.2 -1.4 15.0 1.0 0.0 0.0 0.0
1435291939.19
520.2 -1.2 15.0 1.0 0.0 0.0 0.0
1435291939.22
520.3 -1.1 15.0 1.0 0.0 0.0 0.0
1435291939.25
520.4 -1.0 15.0 1.0 0.0 0.0 0.0
1435291939.28
520.5 -0.8 15.0 1.0 0.0 0.0 0.0
1435291939.31
520.5 -0.7 15.0 1.0 0.0 0.0 0.0
1435291939.34
520.6 -0.6 15.0 1.0 0.0 0.0 0.0
1435291939.37
520.7 -0.4 15.0 1.0 0.0 0.0 0.0
1435291939.4
520.8 -0.3 15.0 1.0 0.0 0.0 0.0
1435291939.43
520.8 -0.2 15.0 1.0 0.0 0.0 0.0
1435291939.46
520.9 -0.1 15.0 1.0 0.0 0.0 0.0
1435291939.49
520.9 -0.1 15.0 1.0 0.0 0.0 0.0
1435291939.52
520.9 -0.1 15.0 1.0 0.0 0.0 0.0
1435291939.55
520.9 -0.1 15.0 1.0 0.0 0.0 0.0
1435291939.58
520.9 -0.1 15.0 1.0 0.0 0.0 0.0
1435291939.61
520.9 -0.1 15.0 1.0 0.0 0.0 0.0
1435291939.64
520.9 -0.1 15.0 1.0 0.0 0.0 0.0
1435291939.67
520.9 -0.1 15.0 1.0 0.0 0.0 0.0
1435291939.7
520.9 -0.1 15.0 1.0 0.0 0.0 0.0
1435291939.73
520.9 -0.1 15.0 1.0 0.0 0.0 0.0
1435291939.77
520.9 -0.1 15.0 1.0 0.0 0.0 0.0
1435291939.79
520.9 -0.1 15.0 1.0 0.0 0.0 0.0
1435291939.82
520.9 -0.1 15.0 1.0 0.0 0.0 0.0
1435291939.85
520.9 -0.1 15.0 1.0 0.0 0.0 0.0
1435291939.88
520.9 -0.1 15.0 1.0 0.0 0.0 0.0
1435291939.91
520.9 -0.1 15.0 1.0 0.0 0.0 0.0
1435291939.94
520.9 -0.1 15.0 1.0 0.0 0.0 0.0
1435291939.97
520.9 -0.1 15.0 1.0 0.0 0.0 0.0
1435291940.0
520.9 -0.1 15.0 1.0 0.0 0.0 0.0
1435291940.04
520.9 -0.1 15.0 1.0 0.0 0.0 0.0
1435291940.07
520.9 -0.1 15.0 1.0 0.0 0.0 0.0
1435291940.11
520.9 -0.1 15.0 1.0 0.0 0.0 0.0
1435291940.14
520.9 -0.1 15.0 1.0 0.0 0.0 0.0
1435291940.17
520.9 -0.1 15.0 1.0 0.0 0.0 0.0
1435291940.2
520.9 -0.2 15.0 1.0 0.0 0.0 0.0
1435291940.23
520.8 -0.3 15.0 1.0 0.0 0.0 0.0
1435291940.26
520.8 -0.5 15.0 1.0 0.0 0.0 0.0
1435291940.29
520.8 -0.6 15.0 1.0 0.0 0.0 0.0
1435291940.32
520.9 -0.7 15.0 1.0 0.0 0.0 0.0
1435291940.35
521.0 -0.8 15.0 1.0 0.0 0.0 0.0
1435291940.38
521.1 -0.9 15.0 1.0 0.0 0.0 0.0
1435291940.41
521.3 -1.0 15.0 1.0 0.0 0.0 0.0
1435291940.44
521.4 -1.0 15.0 1.0 0.0 0.0 0.0
1435291940.47
521.5 -1.1 15.0 1.0 0.0 0.0 0.0
1435291940.5
521.6 -1.2 15.0 1.0 0.0 0.0 0.0
1435291940.54
521.7 -1.3 15.0 1.0 0.0 0.0 0.0
1435291940.56
521.9 -1.4 15.0 1.0 0.0 0.0 0.0
1435291940.6
522.0 -1.4 15.0 1.0 0.0 0.0 0.0
1435291940.62
522.1 -1.5 15.0 1.0 0.0 0.0 0.0
1435291940.66
522.3 -1.6 15.0 1.0 0.0 0.0 0.0
1435291940.69
522.4 -1.7 15.0 1.0 0.0 0.0 0.0
1435291940.72
522.5 -1.8 15.0 1.0 0.0 0.0 0.0
1435291940.75
522.7 -1.9 15.0 1.0 0.0 0.0 0.0
1435291940.78
522.8 -2.0 15.0 1.0 0.0 0.0 0.0
1435291940.81
522.9 -2.1 15.0 1.0 0.0 0.0 0.0
1435291940.84
523.0 -2.1 15.0 1.0 0.0 0.0 0.0
1435291940.87
523.2 -2.2 15.0 1.0 0.0 0.0 0.0
1435291940.91
523.3 -2.3 15.0 1.0 0.0 0.0 0.0
1435291940.93
523.4 -2.4 15.0 1.0 0.0 0.0 0.0
1435291940.97
523.6 -2.5 15.0 1.0 0.0 0.0 0.0
1435291940.99
523.7 -2.6 15.0 1.0 0.0 0.0 0.0
1435291941.03
523.8 -2.6 15.0 1.0 0.0 0.0 0.0
1435291941.05
523.9 -2.7 15.0 1.0 0.0 0.0 0.0
1435291941.09
524.1 -2.8 15.0 1.0 0.0 0.0 0.0
1435291941.12
524.2 -2.9 15.0 1.0 0.0 0.0 0.0
1435291941.15
524.3 -3.0 15.0 1.0 0.0 0.0 0.0
1435291941.18
524.4 -3.1 15.0 1.0 0.0 0.0 0.0
1435291941.21
524.6 -3.1 15.0 1.0 0.0 0.0 0.0
1435291941.24
524.7 -3.2 15.0 1.0 0.0 0.0 0.0
1435291941.27
524.8 -3.3 15.0 1.0 0.0 0.0 0.0
1435291941.3
525.0 -3.4 15.0 1.0 0.0 0.0 0.0
1435291941.33
525.1 -3.5 15.0 1.0 0.0 0.0 0.0
1435291941.36
525.2 -3.6 15.0 1.0 0.0 0.0 0.0
1435291941.39
525.3 -3.6 15.0 1.0 0.0 0.0 0.0
1435291941.42
525.5 -3.7 15.0 1.0 0.0 0.0 0.0
1435291941.45
525.6 -3.8 15.0 1.0 0.0 0.0 0.0
1435291941.48
525.7 -3.9 15.0 1.0 0.0 0.0 0.0
1435291941.51
525.8 -4.0 15.0 1.0 0.0 0.0 0.0
1435291941.54
525.9 -4.0 15.0 1.0 0.0 0.0 0.0
1435291941.57
526.1 -4.1 15.0 1.0 0.0 0.0 0.0
1435291941.6
526.2 -4.2 15.0 1.0 0.0 0.0 0.0
1435291941.64
526.4 -4.3 15.0 1.0 0.0 0.0 0.0
1435291941.67
526.5 -4.4 15.0 1.0 0.0 0.0 0.0
1435291941.7
526.6 -4.5 15.0 1.0 0.0 0.0 0.0
1435291941.72
526.7 -4.6 15.0 1.0 0.0 0.0 0.0
1435291941.76
526.9 -4.7 15.0 1.0 0.0 0.0 0.0
1435291941.79
527.0 -4.8 15.0 1.0 0.0 0.0 0.0
1435291941.82
527.1 -4.8 15.0 1.0 0.0 0.0 0.0
1435291941.85
527.2 -4.9 15.0 1.0 0.0 0.0 0.0
1435291941.88
527.4 -5.0 15.0 1.0 0.0 0.0 0.0
1435291941.91
527.5 -5.1 15.0 1.0 0.0 0.0 0.0
1435291941.94
527.6 -5.2 15.0 1.0 0.0 0.0 0.0
1435291941.97
527.7 -5.2 15.0 1.0 0.0 0.0 0.0
1435291942.0
527.9 -5.3 15.0 1.0 0.0 0.0 0.0
1435291942.03
528.0 -5.4 15.0 1.0 0.0 0.0 0.0
1435291942.06
528.1 -5.5 15.0 1.0 0.0 0.0 0.0
1435291942.09
528.2 -5.6 15.0 1.0 0.0 0.0 0.0
1435291942.12
528.4 -5.6 15.0 1.0 0.0 0.0 0.0
1435291942.15
528.5 -5.7 15.0 1.0 0.0 0.0 0.0
1435291942.18
528.6 -5.8 15.0 1.0 0.0 0.0 0.0
1435291942.21
528.8 -5.9 15.0 1.0 0.0 0.0 0.0
1435291942.24
528.9 -6.0 15.0 1.0 0.0 0.0 0.0
1435291942.27
529.0 -6.1 15.0 1.0 0.0 0.0 0.0
1435291942.3
529.1 -6.1 15.0 1.0 0.0 0.0 0.0
1435291942.33
529.3 -6.2 15.0 1.0 0.0 0.0 0.0
1435291942.36
529.4 -6.3 15.0 1.0 0.0 0.0 0.0
1435291942.39
529.5 -6.4 15.0 1.0 0.0 0.0 0.0
1435291942.42
529.6 -6.5 15.0 1.0 0.0 0.0 0.0
1435291942.45
529.8 -6.6 15.0 1.0 0.0 0.0 0.0
1435291942.48
529.9 -6.6 15.0 1.0 0.0 0.0 0.0
1435291942.51
530.0 -6.7 15.0 1.0 0.0 0.0 0.0
1435291942.54
530.1 -6.8 15.0 1.0 0.0 0.0 0.0
1435291942.57
530.3 -6.9 15.0 1.0 0.0 0.0 0.0
1435291942.6
530.4 -7.0 15.0 1.0 0.0 0.0 0.0
1435291942.63
530.5 -7.1 15.0 1.0 0.0 0.0 0.0
1435291942.66
530.6 -7.1 15.0 1.0 0.0 0.0 0.0
1435291942.69
530.8 -7.2 15.0 1.0 0.0 0.0 0.0
1435291942.72
530.9 -7.3 15.0 1.0 0.0 0.0 0.0
1435291942.75
531.0 -7.4 15.0 1.0 0.0 0.0 0.0
1435291942.79
531.2 -7.5 15.0 1.0 0.0 0.0 0.0
1435291942.81
531.3 -7.6 15.0 1.0 0.0 0.0 0.0
1435291942.85
531.4 -7.7 15.0 1.0 0.0 0.0 0.0
1435291942.87
531.5 -7.7 15.0 1.0 0.0 0.0 0.0
1435291942.91
531.7 -7.8 15.0 1.0 0.0 0.0 0.0
1435291942.93
531.8 -7.9 15.0 1.0 0.0 0.0 0.0
1435291942.97
531.9 -8.0 15.0 1.0 0.0 0.0 0.0
1435291942.99
532.0 -8.1 15.0 1.0 0.0 0.0 0.0
1435291943.03
532.2 -8.1 15.0 1.0 0.0 0.0 0.0
1435291943.06
532.3 -8.2 15.0 1.0 0.0 0.0 0.0
1435291943.09
532.4 -8.3 15.0 1.0 0.0 0.0 0.0
1435291943.12
532.6 -8.4 15.0 1.0 0.0 0.0 0.0
1435291943.15
532.7 -8.5 15.0 1.0 0.0 0.0 0.0
1435291943.18
532.8 -8.6 15.0 1.0 0.0 0.0 0.0
1435291943.21
532.9 -8.6 15.0 1.0 0.0 0.0 0.0
1435291943.24
533.1 -8.7 15.0 1.0 0.0 0.0 0.0
1435291943.27
533.2 -8.8 15.0 1.0 0.0 0.0 0.0
1435291943.3
533.3 -8.9 15.0 1.0 0.0 0.0 0.0
1435291943.33
533.4 -9.0 15.0 1.0 0.0 0.0 0.0
1435291943.36
533.6 -9.1 15.0 1.0 0.0 0.0 0.0
1435291943.39
533.7 -9.1 15.0 1.0 0.0 0.0 0.0
1435291943.42
533.8 -9.2 15.0 1.0 0.0 0.0 0.0
1435291943.45
533.9 -9.3 15.0 1.0 0.0 0.0 0.0
1435291943.48
534.1 -9.4 15.0 1.0 0.0 0.0 0.0
1435291943.51
534.2 -9.5 15.0 1.0 0.0 0.0 0.0
1435291943.54
534.3 -9.6 15.0 1.0 0.0 0.0 0.0
1435291943.57
534.4 -9.6 15.0 1.0 0.0 0.0 0.0
1435291943.6
534.6 -9.7 15.0 1.0 0.0 0.0 0.0
1435291943.63
534.7 -9.8 15.0 1.0 0.0 0.0 0.0
1435291943.66
534.8 -9.9 15.0 1.0 0.0 0.0 0.0
1435291943.69
534.9 -10.0 15.0 1.0 0.0 0.0 0.0
1435291943.72
535.1 -10.0 15.0 1.0 0.0 0.0 0.0
1435291943.75
535.2 -10.1 15.0 1.0 0.0 0.0 0.0
1435291943.78
535.3 -10.2 15.0 1.0 0.0 0.0 0.0
1435291943.81
535.4 -10.3 15.0 1.0 0.0 0.0 0.0
1435291943.84
535.6 -10.4 15.0 1.0 0.0 0.0 0.0
1435291943.87
535.7 -10.5 15.0 1.0 0.0 0.0 0.0
1435291943.9
535.8 -10.6 15.0 1.0 0.0 0.0 0.0
1435291943.93
535.9 -10.6 15.0 1.0 0.0 0.0 0.0
1435291943.96
536.1 -10.7 15.0 1.0 0.0 0.0 0.0
1435291943.99
536.2 -10.8 15.0 1.0 0.0 0.0 0.0
1435291944.02
536.2 -10.8 15.0 1.0 0.0 0.0 0.0
1435291944.05
536.2 -10.8 15.0 1.0 0.0 0.0 0.0
1435291944.08
536.2 -10.8 15.0 1.0 0.0 0.0 0.0
1435291944.12
536.2 -10.8 15.0 1.0 0.0 0.0 0.0
1435291944.15
536.2 -10.8 15.0 1.0 0.0 0.0 0.0
1435291944.18
536.2 -10.8 15.0 1.0 0.0 0.0 0.0
1435291944.21
536.2 -10.8 15.0 1.0 0.0 0.0 0.0
1435291944.24
536.2 -10.8 15.0 1.0 0.0 0.0 0.0
1435291944.27
536.2 -10.8 15.0 1.0 0.0 0.0 0.0
1435291944.3
536.2 -10.8 15.0 1.0 0.0 0.0 0.0
1435291944.33
536.2 -10.8 15.0 1.0 0.0 0.0 0.0
1435291944.36
536.2 -10.8 15.0 1.0 0.0 0.0 0.0
1435291944.39
536.2 -10.8 15.0 1.0 0.0 0.0 0.0
1435291944.42
536.2 -10.8 15.0 1.0 0.0 0.0 0.0
1435291944.45
536.2 -10.8 15.0 1.0 0.0 0.0 0.0
1435291944.48
536.2 -10.8 15.0 1.0 0.0 0.0 0.0
1435291944.51
536.2 -10.8 15.0 1.0 0.0 0.0 0.0
1435291944.54
536.2 -10.8 15.0 1.0 0.0 0.0 0.0
1435291944.57
536.2 -10.8 15.0 1.0 0.0 0.0 0.0
1435291944.6
536.2 -10.8 15.0 1.0 0.0 0.0 0.0
1435291944.64
536.2 -10.8 15.0 1.0 0.0 0.0 0.0
1435291944.67
536.2 -10.8 15.0 1.0 0.0 0.0 0.0
1435291944.7
536.2 -10.8 15.0 1.0 0.0 0.0 0.0
1435291944.73
536.2 -10.8 15.0 1.0 0.0 0.0 0.0
1435291944.76
536.1 -10.8 15.0 1.0 0.0 0.0 0.0
1435291944.79
535.9 -10.7 15.0 1.0 0.0 0.0 0.0
1435291944.82
535.8 -10.6 15.0 1.0 0.0 0.0 0.0
1435291944.85
535.7 -10.5 15.0 1.0 0.0 0.0 0.0
1435291944.88
535.6 -10.4 15.0 1.0 0.0 0.0 0.0
1435291944.91
535.4 -10.3 15.0 1.0 0.0 0.0 0.0
1435291944.94
535.3 -10.2 15.0 1.0 0.0 0.0 0.0
1435291944.97
535.2 -10.0 15.0 1.0 0.0 0.0 0.0
1435291945.0
535.1 -10.0 15.0 1.0 0.0 0.0 0.0
1435291945.03
535.1 -9.8 15.0 1.0 0.0 0.0 0.0
1435291945.06
535.1 -9.7 15.0 1.0 0.0 0.0 0.0
1435291945.09
535.2 -9.6 15.0 1.0 0.0 0.0 0.0
1435291945.12
535.3 -9.5 15.0 1.0 0.0 0.0 0.0
1435291945.15
535.4 -9.4 15.0 1.0 0.0 0.0 0.0
1435291945.18
535.5 -9.3 15.0 1.0 0.0 0.0 0.0
1435291945.21
535.6 -9.1 15.0 1.0 0.0 0.0 0.0
1435291945.24
535.7 -9.0 15.0 1.0 0.0 0.0 0.0
1435291945.27
535.7 -8.9 15.0 1.0 0.0 0.0 0.0
1435291945.3
535.8 -8.8 15.0 1.0 0.0 0.0 0.0
1435291945.33
535.9 -8.6 15.0 1.0 0.0 0.0 0.0
1435291945.36
536.0 -8.5 15.0 1.0 0.0 0.0 0.0
1435291945.39
536.1 -8.4 15.0 1.0 0.0 0.0 0.0
1435291945.42
536.2 -8.3 15.0 1.0 0.0 0.0 0.0
1435291945.45
536.3 -8.2 15.0 1.0 0.0 0.0 0.0
1435291945.48
536.3 -8.1 15.0 1.0 0.0 0.0 0.0
1435291945.51
536.4 -7.9 15.0 1.0 0.0 0.0 0.0
1435291945.54
536.5 -7.8 15.0 1.0 0.0 0.0 0.0
1435291945.57
536.6 -7.7 15.0 1.0 0.0 0.0 0.0
1435291945.6
536.7 -7.6 15.0 1.0 0.0 0.0 0.0
1435291945.63
536.8 -7.4 15.0 1.0 0.0 0.0 0.0
1435291945.66
536.9 -7.3 15.0 1.0 0.0 0.0 0.0
1435291945.69
537.0 -7.2 15.0 1.0 0.0 0.0 0.0
1435291945.72
537.1 -7.1 15.0 1.0 0.0 0.0 0.0
1435291945.75
537.2 -6.9 15.0 1.0 0.0 0.0 0.0
1435291945.78
537.2 -6.8 15.0 1.0 0.0 0.0 0.0
1435291945.81
537.3 -6.7 15.0 1.0 0.0 0.0 0.0
1435291945.84
537.4 -6.6 15.0 1.0 0.0 0.0 0.0
1435291945.87
537.5 -6.5 15.0 1.0 0.0 0.0 0.0
1435291945.9
537.6 -6.3 15.0 1.0 0.0 0.0 0.0
1435291945.93
537.7 -6.2 15.0 1.0 0.0 0.0 0.0
1435291945.96
537.8 -6.1 15.0 1.0 0.0 0.0 0.0
1435291945.99
537.9 -5.9 15.0 1.0 0.0 0.0 0.0
1435291946.02
537.9 -5.8 15.0 1.0 0.0 0.0 0.0
1435291946.05
538.0 -5.7 15.0 1.0 0.0 0.0 0.0
1435291946.08
538.1 -5.6 15.0 1.0 0.0 0.0 0.0
1435291946.11
538.2 -5.5 15.0 1.0 0.0 0.0 0.0
1435291946.14
538.3 -5.4 15.0 1.0 0.0 0.0 0.0
1435291946.17
538.4 -5.2 15.0 1.0 0.0 0.0 0.0
1435291946.2
538.5 -5.1 15.0 1.0 0.0 0.0 0.0
1435291946.23
538.6 -5.0 15.0 1.0 0.0 0.0 0.0
1435291946.26
538.6 -4.9 15.0 1.0 0.0 0.0 0.0
1435291946.29
538.7 -4.7 15.0 1.0 0.0 0.0 0.0
1435291946.32
538.8 -4.6 15.0 1.0 0.0 0.0 0.0
1435291946.35
538.9 -4.5 15.0 1.0 0.0 0.0 0.0
1435291946.38
539.0 -4.4 15.0 1.0 0.0 0.0 0.0
1435291946.41
539.1 -4.3 15.0 1.0 0.0 0.0 0.0
1435291946.44
539.2 -4.1 15.0 1.0 0.0 0.0 0.0
1435291946.47
539.3 -4.0 15.0 1.0 0.0 0.0 0.0
1435291946.5
539.4 -3.9 15.0 1.0 0.0 0.0 0.0
1435291946.53
539.5 -3.8 15.0 1.0 0.0 0.0 0.0
1435291946.56
539.6 -3.7 15.0 1.0 0.0 0.0 0.0
1435291946.59
539.6 -3.5 15.0 1.0 0.0 0.0 0.0
1435291946.62
539.7 -3.4 15.0 1.0 0.0 0.0 0.0
1435291946.65
539.8 -3.3 15.0 1.0 0.0 0.0 0.0
1435291946.68
539.8 -3.3 15.0 1.0 0.0 0.0 0.0
1435291946.71
539.8 -3.3 15.0 1.0 0.0 0.0 0.0
1435291946.74
539.8 -3.3 15.0 1.0 0.0 0.0 0.0
1435291946.77
539.8 -3.3 15.0 1.0 0.0 0.0 0.0
1435291946.8
539.8 -3.3 15.0 1.0 0.0 0.0 0.0
1435291946.83
539.8 -3.3 15.0 1.0 0.0 0.0 0.0
1435291946.86
539.8 -3.3 15.0 1.0 0.0 0.0 0.0
1435291946.89
539.8 -3.3 15.0 1.0 0.0 0.0 0.0
1435291946.93
539.8 -3.3 15.0 1.0 0.0 0.0 0.0
1435291946.96
539.8 -3.3 15.0 1.0 0.0 0.0 0.0
1435291946.99
539.8 -3.3 15.0 1.0 0.0 0.0 0.0
1435291947.02
539.8 -3.3 15.0 1.0 0.0 0.0 0.0
1435291947.05
539.8 -3.3 15.0 1.0 0.0 0.0 0.0
1435291947.08
539.8 -3.3 15.0 1.0 0.0 0.0 0.0
1435291947.11
539.8 -3.3 15.0 1.0 0.0 0.0 0.0
1435291947.14
539.8 -3.3 15.0 1.0 0.0 0.0 0.0
1435291947.17
539.8 -3.3 15.0 1.0 0.0 0.0 0.0
1435291947.2
539.8 -3.3 15.0 1.0 0.0 0.0 0.0
1435291947.23
539.8 -3.3 15.0 1.0 0.0 0.0 0.0
1435291947.26
539.8 -3.3 15.0 1.0 0.0 0.0 0.0
1435291947.3
539.8 -3.3 15.0 1.0 0.0 0.0 0.0
1435291947.33
539.8 -3.3 15.0 1.0 0.0 0.0 0.0
1435291947.37
539.8 -3.3 15.0 1.0 0.0 0.0 0.0
1435291947.4
539.8 -3.4 15.0 1.0 0.0 0.0 0.0
1435291947.43
539.7 -3.5 15.0 1.0 0.0 0.0 0.0
1435291947.46
539.6 -3.6 15.0 1.0 0.0 0.0 0.0
1435291947.49
539.6 -3.7 15.0 1.0 0.0 0.0 0.0
1435291947.52
539.6 -3.8 15.0 1.0 0.0 0.0 0.0
1435291947.55
539.7 -3.9 15.0 1.0 0.0 0.0 0.0
1435291947.58
539.8 -3.9 15.0 1.0 0.0 0.0 0.0
1435291947.61
540.0 -3.9 15.0 1.0 0.0 0.0 0.0
1435291947.64
540.1 -3.9 15.0 1.0 0.0 0.0 0.0
1435291947.67
540.2 -3.9 15.0 1.0 0.0 0.0 0.0
1435291947.7
540.4 -3.9 15.0 1.0 0.0 0.0 0.0
1435291947.73
540.5 -3.9 15.0 1.0 0.0 0.0 0.0
1435291947.76
540.7 -4.0 15.0 1.0 0.0 0.0 0.0
1435291947.79
540.9 -4.0 15.0 1.0 0.0 0.0 0.0
1435291947.82
541.0 -4.0 15.0 1.0 0.0 0.0 0.0
1435291947.85
541.2 -4.0 15.0 1.0 0.0 0.0 0.0
1435291947.88
541.3 -4.0 15.0 1.0 0.0 0.0 0.0
1435291947.91
541.4 -4.0 15.0 1.0 0.0 0.0 0.0
1435291947.94
541.6 -4.0 15.0 1.0 0.0 0.0 0.0
1435291947.96
541.8 -4.0 15.0 1.0 0.0 0.0 0.0
1435291948.0
541.9 -4.0 15.0 1.0 0.0 0.0 0.0
1435291948.03
542.1 -4.0 15.0 1.0 0.0 0.0 0.0
1435291948.06
542.2 -4.0 15.0 1.0 0.0 0.0 0.0
1435291948.08
542.3 -4.0 15.0 1.0 0.0 0.0 0.0
1435291948.12
542.5 -4.0 15.0 1.0 0.0 0.0 0.0
1435291948.15
542.6 -4.0 15.0 1.0 0.0 0.0 0.0
1435291948.18
542.8 -4.1 15.0 1.0 0.0 0.0 0.0
1435291948.21
543.0 -4.1 15.0 1.0 0.0 0.0 0.0
1435291948.24
543.1 -4.1 15.0 1.0 0.0 0.0 0.0
1435291948.27
543.3 -4.1 15.0 1.0 0.0 0.0 0.0
1435291948.3
543.4 -4.1 15.0 1.0 0.0 0.0 0.0
1435291948.33
543.5 -4.1 15.0 1.0 0.0 0.0 0.0
1435291948.36
543.7 -4.1 15.0 1.0 0.0 0.0 0.0
1435291948.39
543.8 -4.1 15.0 1.0 0.0 0.0 0.0
1435291948.42
544.0 -4.1 15.0 1.0 0.0 0.0 0.0
1435291948.44
544.1 -4.1 15.0 1.0 0.0 0.0 0.0
1435291948.48
544.3 -4.1 15.0 1.0 0.0 0.0 0.0
1435291948.51
544.5 -4.1 15.0 1.0 0.0 0.0 0.0
1435291948.54
544.6 -4.1 15.0 1.0 0.0 0.0 0.0
1435291948.57
544.7 -4.1 15.0 1.0 0.0 0.0 0.0
1435291948.6
544.9 -4.1 15.0 1.0 0.0 0.0 0.0
1435291948.63
545.0 -4.2 15.0 1.0 0.0 0.0 0.0
1435291948.66
545.2 -4.2 15.0 1.0 0.0 0.0 0.0
1435291948.69
545.4 -4.2 15.0 1.0 0.0 0.0 0.0
1435291948.72
545.5 -4.2 15.0 1.0 0.0 0.0 0.0
1435291948.75
545.7 -4.2 15.0 1.0 0.0 0.0 0.0
1435291948.78
545.8 -4.2 15.0 1.0 0.0 0.0 0.0
1435291948.81
546.0 -4.2 15.0 1.0 0.0 0.0 0.0
1435291948.84
546.1 -4.2 15.0 1.0 0.0 0.0 0.0
1435291948.87
546.3 -4.2 15.0 1.0 0.0 0.0 0.0
1435291948.9
546.4 -4.2 15.0 1.0 0.0 0.0 0.0
1435291948.93
546.6 -4.2 15.0 1.0 0.0 0.0 0.0
1435291948.96
546.7 -4.2 15.0 1.0 0.0 0.0 0.0
1435291948.99
546.9 -4.2 15.0 1.0 0.0 0.0 0.0
1435291949.03
547.0 -4.2 15.0 1.0 0.0 0.0 0.0
1435291949.05
547.2 -4.3 15.0 1.0 0.0 0.0 0.0
1435291949.09
547.3 -4.3 15.0 1.0 0.0 0.0 0.0
1435291949.11
547.5 -4.3 15.0 1.0 0.0 0.0 0.0
1435291949.15
547.6 -4.3 15.0 1.0 0.0 0.0 0.0
1435291949.17
547.8 -4.3 15.0 1.0 0.0 0.0 0.0
1435291949.21
547.9 -4.3 15.0 1.0 0.0 0.0 0.0
1435291949.23
548.1 -4.3 15.0 1.0 0.0 0.0 0.0
1435291949.27
548.2 -4.3 15.0 1.0 0.0 0.0 0.0
1435291949.3
548.4 -4.3 15.0 1.0 0.0 0.0 0.0
1435291949.33
548.5 -4.3 15.0 1.0 0.0 0.0 0.0
1435291949.35
548.7 -4.3 15.0 1.0 0.0 0.0 0.0
1435291949.39
548.8 -4.3 15.0 1.0 0.0 0.0 0.0
1435291949.42
549.0 -4.3 15.0 1.0 0.0 0.0 0.0
1435291949.45
549.1 -4.3 15.0 1.0 0.0 0.0 0.0
1435291949.48
549.3 -4.4 15.0 1.0 0.0 0.0 0.0
1435291949.51
549.4 -4.4 15.0 1.0 0.0 0.0 0.0
1435291949.54
549.6 -4.4 15.0 1.0 0.0 0.0 0.0
1435291949.57
549.7 -4.4 15.0 1.0 0.0 0.0 0.0
1435291949.6
549.9 -4.4 15.0 1.0 0.0 0.0 0.0
1435291949.63
550.0 -4.4 15.0 1.0 0.0 0.0 0.0
1435291949.66
550.2 -4.4 15.0 1.0 0.0 0.0 0.0
1435291949.69
550.4 -4.4 15.0 1.0 0.0 0.0 0.0
1435291949.72
550.5 -4.4 15.0 1.0 0.0 0.0 0.0
1435291949.75
550.7 -4.4 15.0 1.0 0.0 0.0 0.0
1435291949.78
550.8 -4.4 15.0 1.0 0.0 0.0 0.0
1435291949.81
550.9 -4.4 15.0 1.0 0.0 0.0 0.0
1435291949.84
551.1 -4.4 15.0 1.0 0.0 0.0 0.0
1435291949.87
551.3 -4.4 15.0 1.0 0.0 0.0 0.0
1435291949.9
551.4 -4.4 15.0 1.0 0.0 0.0 0.0
1435291949.93
551.6 -4.5 15.0 1.0 0.0 0.0 0.0
1435291949.96
551.7 -4.5 15.0 1.0 0.0 0.0 0.0
1435291949.99
551.9 -4.5 15.0 1.0 0.0 0.0 0.0
1435291950.02
552.0 -4.5 15.0 1.0 0.0 0.0 0.0
1435291950.05
552.2 -4.5 15.0 1.0 0.0 0.0 0.0
1435291950.08
552.3 -4.5 15.0 1.0 0.0 0.0 0.0
1435291950.12
552.5 -4.5 15.0 1.0 0.0 0.0 0.0
1435291950.15
552.6 -4.5 15.0 1.0 0.0 0.0 0.0
1435291950.18
552.6 -4.5 15.0 1.0 0.0 0.0 0.0
1435291950.21
552.6 -4.5 15.0 1.0 0.0 0.0 0.0
1435291950.24
552.6 -4.5 15.0 1.0 0.0 0.0 0.0
1435291950.27
552.6 -4.5 15.0 1.0 0.0 0.0 0.0
1435291950.3
552.6 -4.5 15.0 1.0 0.0 0.0 0.0
1435291950.33
552.6 -4.5 15.0 1.0 0.0 0.0 0.0
1435291950.36
552.6 -4.5 15.0 1.0 0.0 0.0 0.0
1435291950.39
552.6 -4.5 15.0 1.0 0.0 0.0 0.0
1435291950.42
552.6 -4.5 15.0 1.0 0.0 0.0 0.0
1435291950.45
552.6 -4.5 15.0 1.0 0.0 0.0 0.0
1435291950.48
552.6 -4.5 15.0 1.0 0.0 0.0 0.0
1435291950.51
552.6 -4.5 15.0 1.0 0.0 0.0 0.0
1435291950.54
552.6 -4.5 15.0 1.0 0.0 0.0 0.0
1435291950.57
552.6 -4.5 15.0 1.0 0.0 0.0 0.0
1435291950.6
552.6 -4.5 15.0 1.0 0.0 0.0 0.0
1435291950.63
552.6 -4.5 15.0 1.0 0.0 0.0 0.0
1435291950.67
552.6 -4.5 15.0 1.0 0.0 0.0 0.0
1435291950.69
552.6 -4.5 15.0 1.0 0.0 0.0 0.0
1435291950.73
552.6 -4.5 15.0 1.0 0.0 0.0 0.0
1435291950.76
552.6 -4.5 15.0 1.0 0.0 0.0 0.0
1435291950.79
552.6 -4.5 15.0 1.0 0.0 0.0 0.0
1435291950.83
552.6 -4.5 15.0 1.0 0.0 0.0 0.0
1435291950.86
552.6 -4.5 15.0 1.0 0.0 0.0 0.0
1435291950.89
552.5 -4.5 15.0 1.0 0.0 0.0 0.0
1435291950.92
552.4 -4.5 15.0 1.0 0.0 0.0 0.0
1435291950.95
552.3 -4.5 15.0 1.0 0.0 0.0 0.0
1435291950.98
552.1 -4.5 15.0 1.0 0.0 0.0 0.0
1435291951.01
552.0 -4.5 15.0 1.0 0.0 0.0 0.0
1435291951.04
551.8 -4.5 15.0 1.0 0.0 0.0 0.0
1435291951.07
551.7 -4.4 15.0 1.0 0.0 0.0 0.0
1435291951.1
551.6 -4.4 15.0 1.0 0.0 0.0 0.0
1435291951.13
551.6 -4.4 15.0 1.0 0.0 0.0 0.0
1435291951.16
551.7 -4.4 15.0 1.0 0.0 0.0 0.0
1435291951.19
551.8 -4.3 15.0 1.0 0.0 0.0 0.0
1435291951.22
552.0 -4.2 15.0 1.0 0.0 0.0 0.0
1435291951.25
552.1 -4.2 15.0 1.0 0.0 0.0 0.0
1435291951.28
552.2 -4.1 15.0 1.0 0.0 0.0 0.0
1435291951.32
552.4 -4.0 15.0 1.0 0.0 0.0 0.0
1435291951.34
552.5 -3.9 15.0 1.0 0.0 0.0 0.0
1435291951.37
552.6 -3.8 15.0 1.0 0.0 0.0 0.0
1435291951.4
552.8 -3.7 15.0 1.0 0.0 0.0 0.0
1435291951.44
552.9 -3.7 15.0 1.0 0.0 0.0 0.0
1435291951.46
553.0 -3.6 15.0 1.0 0.0 0.0 0.0
1435291951.5
553.1 -3.5 15.0 1.0 0.0 0.0 0.0
1435291951.52
553.3 -3.4 15.0 1.0 0.0 0.0 0.0
1435291951.56
553.4 -3.3 15.0 1.0 0.0 0.0 0.0
1435291951.58
553.5 -3.3 15.0 1.0 0.0 0.0 0.0
1435291951.61
553.6 -3.2 15.0 1.0 0.0 0.0 0.0
1435291951.64
553.8 -3.1 15.0 1.0 0.0 0.0 0.0
1435291951.67
553.9 -3.1 15.0 1.0 0.0 0.0 0.0
1435291951.7
554.1 -3.0 15.0 1.0 0.0 0.0 0.0
1435291951.73
554.2 -2.9 15.0 1.0 0.0 0.0 0.0
1435291951.77
554.3 -2.8 15.0 1.0 0.0 0.0 0.0
1435291951.8
554.5 -2.8 15.0 1.0 0.0 0.0 0.0
1435291951.83
554.6 -2.7 15.0 1.0 0.0 0.0 0.0
1435291951.86
554.7 -2.6 15.0 1.0 0.0 0.0 0.0
1435291951.89
554.9 -2.5 15.0 1.0 0.0 0.0 0.0
1435291951.92
555.0 -2.5 15.0 1.0 0.0 0.0 0.0
1435291951.95
555.1 -2.4 15.0 1.0 0.0 0.0 0.0
1435291951.98
555.2 -2.3 15.0 1.0 0.0 0.0 0.0
1435291952.01
555.4 -2.2 15.0 1.0 0.0 0.0 0.0
1435291952.04
555.5 -2.1 15.0 1.0 0.0 0.0 0.0
1435291952.07
555.6 -2.1 15.0 1.0 0.0 0.0 0.0
1435291952.1
555.8 -2.0 15.0 1.0 0.0 0.0 0.0
1435291952.13
555.9 -1.9 15.0 1.0 0.0 0.0 0.0
1435291952.16
556.0 -1.8 15.0 1.0 0.0 0.0 0.0
1435291952.19
556.2 -1.8 15.0 1.0 0.0 0.0 0.0
1435291952.22
556.3 -1.7 15.0 1.0 0.0 0.0 0.0
1435291952.25
556.4 -1.6 15.0 1.0 0.0 0.0 0.0
1435291952.28
556.5 -1.6 15.0 1.0 0.0 0.0 0.0
1435291952.31
556.7 -1.5 15.0 1.0 0.0 0.0 0.0
1435291952.34
556.8 -1.4 15.0 1.0 0.0 0.0 0.0
1435291952.37
556.9 -1.3 15.0 1.0 0.0 0.0 0.0
1435291952.4
557.0 -1.3 15.0 1.0 0.0 0.0 0.0
1435291952.43
557.2 -1.2 15.0 1.0 0.0 0.0 0.0
1435291952.46
557.3 -1.1 15.0 1.0 0.0 0.0 0.0
1435291952.49
557.5 -1.0 15.0 1.0 0.0 0.0 0.0
1435291952.52
557.6 -1.0 15.0 1.0 0.0 0.0 0.0
1435291952.55
557.7 -0.9 15.0 1.0 0.0 0.0 0.0
1435291952.58
557.8 -0.8 15.0 1.0 0.0 0.0 0.0
1435291952.61
558.0 -0.7 15.0 1.0 0.0 0.0 0.0
1435291952.64
558.1 -0.6 15.0 1.0 0.0 0.0 0.0
1435291952.67
558.2 -0.6 15.0 1.0 0.0 0.0 0.0
1435291952.7
558.3 -0.5 15.0 1.0 0.0 0.0 0.0
1435291952.73
558.5 -0.4 15.0 1.0 0.0 0.0 0.0
1435291952.76
558.6 -0.3 15.0 1.0 0.0 0.0 0.0
1435291952.79
558.8 -0.3 15.0 1.0 0.0 0.0 0.0
1435291952.82
558.9 -0.2 15.0 1.0 0.0 0.0 0.0
1435291952.85
559.0 -0.1 15.0 1.0 0.0 0.0 0.0
1435291952.88
559.1 0.0 15.0 1.0 0.0 0.0 0.0
1435291952.91
559.3 0.0 15.0 1.0 0.0 0.0 0.0
1435291952.94
559.4 0.1 15.0 1.0 0.0 0.0 0.0
1435291952.97
559.5 0.2 15.0 1.0 0.0 0.0 0.0
1435291953.0
559.7 0.3 15.0 1.0 0.0 0.0 0.0
1435291953.03
559.8 0.3 15.0 1.0 0.0 0.0 0.0
1435291953.06
559.9 0.4 15.0 1.0 0.0 0.0 0.0
1435291953.09
560.1 0.5 15.0 1.0 0.0 0.0 0.0
1435291953.12
560.2 0.6 15.0 1.0 0.0 0.0 0.0
1435291953.15
560.3 0.6 15.0 1.0 0.0 0.0 0.0
1435291953.18
560.4 0.7 15.0 1.0 0.0 0.0 0.0
1435291953.21
560.6 0.8 15.0 1.0 0.0 0.0 0.0
1435291953.24
560.6 0.8 15.0 1.0 0.0 0.0 0.0
1435291953.27
560.6 0.8 15.0 1.0 0.0 0.0 0.0
1435291953.3
560.6 0.8 15.0 1.0 0.0 0.0 0.0
1435291953.33
560.6 0.8 15.0 1.0 0.0 0.0 0.0
1435291953.37
560.6 0.8 15.0 1.0 0.0 0.0 0.0
1435291953.39
560.6 0.8 15.0 1.0 0.0 0.0 0.0
1435291953.42
560.6 0.8 15.0 1.0 0.0 0.0 0.0
1435291953.45
560.6 0.8 15.0 1.0 0.0 0.0 0.0
1435291953.49
560.6 0.8 15.0 1.0 0.0 0.0 0.0
1435291953.51
560.6 0.8 15.0 1.0 0.0 0.0 0.0
1435291953.54
560.6 0.8 15.0 1.0 0.0 0.0 0.0
1435291953.57
560.6 0.8 15.0 1.0 0.0 0.0 0.0
1435291953.6
560.6 0.8 15.0 1.0 0.0 0.0 0.0
1435291953.63
560.6 0.8 15.0 1.0 0.0 0.0 0.0
1435291953.67
560.6 0.8 15.0 1.0 0.0 0.0 0.0
1435291953.69
560.6 0.8 15.0 1.0 0.0 0.0 0.0
1435291953.73
560.6 0.8 15.0 1.0 0.0 0.0 0.0
1435291953.76
560.6 0.8 15.0 1.0 0.0 0.0 0.0
1435291953.79
560.6 0.8 15.0 1.0 0.0 0.0 0.0
1435291953.82
560.6 0.8 15.0 1.0 0.0 0.0 0.0
1435291953.85
560.6 0.8 15.0 1.0 0.0 0.0 0.0
1435291953.88
560.6 0.8 15.0 1.0 0.0 0.0 0.0
1435291953.91
560.6 0.8 15.0 1.0 0.0 0.0 0.0
1435291953.94
560.6 0.8 15.0 1.0 0.0 0.0 0.0
1435291953.97
560.5 0.7 15.0 1.0 0.0 0.0 0.0
1435291954.0
560.4 0.7 15.0 1.0 0.0 0.0 0.0
1435291954.03
560.3 0.6 15.0 1.0 0.0 0.0 0.0
1435291954.06
560.2 0.6 15.0 1.0 0.0 0.0 0.0
1435291954.09
560.1 0.5 15.0 1.0 0.0 0.0 0.0
1435291954.12
560.2 0.5 15.0 1.0 0.0 0.0 0.0
1435291954.15
560.2 0.5 15.0 1.0 0.0 0.0 0.0
1435291954.18
560.3 0.5 15.0 1.0 0.0 0.0 0.0
1435291954.21
560.5 0.6 15.0 1.0 0.0 0.0 0.0
1435291954.24
560.6 0.6 15.0 1.0 0.0 0.0 0.0
1435291954.27
560.7 0.7 15.0 1.0 0.0 0.0 0.0
1435291954.3
560.8 0.7 15.0 1.0 0.0 0.0 0.0
1435291954.33
561.0 0.8 15.0 1.0 0.0 0.0 0.0
1435291954.36
561.1 0.9 15.0 1.0 0.0 0.0 0.0
1435291954.39
561.3 0.9 15.0 1.0 0.0 0.0 0.0
1435291954.42
561.4 1.0 15.0 1.0 0.0 0.0 0.0
1435291954.45
561.5 1.1 15.0 1.0 0.0 0.0 0.0
1435291954.48
561.7 1.1 15.0 1.0 0.0 0.0 0.0
1435291954.51
561.8 1.2 15.0 1.0 0.0 0.0 0.0
1435291954.54
561.9 1.3 15.0 1.0 0.0 0.0 0.0
1435291954.57
562.1 1.3 15.0 1.0 0.0 0.0 0.0
1435291954.6
562.2 1.4 15.0 1.0 0.0 0.0 0.0
1435291954.63
562.4 1.4 15.0 1.0 0.0 0.0 0.0
1435291954.66
562.5 1.5 15.0 1.0 0.0 0.0 0.0
1435291954.69
562.6 1.6 15.0 1.0 0.0 0.0 0.0
1435291954.72
562.8 1.6 15.0 1.0 0.0 0.0 0.0
1435291954.75
562.9 1.7 15.0 1.0 0.0 0.0 0.0
1435291954.78
563.1 1.7 15.0 1.0 0.0 0.0 0.0
1435291954.81
563.2 1.8 15.0 1.0 0.0 0.0 0.0
1435291954.84
563.3 1.9 15.0 1.0 0.0 0.0 0.0
1435291954.87
563.5 1.9 15.0 1.0 0.0 0.0 0.0
1435291954.91
563.6 2.0 15.0 1.0 0.0 0.0 0.0
1435291954.93
563.7 2.1 15.0 1.0 0.0 0.0 0.0
1435291954.97
563.9 2.1 15.0 1.0 0.0 0.0 0.0
1435291954.99
564.0 2.2 15.0 1.0 0.0 0.0 0.0
1435291955.03
564.2 2.2 15.0 1.0 0.0 0.0 0.0
1435291955.06
564.3 2.3 15.0 1.0 0.0 0.0 0.0
1435291955.09
564.4 2.4 15.0 1.0 0.0 0.0 0.0
1435291955.12
564.6 2.4 15.0 1.0 0.0 0.0 0.0
1435291955.15
564.7 2.5 15.0 1.0 0.0 0.0 0.0
1435291955.18
564.9 2.6 15.0 1.0 0.0 0.0 0.0
1435291955.21
565.0 2.6 15.0 1.0 0.0 0.0 0.0
1435291955.24
565.1 2.7 15.0 1.0 0.0 0.0 0.0
1435291955.27
565.3 2.7 15.0 1.0 0.0 0.0 0.0
1435291955.3
565.4 2.8 15.0 1.0 0.0 0.0 0.0
1435291955.33
565.5 2.8 15.0 1.0 0.0 0.0 0.0
1435291955.36
565.7 2.9 15.0 1.0 0.0 0.0 0.0
1435291955.39
565.8 3.0 15.0 1.0 0.0 0.0 0.0
1435291955.42
566.0 3.0 15.0 1.0 0.0 0.0 0.0
1435291955.45
566.1 3.1 15.0 1.0 0.0 0.0 0.0
1435291955.48
566.2 3.2 15.0 1.0 0.0 0.0 0.0
1435291955.51
566.4 3.2 15.0 1.0 0.0 0.0 0.0
1435291955.54
566.5 3.3 15.0 1.0 0.0 0.0 0.0
1435291955.57
566.6 3.3 15.0 1.0 0.0 0.0 0.0
1435291955.6
566.8 3.4 15.0 1.0 0.0 0.0 0.0
1435291955.63
566.9 3.5 15.0 1.0 0.0 0.0 0.0
1435291955.66
567.1 3.5 15.0 1.0 0.0 0.0 0.0
1435291955.69
567.2 3.6 15.0 1.0 0.0 0.0 0.0
1435291955.72
567.3 3.6 15.0 1.0 0.0 0.0 0.0
1435291955.75
567.5 3.7 15.0 1.0 0.0 0.0 0.0
1435291955.78
567.6 3.8 15.0 1.0 0.0 0.0 0.0
1435291955.81
567.8 3.8 15.0 1.0 0.0 0.0 0.0
1435291955.84
567.9 3.9 15.0 1.0 0.0 0.0 0.0
1435291955.87
568.0 4.0 15.0 1.0 0.0 0.0 0.0
1435291955.9
568.2 4.0 15.0 1.0 0.0 0.0 0.0
1435291955.94
568.3 4.1 15.0 1.0 0.0 0.0 0.0
1435291955.96
568.5 4.1 15.0 1.0 0.0 0.0 0.0
1435291956.0
568.6 4.2 15.0 1.0 0.0 0.0 0.0
1435291956.02
568.7 4.3 15.0 1.0 0.0 0.0 0.0
1435291956.06
568.9 4.3 15.0 1.0 0.0 0.0 0.0
1435291956.08
569.0 4.4 15.0 1.0 0.0 0.0 0.0
1435291956.12
569.1 4.4 15.0 1.0 0.0 0.0 0.0
1435291956.14
569.3 4.5 15.0 1.0 0.0 0.0 0.0
1435291956.18
569.4 4.6 15.0 1.0 0.0 0.0 0.0
1435291956.2
569.6 4.6 15.0 1.0 0.0 0.0 0.0
1435291956.24
569.7 4.7 15.0 1.0 0.0 0.0 0.0
1435291956.27
569.8 4.7 15.0 1.0 0.0 0.0 0.0
1435291956.3
570.0 4.8 15.0 1.0 0.0 0.0 0.0
1435291956.33
570.1 4.9 15.0 1.0 0.0 0.0 0.0
1435291956.36
570.2 4.9 15.0 1.0 0.0 0.0 0.0
1435291956.39
570.4 5.0 15.0 1.0 0.0 0.0 0.0
1435291956.42
570.5 5.0 15.0 1.0 0.0 0.0 0.0
1435291956.45
570.7 5.1 15.0 1.0 0.0 0.0 0.0
1435291956.48
570.8 5.2 15.0 1.0 0.0 0.0 0.0
1435291956.51
570.9 5.2 15.0 1.0 0.0 0.0 0.0
1435291956.54
571.1 5.3 15.0 1.0 0.0 0.0 0.0
1435291956.57
571.2 5.4 15.0 1.0 0.0 0.0 0.0
1435291956.6
571.3 5.4 15.0 1.0 0.0 0.0 0.0
1435291956.63
571.5 5.5 15.0 1.0 0.0 0.0 0.0
1435291956.66
571.6 5.5 15.0 1.0 0.0 0.0 0.0
1435291956.69
571.8 5.6 15.0 1.0 0.0 0.0 0.0
1435291956.72
571.9 5.7 15.0 1.0 0.0 0.0 0.0
1435291956.75
572.0 5.7 15.0 1.0 0.0 0.0 0.0
1435291956.78
572.2 5.8 15.0 1.0 0.0 0.0 0.0
1435291956.81
572.3 5.8 15.0 1.0 0.0 0.0 0.0
1435291956.84
572.5 5.9 15.0 1.0 0.0 0.0 0.0
1435291956.87
572.6 6.0 15.0 1.0 0.0 0.0 0.0
1435291956.9
572.7 6.0 15.0 1.0 0.0 0.0 0.0
1435291956.93
572.9 6.1 15.0 1.0 0.0 0.0 0.0
1435291956.97
573.0 6.1 15.0 1.0 0.0 0.0 0.0
1435291956.99
573.1 6.2 15.0 1.0 0.0 0.0 0.0
1435291957.03
573.3 6.3 15.0 1.0 0.0 0.0 0.0
1435291957.05
573.4 6.3 15.0 1.0 0.0 0.0 0.0
1435291957.09
573.6 6.4 15.0 1.0 0.0 0.0 0.0
1435291957.11
573.7 6.4 15.0 1.0 0.0 0.0 0.0
1435291957.15
573.9 6.5 15.0 1.0 0.0 0.0 0.0
1435291957.17
574.0 6.6 15.0 1.0 0.0 0.0 0.0
1435291957.21
574.1 6.6 15.0 1.0 0.0 0.0 0.0
1435291957.24
574.3 6.7 15.0 1.0 0.0 0.0 0.0
1435291957.26
574.4 6.8 15.0 1.0 0.0 0.0 0.0
1435291957.3
574.6 6.8 15.0 1.0 0.0 0.0 0.0
1435291957.33
574.7 6.9 15.0 1.0 0.0 0.0 0.0
1435291957.36
574.8 7.0 15.0 1.0 0.0 0.0 0.0
1435291957.39
575.0 7.0 15.0 1.0 0.0 0.0 0.0
1435291957.42
575.1 7.1 15.0 1.0 0.0 0.0 0.0
1435291957.45
575.2 7.1 15.0 1.0 0.0 0.0 0.0
1435291957.48
575.4 7.2 15.0 1.0 0.0 0.0 0.0
1435291957.51
575.5 7.3 15.0 1.0 0.0 0.0 0.0
1435291957.54
575.7 7.3 15.0 1.0 0.0 0.0 0.0
1435291957.57
575.8 7.4 15.0 1.0 0.0 0.0 0.0
1435291957.6
575.9 7.4 15.0 1.0 0.0 0.0 0.0
1435291957.63
576.1 7.5 15.0 1.0 0.0 0.0 0.0
1435291957.66
576.2 7.6 15.0 1.0 0.0 0.0 0.0
1435291957.69
576.3 7.6 15.0 1.0 0.0 0.0 0.0
1435291957.72
576.3 7.6 15.0 1.0 0.0 0.0 0.0
1435291957.75
576.3 7.6 15.0 1.0 0.0 0.0 0.0
1435291957.78
576.3 7.6 15.0 1.0 0.0 0.0 0.0
1435291957.81
576.3 7.6 15.0 1.0 0.0 0.0 0.0
1435291957.84
576.3 7.6 15.0 1.0 0.0 0.0 0.0
1435291957.87
576.3 7.6 15.0 1.0 0.0 0.0 0.0
1435291957.9
576.3 7.6 15.0 1.0 0.0 0.0 0.0
1435291957.93
576.3 7.6 15.0 1.0 0.0 0.0 0.0
1435291957.96
576.3 7.6 15.0 1.0 0.0 0.0 0.0
1435291957.99
576.3 7.6 15.0 1.0 0.0 0.0 0.0
1435291958.02
576.3 7.6 15.0 1.0 0.0 0.0 0.0
1435291958.05
576.3 7.6 15.0 1.0 0.0 0.0 0.0
1435291958.08
576.3 7.6 15.0 1.0 0.0 0.0 0.0
1435291958.11
576.3 7.6 15.0 1.0 0.0 0.0 0.0
1435291958.14
576.3 7.6 15.0 1.0 0.0 0.0 0.0
1435291958.17
576.3 7.6 15.0 1.0 0.0 0.0 0.0
1435291958.2
576.3 7.6 15.0 1.0 0.0 0.0 0.0
1435291958.23
576.3 7.6 15.0 1.0 0.0 0.0 0.0
1435291958.27
576.3 7.6 15.0 1.0 0.0 0.0 0.0
1435291958.3
576.3 7.6 15.0 1.0 0.0 0.0 0.0
1435291958.33
576.3 7.6 15.0 1.0 0.0 0.0 0.0
1435291958.36
576.3 7.6 15.0 1.0 0.0 0.0 0.0
1435291958.39
576.2 7.6 15.0 1.0 0.0 0.0 0.0
1435291958.42
576.1 7.6 15.0 1.0 0.0 0.0 0.0
1435291958.45
576.0 7.6 15.0 1.0 0.0 0.0 0.0
1435291958.48
575.8 7.5 15.0 1.0 0.0 0.0 0.0
1435291958.51
575.7 7.5 15.0 1.0 0.0 0.0 0.0
1435291958.54
575.5 7.4 15.0 1.0 0.0 0.0 0.0
1435291958.57
575.4 7.3 15.0 1.0 0.0 0.0 0.0
1435291958.6
575.3 7.3 15.0 1.0 0.0 0.0 0.0
1435291958.63
575.2 7.2 15.0 1.0 0.0 0.0 0.0
1435291958.66
575.1 7.2 15.0 1.0 0.0 0.0 0.0
1435291958.69
575.2 7.2 15.0 1.0 0.0 0.0 0.0
1435291958.72
575.2 7.2 15.0 1.0 0.0 0.0 0.0
1435291958.75
575.4 7.3 15.0 1.0 0.0 0.0 0.0
1435291958.78
575.5 7.3 15.0 1.0 0.0 0.0 0.0
1435291958.81
575.6 7.5 15.0 1.0 0.0 0.0 0.0
1435291958.85
575.7 7.6 15.0 1.0 0.0 0.0 0.0
1435291958.87
575.8 7.7 15.0 1.0 0.0 0.0 0.0
1435291958.91
576.0 7.8 15.0 1.0 0.0 0.0 0.0
1435291958.93
576.1 7.9 15.0 1.0 0.0 0.0 0.0
1435291958.97
576.2 8.0 15.0 1.0 0.0 0.0 0.0
1435291958.99
576.3 8.1 15.0 1.0 0.0 0.0 0.0
1435291959.03
576.4 8.2 15.0 1.0 0.0 0.0 0.0
1435291959.06
576.6 8.3 15.0 1.0 0.0 0.0 0.0
1435291959.09
576.7 8.3 15.0 1.0 0.0 0.0 0.0
1435291959.11
576.8 8.5 15.0 1.0 0.0 0.0 0.0
1435291959.15
576.9 8.5 15.0 1.0 0.0 0.0 0.0
1435291959.17
577.0 8.6 15.0 1.0 0.0 0.0 0.0
1435291959.21
577.2 8.7 15.0 1.0 0.0 0.0 0.0
1435291959.24
577.3 8.8 15.0 1.0 0.0 0.0 0.0
1435291959.27
577.4 8.9 15.0 1.0 0.0 0.0 0.0
1435291959.3
577.5 9.0 15.0 1.0 0.0 0.0 0.0
1435291959.33
577.6 9.1 15.0 1.0 0.0 0.0 0.0
1435291959.36
577.8 9.2 15.0 1.0 0.0 0.0 0.0
1435291959.39
577.9 9.3 15.0 1.0 0.0 0.0 0.0
1435291959.42
578.0 9.4 15.0 1.0 0.0 0.0 0.0
1435291959.45
578.1 9.4 15.0 1.0 0.0 0.0 0.0
1435291959.48
578.3 9.5 15.0 1.0 0.0 0.0 0.0
1435291959.51
578.4 9.6 15.0 1.0 0.0 0.0 0.0
1435291959.54
578.5 9.7 15.0 1.0 0.0 0.0 0.0
1435291959.57
578.6 9.8 15.0 1.0 0.0 0.0 0.0
1435291959.6
578.7 9.9 15.0 1.0 0.0 0.0 0.0
1435291959.63
578.8 10.0 15.0 1.0 0.0 0.0 0.0
1435291959.66
579.0 10.1 15.0 1.0 0.0 0.0 0.0
1435291959.69
579.1 10.2 15.0 1.0 0.0 0.0 0.0
1435291959.72
579.2 10.3 15.0 1.0 0.0 0.0 0.0
1435291959.75
579.3 10.4 15.0 1.0 0.0 0.0 0.0
1435291959.78
579.5 10.5 15.0 1.0 0.0 0.0 0.0
1435291959.81
579.6 10.5 15.0 1.0 0.0 0.0 0.0
1435291959.84
579.7 10.6 15.0 1.0 0.0 0.0 0.0
1435291959.87
579.8 10.7 15.0 1.0 0.0 0.0 0.0
1435291959.9
579.9 10.8 15.0 1.0 0.0 0.0 0.0
1435291959.93
580.0 10.9 15.0 1.0 0.0 0.0 0.0
1435291959.96
580.2 11.0 15.0 1.0 0.0 0.0 0.0
1435291959.99
580.3 11.1 15.0 1.0 0.0 0.0 0.0
1435291960.02
580.4 11.2 15.0 1.0 0.0 0.0 0.0
1435291960.05
580.5 11.3 15.0 1.0 0.0 0.0 0.0
1435291960.08
580.7 11.4 15.0 1.0 0.0 0.0 0.0
1435291960.11
580.8 11.5 15.0 1.0 0.0 0.0 0.0
1435291960.14
580.9 11.6 15.0 1.0 0.0 0.0 0.0
1435291960.18
581.0 11.6 15.0 1.0 0.0 0.0 0.0
1435291960.2
581.1 11.7 15.0 1.0 0.0 0.0 0.0
1435291960.23
581.3 11.8 15.0 1.0 0.0 0.0 0.0
1435291960.27
581.4 11.9 15.0 1.0 0.0 0.0 0.0
1435291960.3
581.5 12.0 15.0 1.0 0.0 0.0 0.0
1435291960.33
581.6 12.1 15.0 1.0 0.0 0.0 0.0
1435291960.36
581.8 12.2 15.0 1.0 0.0 0.0 0.0
1435291960.39
581.9 12.3 15.0 1.0 0.0 0.0 0.0
1435291960.42
582.0 12.4 15.0 1.0 0.0 0.0 0.0
1435291960.45
582.1 12.4 15.0 1.0 0.0 0.0 0.0
1435291960.48
582.2 12.5 15.0 1.0 0.0 0.0 0.0
1435291960.51
582.4 12.6 15.0 1.0 0.0 0.0 0.0
1435291960.54
582.5 12.7 15.0 1.0 0.0 0.0 0.0
1435291960.57
582.6 12.8 15.0 1.0 0.0 0.0 0.0
1435291960.6
582.7 12.9 15.0 1.0 0.0 0.0 0.0
1435291960.63
582.9 13.0 15.0 1.0 0.0 0.0 0.0
1435291960.66
583.0 13.1 15.0 1.0 0.0 0.0 0.0
1435291960.69
583.1 13.2 15.0 1.0 0.0 0.0 0.0
1435291960.72
583.2 13.3 15.0 1.0 0.0 0.0 0.0
1435291960.75
583.3 13.4 15.0 1.0 0.0 0.0 0.0
1435291960.78
583.4 13.5 15.0 1.0 0.0 0.0 0.0
1435291960.81
583.6 13.6 15.0 1.0 0.0 0.0 0.0
1435291960.84
583.7 13.6 15.0 1.0 0.0 0.0 0.0
1435291960.87
583.8 13.7 15.0 1.0 0.0 0.0 0.0
1435291960.9
583.9 13.8 15.0 1.0 0.0 0.0 0.0
1435291960.93
584.1 13.9 15.0 1.0 0.0 0.0 0.0
1435291960.96
584.2 14.0 15.0 1.0 0.0 0.0 0.0
1435291960.99
584.3 14.1 15.0 1.0 0.0 0.0 0.0
1435291961.02
584.4 14.2 15.0 1.0 0.0 0.0 0.0
1435291961.05
584.5 14.3 15.0 1.0 0.0 0.0 0.0
1435291961.08
584.6 14.3 15.0 1.0 0.0 0.0 0.0
1435291961.11
584.8 14.4 15.0 1.0 0.0 0.0 0.0
1435291961.14
584.9 14.5 15.0 1.0 0.0 0.0 0.0
1435291961.17
585.0 14.6 15.0 1.0 0.0 0.0 0.0
1435291961.2
585.1 14.7 15.0 1.0 0.0 0.0 0.0
1435291961.23
585.2 14.8 15.0 1.0 0.0 0.0 0.0
1435291961.26
585.3 14.9 15.0 1.0 0.0 0.0 0.0
1435291961.29
585.5 15.0 15.0 1.0 0.0 0.0 0.0
1435291961.32
585.6 15.1 15.0 1.0 0.0 0.0 0.0
1435291961.35
585.7 15.2 15.0 1.0 0.0 0.0 0.0
1435291961.38
585.8 15.2 15.0 1.0 0.0 0.0 0.0
1435291961.41
586.0 15.3 15.0 1.0 0.0 0.0 0.0
1435291961.44
586.1 15.4 15.0 1.0 0.0 0.0 0.0
1435291961.47
586.2 15.5 15.0 1.0 0.0 0.0 0.0
1435291961.5
586.3 15.6 15.0 1.0 0.0 0.0 0.0
1435291961.53
586.4 15.7 15.0 1.0 0.0 0.0 0.0
1435291961.56
586.6 15.8 15.0 1.0 0.0 0.0 0.0
1435291961.59
586.7 15.9 15.0 1.0 0.0 0.0 0.0
1435291961.62
586.8 16.0 15.0 1.0 0.0 0.0 0.0
1435291961.65
586.9 16.1 15.0 1.0 0.0 0.0 0.0
1435291961.68
587.0 16.2 15.0 1.0 0.0 0.0 0.0
1435291961.71
587.2 16.3 15.0 1.0 0.0 0.0 0.0
1435291961.74
587.3 16.4 15.0 1.0 0.0 0.0 0.0
1435291961.77
587.4 16.5 15.0 1.0 0.0 0.0 0.0
1435291961.8
587.5 16.5 15.0 1.0 0.0 0.0 0.0
1435291961.83
587.7 16.6 15.0 1.0 0.0 0.0 0.0
1435291961.86
587.8 16.7 15.0 1.0 0.0 0.0 0.0
1435291961.89
587.9 16.8 15.0 1.0 0.0 0.0 0.0
1435291961.92
588.0 16.9 15.0 1.0 0.0 0.0 0.0
1435291961.95
588.1 17.0 15.0 1.0 0.0 0.0 0.0
1435291961.98
588.3 17.1 15.0 1.0 0.0 0.0 0.0
1435291962.01
588.4 17.2 15.0 1.0 0.0 0.0 0.0
1435291962.04
588.5 17.2 15.0 1.0 0.0 0.0 0.0
1435291962.07
588.6 17.3 15.0 1.0 0.0 0.0 0.0
1435291962.1
588.7 17.4 15.0 1.0 0.0 0.0 0.0
1435291962.13
588.9 17.5 15.0 1.0 0.0 0.0 0.0
1435291962.16
589.0 17.6 15.0 1.0 0.0 0.0 0.0
1435291962.19
589.1 17.7 15.0 1.0 0.0 0.0 0.0
1435291962.23
589.2 17.8 15.0 1.0 0.0 0.0 0.0
1435291962.26
589.4 17.9 15.0 1.0 0.0 0.0 0.0
1435291962.29
589.5 18.0 15.0 1.0 0.0 0.0 0.0
1435291962.31
589.6 18.1 15.0 1.0 0.0 0.0 0.0
1435291962.35
589.7 18.2 15.0 1.0 0.0 0.0 0.0
1435291962.38
589.8 18.3 15.0 1.0 0.0 0.0 0.0
1435291962.41
589.9 18.4 15.0 1.0 0.0 0.0 0.0
1435291962.44
590.1 18.5 15.0 1.0 0.0 0.0 0.0
1435291962.47
590.2 18.5 15.0 1.0 0.0 0.0 0.0
1435291962.5
590.3 18.6 15.0 1.0 0.0 0.0 0.0
1435291962.53
590.4 18.7 15.0 1.0 0.0 0.0 0.0
1435291962.56
590.6 18.8 15.0 1.0 0.0 0.0 0.0
1435291962.59
590.7 18.9 15.0 1.0 0.0 0.0 0.0
1435291962.62
590.8 19.0 15.0 1.0 0.0 0.0 0.0
1435291962.65
590.9 19.1 15.0 1.0 0.0 0.0 0.0
1435291962.68
591.0 19.2 15.0 1.0 0.0 0.0 0.0
1435291962.71
591.2 19.3 15.0 1.0 0.0 0.0 0.0
1435291962.74
591.3 19.4 15.0 1.0 0.0 0.0 0.0
1435291962.77
591.4 19.5 15.0 1.0 0.0 0.0 0.0
1435291962.8
591.5 19.6 15.0 1.0 0.0 0.0 0.0
1435291962.84
591.7 19.6 15.0 1.0 0.0 0.0 0.0
1435291962.87
591.8 19.7 15.0 1.0 0.0 0.0 0.0
1435291962.9
591.9 19.8 15.0 1.0 0.0 0.0 0.0
1435291962.93
592.0 19.9 15.0 1.0 0.0 0.0 0.0
1435291962.96
592.1 20.0 15.0 1.0 0.0 0.0 0.0
1435291962.99
592.3 20.1 15.0 1.0 0.0 0.0 0.0
1435291963.02
592.4 20.2 15.0 1.0 0.0 0.0 0.0
1435291963.05
592.5 20.3 15.0 1.0 0.0 0.0 0.0
1435291963.08
592.6 20.4 15.0 1.0 0.0 0.0 0.0
1435291963.11
592.8 20.5 15.0 1.0 0.0 0.0 0.0
1435291963.14
592.9 20.5 15.0 1.0 0.0 0.0 0.0
1435291963.17
593.0 20.6 15.0 1.0 0.0 0.0 0.0
1435291963.2
593.1 20.7 15.0 1.0 0.0 0.0 0.0
1435291963.23
593.2 20.8 15.0 1.0 0.0 0.0 0.0
1435291963.26
593.3 20.9 15.0 1.0 0.0 0.0 0.0
1435291963.29
593.5 21.0 15.0 1.0 0.0 0.0 0.0
1435291963.32
593.6 21.1 15.0 1.0 0.0 0.0 0.0
1435291963.35
593.7 21.2 15.0 1.0 0.0 0.0 0.0
1435291963.38
593.8 21.3 15.0 1.0 0.0 0.0 0.0
1435291963.41
594.0 21.4 15.0 1.0 0.0 0.0 0.0
1435291963.44
594.1 21.5 15.0 1.0 0.0 0.0 0.0
1435291963.47
594.2 21.6 15.0 1.0 0.0 0.0 0.0
1435291963.5
594.3 21.6 15.0 1.0 0.0 0.0 0.0
1435291963.53
594.4 21.7 15.0 1.0 0.0 0.0 0.0
1435291963.56
594.5 21.8 15.0 1.0 0.0 0.0 0.0
1435291963.59
594.7 21.9 15.0 1.0 0.0 0.0 0.0
1435291963.62
594.8 22.0 15.0 1.0 0.0 0.0 0.0
1435291963.65
594.9 22.1 15.0 1.0 0.0 0.0 0.0
1435291963.68
595.0 22.2 15.0 1.0 0.0 0.0 0.0
1435291963.71
595.2 22.2 15.0 1.0 0.0 0.0 0.0
1435291963.74
595.2 22.3 15.0 1.0 0.0 0.0 0.0
1435291963.77
595.2 22.3 15.0 1.0 0.0 0.0 0.0
1435291963.8
595.2 22.3 15.0 1.0 0.0 0.0 0.0
1435291963.83
595.2 22.3 15.0 1.0 0.0 0.0 0.0
1435291963.86
595.2 22.3 15.0 1.0 0.0 0.0 0.0
1435291963.89
595.2 22.3 15.0 1.0 0.0 0.0 0.0
1435291963.92
595.2 22.3 15.0 1.0 0.0 0.0 0.0
1435291963.95
595.2 22.3 15.0 1.0 0.0 0.0 0.0
1435291963.98
595.2 22.3 15.0 1.0 0.0 0.0 0.0
1435291964.02
595.2 22.3 15.0 1.0 0.0 0.0 0.0
1435291964.05
595.2 22.3 15.0 1.0 0.0 0.0 0.0
1435291964.08
595.2 22.3 15.0 1.0 0.0 0.0 0.0
1435291964.11
595.2 22.3 15.0 1.0 0.0 0.0 0.0
1435291964.14
595.2 22.3 15.0 1.0 0.0 0.0 0.0
1435291964.17
595.2 22.3 15.0 1.0 0.0 0.0 0.0
1435291964.2
595.2 22.3 15.0 1.0 0.0 0.0 0.0
1435291964.23
595.2 22.3 15.0 1.0 0.0 0.0 0.0
1435291964.26
595.2 22.3 15.0 1.0 0.0 0.0 0.0
1435291964.29
595.2 22.3 15.0 1.0 0.0 0.0 0.0
1435291964.32
595.2 22.3 15.0 1.0 0.0 0.0 0.0
1435291964.36
595.2 22.3 15.0 1.0 0.0 0.0 0.0
1435291964.38
595.2 22.3 15.0 1.0 0.0 0.0 0.0
1435291964.41
595.2 22.3 15.0 1.0 0.0 0.0 0.0
1435291964.45
595.1 22.3 15.0 1.0 0.0 0.0 0.0
1435291964.48
595.0 22.2 15.0 1.0 0.0 0.0 0.0
1435291964.51
594.9 22.1 15.0 1.0 0.0 0.0 0.0
1435291964.54
594.7 22.0 15.0 1.0 0.0 0.0 0.0
1435291964.57
594.6 21.9 15.0 1.0 0.0 0.0 0.0
1435291964.6
594.5 21.8 15.0 1.0 0.0 0.0 0.0
1435291964.63
594.4 21.7 15.0 1.0 0.0 0.0 0.0
1435291964.66
594.3 21.6 15.0 1.0 0.0 0.0 0.0
1435291964.69
594.2 21.5 15.0 1.0 0.0 0.0 0.0
1435291964.72
594.0 21.4 15.0 1.0 0.0 0.0 0.0
1435291964.75
593.9 21.3 15.0 1.0 0.0 0.0 0.0
1435291964.78
593.8 21.2 15.0 1.0 0.0 0.0 0.0
1435291964.81
593.8 21.1 15.0 1.0 0.0 0.0 0.0
1435291964.84
593.8 20.9 15.0 1.0 0.0 0.0 0.0
1435291964.87
593.8 20.8 15.0 1.0 0.0 0.0 0.0
1435291964.9
593.8 20.7 15.0 1.0 0.0 0.0 0.0
1435291964.93
593.9 20.5 15.0 1.0 0.0 0.0 0.0
1435291964.96
593.9 20.4 15.0 1.0 0.0 0.0 0.0
1435291964.99
593.9 20.2 15.0 1.0 0.0 0.0 0.0
1435291965.02
594.0 20.1 15.0 1.0 0.0 0.0 0.0
1435291965.05
594.0 19.9 15.0 1.0 0.0 0.0 0.0
1435291965.08
594.0 19.8 15.0 1.0 0.0 0.0 0.0
1435291965.11
594.1 19.6 15.0 1.0 0.0 0.0 0.0
1435291965.14
594.1 19.4 15.0 1.0 0.0 0.0 0.0
1435291965.17
594.1 19.3 15.0 1.0 0.0 0.0 0.0
1435291965.2
594.2 19.2 15.0 1.0 0.0 0.0 0.0
1435291965.23
594.2 19.0 15.0 1.0 0.0 0.0 0.0
1435291965.26
594.2 18.9 15.0 1.0 0.0 0.0 0.0
1435291965.29
594.3 18.8 15.0 1.0 0.0 0.0 0.0
1435291965.32
594.3 18.6 15.0 1.0 0.0 0.0 0.0
1435291965.35
594.3 18.5 15.0 1.0 0.0 0.0 0.0
1435291965.38
594.4 18.3 15.0 1.0 0.0 0.0 0.0
1435291965.42
594.4 18.2 15.0 1.0 0.0 0.0 0.0
1435291965.44
594.5 18.0 15.0 1.0 0.0 0.0 0.0
1435291965.48
594.5 17.9 15.0 1.0 0.0 0.0 0.0
1435291965.5
594.5 17.7 15.0 1.0 0.0 0.0 0.0
1435291965.54
594.6 17.6 15.0 1.0 0.0 0.0 0.0
1435291965.56
594.6 17.4 15.0 1.0 0.0 0.0 0.0
1435291965.6
594.6 17.3 15.0 1.0 0.0 0.0 0.0
1435291965.63
594.7 17.1 15.0 1.0 0.0 0.0 0.0
1435291965.66
594.7 17.0 15.0 1.0 0.0 0.0 0.0
1435291965.69
594.7 16.8 15.0 1.0 0.0 0.0 0.0
1435291965.72
594.8 16.7 15.0 1.0 0.0 0.0 0.0
1435291965.75
594.8 16.5 15.0 1.0 0.0 0.0 0.0
1435291965.78
594.8 16.4 15.0 1.0 0.0 0.0 0.0
1435291965.81
594.9 16.2 15.0 1.0 0.0 0.0 0.0
1435291965.84
594.9 16.1 15.0 1.0 0.0 0.0 0.0
1435291965.87
595.0 16.0 15.0 1.0 0.0 0.0 0.0
1435291965.9
595.0 15.8 15.0 1.0 0.0 0.0 0.0
1435291965.93
595.0 15.7 15.0 1.0 0.0 0.0 0.0
1435291965.96
595.1 15.5 15.0 1.0 0.0 0.0 0.0
1435291965.99
595.1 15.4 15.0 1.0 0.0 0.0 0.0
1435291966.02
595.1 15.2 15.0 1.0 0.0 0.0 0.0
1435291966.05
595.2 15.1 15.0 1.0 0.0 0.0 0.0
1435291966.08
595.2 14.9 15.0 1.0 0.0 0.0 0.0
1435291966.11
595.2 14.7 15.0 1.0 0.0 0.0 0.0
1435291966.14
595.3 14.6 15.0 1.0 0.0 0.0 0.0
1435291966.17
595.3 14.5 15.0 1.0 0.0 0.0 0.0
1435291966.2
595.4 14.3 15.0 1.0 0.0 0.0 0.0
1435291966.23
595.4 14.2 15.0 1.0 0.0 0.0 0.0
1435291966.26
595.4 14.0 15.0 1.0 0.0 0.0 0.0
1435291966.29
595.5 13.9 15.0 1.0 0.0 0.0 0.0
1435291966.32
595.5 13.8 15.0 1.0 0.0 0.0 0.0
1435291966.35
595.5 13.6 15.0 1.0 0.0 0.0 0.0
1435291966.38
595.6 13.5 15.0 1.0 0.0 0.0 0.0
1435291966.41
595.6 13.3 15.0 1.0 0.0 0.0 0.0
1435291966.44
595.6 13.2 15.0 1.0 0.0 0.0 0.0
1435291966.47
595.7 13.0 15.0 1.0 0.0 0.0 0.0
1435291966.5
595.7 12.9 15.0 1.0 0.0 0.0 0.0
1435291966.53
595.7 12.7 15.0 1.0 0.0 0.0 0.0
1435291966.56
595.8 12.6 15.0 1.0 0.0 0.0 0.0
1435291966.59
595.8 12.4 15.0 1.0 0.0 0.0 0.0
1435291966.62
595.8 12.3 15.0 1.0 0.0 0.0 0.0
1435291966.65
595.9 12.1 15.0 1.0 0.0 0.0 0.0
1435291966.69
595.9 12.0 15.0 1.0 0.0 0.0 0.0
1435291966.72
596.0 11.8 15.0 1.0 0.0 0.0 0.0
1435291966.75
596.0 11.7 15.0 1.0 0.0 0.0 0.0
1435291966.77
596.0 11.5 15.0 1.0 0.0 0.0 0.0
1435291966.81
596.1 11.4 15.0 1.0 0.0 0.0 0.0
1435291966.83
596.1 11.2 15.0 1.0 0.0 0.0 0.0
1435291966.87
596.1 11.1 15.0 1.0 0.0 0.0 0.0
1435291966.9
596.2 11.0 15.0 1.0 0.0 0.0 0.0
1435291966.93
596.2 10.8 15.0 1.0 0.0 0.0 0.0
1435291966.96
596.3 10.7 15.0 1.0 0.0 0.0 0.0
1435291966.99
596.3 10.5 15.0 1.0 0.0 0.0 0.0
1435291967.02
596.3 10.4 15.0 1.0 0.0 0.0 0.0
1435291967.05
596.4 10.2 15.0 1.0 0.0 0.0 0.0
1435291967.07
596.4 10.0 15.0 1.0 0.0 0.0 0.0
1435291967.11
596.4 9.9 15.0 1.0 0.0 0.0 0.0
1435291967.14
596.5 9.7 15.0 1.0 0.0 0.0 0.0
1435291967.17
596.5 9.6 15.0 1.0 0.0 0.0 0.0
1435291967.2
596.5 9.5 15.0 1.0 0.0 0.0 0.0
1435291967.23
596.6 9.3 15.0 1.0 0.0 0.0 0.0
1435291967.26
596.6 9.2 15.0 1.0 0.0 0.0 0.0
1435291967.29
596.6 9.0 15.0 1.0 0.0 0.0 0.0
1435291967.32
596.7 8.9 15.0 1.0 0.0 0.0 0.0
1435291967.35
596.7 8.7 15.0 1.0 0.0 0.0 0.0
1435291967.38
596.7 8.6 15.0 1.0 0.0 0.0 0.0
1435291967.41
596.8 8.4 15.0 1.0 0.0 0.0 0.0
1435291967.44
596.8 8.3 15.0 1.0 0.0 0.0 0.0
1435291967.47
596.9 8.2 15.0 1.0 0.0 0.0 0.0
1435291967.5
596.9 8.0 15.0 1.0 0.0 0.0 0.0
1435291967.53
596.9 7.9 15.0 1.0 0.0 0.0 0.0
1435291967.56
597.0 7.7 15.0 1.0 0.0 0.0 0.0
1435291967.59
597.0 7.6 15.0 1.0 0.0 0.0 0.0
1435291967.62
597.0 7.5 15.0 1.0 0.0 0.0 0.0
1435291967.65
597.1 7.3 15.0 1.0 0.0 0.0 0.0
1435291967.68
597.1 7.2 15.0 1.0 0.0 0.0 0.0
1435291967.71
597.1 7.0 15.0 1.0 0.0 0.0 0.0
1435291967.74
597.2 6.9 15.0 1.0 0.0 0.0 0.0
1435291967.77
597.2 6.7 15.0 1.0 0.0 0.0 0.0
1435291967.8
597.2 6.6 15.0 1.0 0.0 0.0 0.0
1435291967.83
597.3 6.4 15.0 1.0 0.0 0.0 0.0
1435291967.86
597.3 6.3 15.0 1.0 0.0 0.0 0.0
1435291967.89
597.3 6.1 15.0 1.0 0.0 0.0 0.0
1435291967.92
597.4 6.0 15.0 1.0 0.0 0.0 0.0
1435291967.95
597.4 5.9 15.0 1.0 0.0 0.0 0.0
1435291967.98
597.5 5.7 15.0 1.0 0.0 0.0 0.0
1435291968.01
597.5 5.6 15.0 1.0 0.0 0.0 0.0
1435291968.04
597.5 5.5 15.0 1.0 0.0 0.0 0.0
1435291968.07
597.5 5.5 15.0 1.0 0.0 0.0 0.0
1435291968.1
597.5 5.5 15.0 1.0 0.0 0.0 0.0
1435291968.13
597.5 5.5 15.0 1.0 0.0 0.0 0.0
1435291968.16
597.5 5.5 15.0 1.0 0.0 0.0 0.0
1435291968.19
597.5 5.5 15.0 1.0 0.0 0.0 0.0
1435291968.22
597.5 5.5 15.0 1.0 0.0 0.0 0.0
1435291968.25
597.5 5.5 15.0 1.0 0.0 0.0 0.0
1435291968.28
597.5 5.5 15.0 1.0 0.0 0.0 0.0
1435291968.31
597.5 5.5 15.0 1.0 0.0 0.0 0.0
1435291968.34
597.5 5.5 15.0 1.0 0.0 0.0 0.0
1435291968.37
597.5 5.5 15.0 1.0 0.0 0.0 0.0
1435291968.4
597.5 5.5 15.0 1.0 0.0 0.0 0.0
1435291968.43
597.5 5.5 15.0 1.0 0.0 0.0 0.0
1435291968.46
597.5 5.5 15.0 1.0 0.0 0.0 0.0
1435291968.49
597.5 5.5 15.0 1.0 0.0 0.0 0.0
1435291968.52
597.5 5.5 15.0 1.0 0.0 0.0 0.0
1435291968.55
597.5 5.5 15.0 1.0 0.0 0.0 0.0
1435291968.58
597.5 5.5 15.0 1.0 0.0 0.0 0.0
1435291968.62
597.5 5.5 15.0 1.0 0.0 0.0 0.0
1435291968.65
597.5 5.5 15.0 1.0 0.0 0.0 0.0
1435291968.68
597.5 5.5 15.0 1.0 0.0 0.0 0.0
1435291968.71
597.5 5.5 15.0 1.0 0.0 0.0 0.0
1435291968.75
597.5 5.6 15.0 1.0 0.0 0.0 0.0
1435291968.78
597.4 5.8 15.0 1.0 0.0 0.0 0.0
1435291968.8
597.4 5.9 15.0 1.0 0.0 0.0 0.0
1435291968.83
597.4 6.1 15.0 1.0 0.0 0.0 0.0
1435291968.87
597.4 6.2 15.0 1.0 0.0 0.0 0.0
1435291968.89
597.3 6.4 15.0 1.0 0.0 0.0 0.0
1435291968.93
597.3 6.5 15.0 1.0 0.0 0.0 0.0
1435291968.95
597.3 6.6 15.0 1.0 0.0 0.0 0.0
1435291968.99
597.4 6.7 15.0 1.0 0.0 0.0 0.0
1435291969.02
597.4 6.7 15.0 1.0 0.0 0.0 0.0
1435291969.05
597.5 6.6 15.0 1.0 0.0 0.0 0.0
1435291969.08
597.6 6.5 15.0 1.0 0.0 0.0 0.0
1435291969.11
597.7 6.4 15.0 1.0 0.0 0.0 0.0
1435291969.14
597.8 6.3 15.0 1.0 0.0 0.0 0.0
1435291969.17
597.9 6.1 15.0 1.0 0.0 0.0 0.0
1435291969.2
597.9 6.0 15.0 1.0 0.0 0.0 0.0
1435291969.23
598.0 5.9 15.0 1.0 0.0 0.0 0.0
1435291969.26
598.1 5.7 15.0 1.0 0.0 0.0 0.0
1435291969.29
598.2 5.6 15.0 1.0 0.0 0.0 0.0
1435291969.32
598.3 5.4 15.0 1.0 0.0 0.0 0.0
1435291969.35
598.4 5.3 15.0 1.0 0.0 0.0 0.0
1435291969.39
598.5 5.2 15.0 1.0 0.0 0.0 0.0
1435291969.42
598.6 5.1 15.0 1.0 0.0 0.0 0.0
1435291969.45
598.7 4.9 15.0 1.0 0.0 0.0 0.0
1435291969.48
598.8 4.8 15.0 1.0 0.0 0.0 0.0
1435291969.51
598.9 4.7 15.0 1.0 0.0 0.0 0.0
1435291969.54
598.9 4.6 15.0 1.0 0.0 0.0 0.0
1435291969.56
599.0 4.5 15.0 1.0 0.0 0.0 0.0
1435291969.6
599.1 4.3 15.0 1.0 0.0 0.0 0.0
1435291969.62
599.2 4.2 15.0 1.0 0.0 0.0 0.0
1435291969.66
599.3 4.1 15.0 1.0 0.0 0.0 0.0
1435291969.68
599.4 4.0 15.0 1.0 0.0 0.0 0.0
1435291969.72
599.5 3.8 15.0 1.0 0.0 0.0 0.0
1435291969.75
599.6 3.7 15.0 1.0 0.0 0.0 0.0
1435291969.78
599.7 3.6 15.0 1.0 0.0 0.0 0.0
1435291969.81
599.8 3.5 15.0 1.0 0.0 0.0 0.0
1435291969.84
599.8 3.4 15.0 1.0 0.0 0.0 0.0
1435291969.87
599.9 3.2 15.0 1.0 0.0 0.0 0.0
1435291969.9
600.0 3.1 15.0 1.0 0.0 0.0 0.0
1435291969.93
600.1 3.0 15.0 1.0 0.0 0.0 0.0
1435291969.96
600.2 2.9 15.0 1.0 0.0 0.0 0.0
1435291969.99
600.3 2.8 15.0 1.0 0.0 0.0 0.0
1435291970.02
600.4 2.7 15.0 1.0 0.0 0.0 0.0
1435291970.05
600.5 2.5 15.0 1.0 0.0 0.0 0.0
1435291970.08
600.6 2.4 15.0 1.0 0.0 0.0 0.0
1435291970.11
600.7 2.3 15.0 1.0 0.0 0.0 0.0
1435291970.14
600.7 2.1 15.0 1.0 0.0 0.0 0.0
1435291970.17
600.8 2.0 15.0 1.0 0.0 0.0 0.0
1435291970.2
600.9 1.9 15.0 1.0 0.0 0.0 0.0
1435291970.23
601.0 1.8 15.0 1.0 0.0 0.0 0.0
1435291970.26
601.1 1.7 15.0 1.0 0.0 0.0 0.0
1435291970.29
601.2 1.5 15.0 1.0 0.0 0.0 0.0
1435291970.32
601.3 1.4 15.0 1.0 0.0 0.0 0.0
1435291970.35
601.4 1.3 15.0 1.0 0.0 0.0 0.0
1435291970.38
601.4 1.2 15.0 1.0 0.0 0.0 0.0
1435291970.41
601.5 1.0 15.0 1.0 0.0 0.0 0.0
1435291970.44
601.6 0.9 15.0 1.0 0.0 0.0 0.0
1435291970.47
601.7 0.8 15.0 1.0 0.0 0.0 0.0
1435291970.5
601.8 0.7 15.0 1.0 0.0 0.0 0.0
1435291970.53
601.9 0.5 15.0 1.0 0.0 0.0 0.0
1435291970.56
602.0 0.4 15.0 1.0 0.0 0.0 0.0
1435291970.59
602.1 0.3 15.0 1.0 0.0 0.0 0.0
1435291970.62
602.2 0.2 15.0 1.0 0.0 0.0 0.0
1435291970.65
602.3 0.1 15.0 1.0 0.0 0.0 0.0
1435291970.68
602.4 0.0 15.0 1.0 0.0 0.0 0.0
1435291970.71
602.4 -0.2 15.0 1.0 0.0 0.0 0.0
1435291970.74
602.5 -0.3 15.0 1.0 0.0 0.0 0.0
1435291970.77
602.6 -0.4 15.0 1.0 0.0 0.0 0.0
1435291970.8
602.7 -0.5 15.0 1.0 0.0 0.0 0.0
1435291970.83
602.8 -0.6 15.0 1.0 0.0 0.0 0.0
1435291970.86
602.9 -0.8 15.0 1.0 0.0 0.0 0.0
1435291970.89
603.0 -0.9 15.0 1.0 0.0 0.0 0.0
1435291970.93
603.1 -1.0 15.0 1.0 0.0 0.0 0.0
1435291970.95
603.2 -1.2 15.0 1.0 0.0 0.0 0.0
1435291970.99
603.3 -1.3 15.0 1.0 0.0 0.0 0.0
1435291971.01
603.4 -1.4 15.0 1.0 0.0 0.0 0.0
1435291971.05
603.4 -1.5 15.0 1.0 0.0 0.0 0.0
1435291971.07
603.5 -1.6 15.0 1.0 0.0 0.0 0.0
1435291971.11
603.6 -1.7 15.0 1.0 0.0 0.0 0.0
1435291971.13
603.7 -1.9 15.0 1.0 0.0 0.0 0.0
1435291971.17
603.8 -2.0 15.0 1.0 0.0 0.0 0.0
1435291971.19
603.9 -2.1 15.0 1.0 0.0 0.0 0.0
1435291971.23
604.0 -2.2 15.0 1.0 0.0 0.0 0.0
1435291971.25
604.1 -2.3 15.0 1.0 0.0 0.0 0.0
1435291971.29
604.1 -2.5 15.0 1.0 0.0 0.0 0.0
1435291971.31
604.2 -2.6 15.0 1.0 0.0 0.0 0.0
1435291971.34
604.3 -2.7 15.0 1.0 0.0 0.0 0.0
1435291971.37
604.4 -2.8 15.0 1.0 0.0 0.0 0.0
1435291971.41
604.5 -2.9 15.0 1.0 0.0 0.0 0.0
1435291971.44
604.6 -3.1 15.0 1.0 0.0 0.0 0.0
1435291971.47
604.7 -3.2 15.0 1.0 0.0 0.0 0.0
1435291971.5
604.8 -3.3 15.0 1.0 0.0 0.0 0.0
1435291971.53
604.9 -3.4 15.0 1.0 0.0 0.0 0.0
1435291971.56
605.0 -3.6 15.0 1.0 0.0 0.0 0.0
1435291971.59
605.0 -3.7 15.0 1.0 0.0 0.0 0.0
1435291971.62
605.1 -3.8 15.0 1.0 0.0 0.0 0.0
1435291971.65
605.2 -3.9 15.0 1.0 0.0 0.0 0.0
1435291971.68
605.3 -4.1 15.0 1.0 0.0 0.0 0.0
1435291971.71
605.4 -4.2 15.0 1.0 0.0 0.0 0.0
1435291971.74
605.5 -4.3 15.0 1.0 0.0 0.0 0.0
1435291971.77
605.6 -4.4 15.0 1.0 0.0 0.0 0.0
1435291971.8
605.7 -4.6 15.0 1.0 0.0 0.0 0.0
1435291971.83
605.8 -4.7 15.0 1.0 0.0 0.0 0.0
1435291971.86
605.9 -4.8 15.0 1.0 0.0 0.0 0.0
1435291971.89
605.9 -4.9 15.0 1.0 0.0 0.0 0.0
1435291971.92
606.0 -5.0 15.0 1.0 0.0 0.0 0.0
1435291971.95
606.1 -5.1 15.0 1.0 0.0 0.0 0.0
1435291971.98
606.2 -5.3 15.0 1.0 0.0 0.0 0.0
1435291972.01
606.3 -5.4 15.0 1.0 0.0 0.0 0.0
1435291972.05
606.4 -5.5 15.0 1.0 0.0 0.0 0.0
1435291972.08
606.5 -5.7 15.0 1.0 0.0 0.0 0.0
1435291972.11
606.6 -5.8 15.0 1.0 0.0 0.0 0.0
1435291972.14
606.7 -5.9 15.0 1.0 0.0 0.0 0.0
1435291972.17
606.8 -6.0 15.0 1.0 0.0 0.0 0.0
1435291972.2
606.9 -6.1 15.0 1.0 0.0 0.0 0.0
1435291972.23
606.9 -6.3 15.0 1.0 0.0 0.0 0.0
1435291972.26
607.0 -6.4 15.0 1.0 0.0 0.0 0.0
1435291972.29
607.1 -6.5 15.0 1.0 0.0 0.0 0.0
1435291972.32
607.2 -6.6 15.0 1.0 0.0 0.0 0.0
1435291972.35
607.3 -6.7 15.0 1.0 0.0 0.0 0.0
1435291972.38
607.4 -6.9 15.0 1.0 0.0 0.0 0.0
1435291972.41
607.5 -7.0 15.0 1.0 0.0 0.0 0.0
1435291972.44
607.6 -7.1 15.0 1.0 0.0 0.0 0.0
1435291972.47
607.7 -7.2 15.0 1.0 0.0 0.0 0.0
1435291972.5
607.8 -7.4 15.0 1.0 0.0 0.0 0.0
1435291972.53
607.8 -7.5 15.0 1.0 0.0 0.0 0.0
1435291972.56
607.9 -7.6 15.0 1.0 0.0 0.0 0.0
1435291972.59
608.0 -7.7 15.0 1.0 0.0 0.0 0.0
1435291972.62
608.1 -7.8 15.0 1.0 0.0 0.0 0.0
1435291972.65
608.2 -8.0 15.0 1.0 0.0 0.0 0.0
1435291972.68
608.3 -8.1 15.0 1.0 0.0 0.0 0.0
1435291972.71
608.4 -8.2 15.0 1.0 0.0 0.0 0.0
1435291972.74
608.5 -8.3 15.0 1.0 0.0 0.0 0.0
1435291972.77
608.6 -8.4 15.0 1.0 0.0 0.0 0.0
1435291972.8
608.6 -8.5 15.0 1.0 0.0 0.0 0.0
1435291972.83
608.8 -8.7 15.0 1.0 0.0 0.0 0.0
1435291972.86
608.8 -8.8 15.0 1.0 0.0 0.0 0.0
1435291972.89
608.9 -8.9 15.0 1.0 0.0 0.0 0.0
1435291972.93
608.9 -8.9 15.0 1.0 0.0 0.0 0.0
1435291972.96
608.9 -8.9 15.0 1.0 0.0 0.0 0.0
1435291972.99
608.9 -8.9 15.0 1.0 0.0 0.0 0.0
1435291973.02
608.9 -8.9 15.0 1.0 0.0 0.0 0.0
1435291973.05
608.9 -8.9 15.0 1.0 0.0 0.0 0.0
1435291973.08
608.9 -8.9 15.0 1.0 0.0 0.0 0.0
1435291973.11
608.9 -8.9 15.0 1.0 0.0 0.0 0.0
1435291973.14
608.9 -8.9 15.0 1.0 0.0 0.0 0.0
1435291973.17
608.9 -8.9 15.0 1.0 0.0 0.0 0.0
1435291973.2
608.9 -8.9 15.0 1.0 0.0 0.0 0.0
1435291973.23
608.9 -8.9 15.0 1.0 0.0 0.0 0.0
1435291973.26
608.9 -8.9 15.0 1.0 0.0 0.0 0.0
1435291973.29
608.9 -8.9 15.0 1.0 0.0 0.0 0.0
1435291973.32
608.9 -8.9 15.0 1.0 0.0 0.0 0.0
1435291973.35
608.9 -8.9 15.0 1.0 0.0 0.0 0.0
1435291973.38
608.9 -8.9 15.0 1.0 0.0 0.0 0.0
1435291973.41
608.9 -8.9 15.0 1.0 0.0 0.0 0.0
1435291973.44
608.9 -8.9 15.0 1.0 0.0 0.0 0.0
1435291973.47
608.9 -8.9 15.0 1.0 0.0 0.0 0.0
1435291973.5
608.9 -8.9 15.0 1.0 0.0 0.0 0.0
1435291973.54
608.9 -8.9 15.0 1.0 0.0 0.0 0.0
1435291973.57
608.9 -8.9 15.0 1.0 0.0 0.0 0.0
1435291973.6
608.9 -8.9 15.0 1.0 0.0 0.0 0.0
1435291973.62
608.9 -8.8 15.0 1.0 0.0 0.0 0.0
1435291973.66
608.8 -8.8 15.0 1.0 0.0 0.0 0.0
1435291973.68
608.7 -8.6 15.0 1.0 0.0 0.0 0.0
1435291973.72
608.6 -8.5 15.0 1.0 0.0 0.0 0.0
1435291973.74
608.5 -8.4 15.0 1.0 0.0 0.0 0.0
1435291973.78
608.4 -8.3 15.0 1.0 0.0 0.0 0.0
1435291973.8
608.3 -8.2 15.0 1.0 0.0 0.0 0.0
1435291973.84
608.2 -8.1 15.0 1.0 0.0 0.0 0.0
1435291973.86
608.1 -7.9 15.0 1.0 0.0 0.0 0.0
1435291973.89
608.0 -7.9 15.0 1.0 0.0 0.0 0.0
1435291973.92
608.0 -7.8 15.0 1.0 0.0 0.0 0.0
1435291973.95
608.0 -7.8 15.0 1.0 0.0 0.0 0.0
1435291973.98
608.0 -7.8 15.0 1.0 0.0 0.0 0.0
1435291974.01
608.0 -7.8 15.0 1.0 0.0 0.0 0.0
1435291974.04
608.0 -7.8 15.0 1.0 0.0 0.0 0.0
1435291974.07
608.0 -7.8 15.0 1.0 0.0 0.0 0.0
1435291974.1
608.0 -7.8 15.0 1.0 0.0 0.0 0.0
1435291974.14
608.0 -7.8 15.0 1.0 0.0 0.0 0.0
1435291974.17
608.0 -7.8 15.0 1.0 0.0 0.0 0.0
1435291974.2
608.0 -7.8 15.0 1.0 0.0 0.0 0.0
1435291974.23
608.0 -7.8 15.0 1.0 0.0 0.0 0.0
1435291974.26
608.0 -7.8 15.0 1.0 0.0 0.0 0.0
1435291974.29
608.0 -7.8 15.0 1.0 0.0 0.0 0.0
1435291974.32
608.0 -7.8 15.0 1.0 0.0 0.0 0.0
1435291974.35
608.0 -7.8 15.0 1.0 0.0 0.0 0.0
1435291974.38
608.0 -7.8 15.0 1.0 0.0 0.0 0.0
1435291974.41
608.0 -7.8 15.0 1.0 0.0 0.0 0.0
1435291974.44
608.0 -7.8 15.0 1.0 0.0 0.0 0.0
1435291974.47
608.0 -7.8 15.0 1.0 0.0 0.0 0.0
1435291974.5
608.0 -7.8 15.0 1.0 0.0 0.0 0.0
1435291974.53
608.0 -7.8 15.0 1.0 0.0 0.0 0.0
1435291974.56
608.0 -7.8 15.0 1.0 0.0 0.0 0.0
1435291974.59
608.0 -7.8 15.0 1.0 0.0 0.0 0.0
1435291974.62
608.0 -7.8 15.0 1.0 0.0 0.0 0.0
1435291974.65
608.0 -7.8 15.0 1.0 0.0 0.0 0.0
1435291974.68
608.0 -7.8 15.0 1.0 0.0 0.0 0.0
1435291974.71
608.0 -7.8 15.0 1.0 0.0 0.0 0.0
1435291974.74
608.0 -7.8 15.0 1.0 0.0 0.0 0.0
1435291974.77
608.0 -7.8 15.0 1.0 0.0 0.0 0.0
1435291974.8
608.0 -7.8 15.0 1.0 0.0 0.0 0.0
1435291974.83
608.0 -7.8 15.0 1.0 0.0 0.0 0.0
1435291974.86
608.0 -7.8 15.0 1.0 0.0 0.0 0.0
1435291974.89
608.0 -7.8 15.0 1.0 0.0 0.0 0.0
1435291974.92
608.0 -7.8 15.0 1.0 0.0 0.0 0.0
1435291974.95
608.0 -7.8 15.0 1.0 0.0 0.0 0.0
1435291974.98
608.0 -7.8 15.0 1.0 0.0 0.0 0.0
1435291975.01
608.0 -7.8 15.0 1.0 0.0 0.0 0.0
1435291975.04
608.0 -7.8 15.0 1.0 0.0 0.0 0.0
1435291975.07
608.0 -7.8 15.0 1.0 0.0 0.0 0.0
1435291975.1
608.0 -7.8 15.0 1.0 0.0 0.0 0.0
1435291975.13
608.0 -7.8 15.0 1.0 0.0 0.0 0.0
1435291975.16
608.0 -7.8 15.0 1.0 0.0 0.0 0.0
1435291975.19
608.0 -7.8 15.0 1.0 0.0 0.0 0.0
1435291975.22
608.0 -7.8 15.0 1.0 0.0 0.0 0.0
1435291975.25
608.0 -7.8 15.0 1.0 0.0 0.0 0.0
1435291975.28
608.0 -7.8 15.0 1.0 0.0 0.0 0.0
1435291975.31
608.0 -7.8 15.0 1.0 0.0 0.0 0.0
1435291975.34
608.0 -7.8 15.0 1.0 0.0 0.0 0.0
1435291975.37
608.0 -7.8 15.0 1.0 0.0 0.0 0.0
1435291975.4
608.0 -7.8 15.0 1.0 0.0 0.0 0.0
1435291975.43
608.0 -7.8 15.0 1.0 0.0 0.0 0.0
1435291975.46
608.0 -7.8 15.0 1.0 0.0 0.0 0.0
1435291975.49
608.0 -7.8 15.0 1.0 0.0 0.0 0.0
1435291975.52
608.0 -7.8 15.0 1.0 0.0 0.0 0.0
1435291975.55
608.0 -7.8 15.0 1.0 0.0 0.0 0.0
1435291975.58
608.0 -7.8 15.0 1.0 0.0 0.0 0.0
1435291975.61
608.0 -7.8 15.0 1.0 0.0 0.0 0.0
1435291975.64
608.0 -7.8 15.0 1.0 0.0 0.0 0.0
1435291975.67
608.0 -7.8 15.0 1.0 0.0 0.0 0.0
1435291975.7
608.0 -7.8 15.0 1.0 0.0 0.0 0.0
1435291975.73
608.0 -7.8 15.0 1.0 0.0 0.0 0.0
1435291975.76
608.0 -7.8 15.0 1.0 0.0 0.0 0.0
1435291975.79
608.0 -7.8 15.0 1.0 0.0 0.0 0.0
1435291975.82
608.0 -7.8 15.0 1.0 0.0 0.0 0.0
1435291975.85
608.0 -7.8 15.0 1.0 0.0 0.0 0.0
1435291975.88
608.0 -7.8 15.0 1.0 0.0 0.0 0.0
1435291975.91
608.0 -7.8 15.0 1.0 0.0 0.0 0.0
1435291975.94
608.0 -7.8 15.0 1.0 0.0 0.0 0.0
1435291975.97
608.0 -7.8 15.0 1.0 0.0 0.0 0.0
1435291976.0
608.0 -7.8 15.0 1.0 0.0 0.0 0.0
1435291976.03
608.0 -7.8 15.0 1.0 0.0 0.0 0.0
1435291976.06
608.0 -7.8 15.0 1.0 0.0 0.0 0.0
1435291976.09
608.0 -7.8 15.0 1.0 0.0 0.0 0.0
1435291976.12
608.0 -7.8 15.0 1.0 0.0 0.0 0.0
1435291976.15
608.0 -7.8 15.0 1.0 0.0 0.0 0.0
1435291976.18
608.0 -7.8 15.0 1.0 0.0 0.0 0.0
1435291976.21
608.0 -7.8 15.0 1.0 0.0 0.0 0.0
1435291976.24
608.0 -7.8 15.0 1.0 0.0 0.0 0.0
1435291976.27
608.0 -7.8 15.0 1.0 0.0 0.0 0.0
1435291976.3
608.0 -7.8 15.0 1.0 0.0 0.0 0.0
1435291976.33
608.0 -7.8 15.0 1.0 0.0 0.0 0.0
1435291976.36
608.0 -7.8 15.0 1.0 0.0 0.0 0.0
1435291976.39
608.0 -7.8 15.0 1.0 0.0 0.0 0.0
1435291976.42
608.0 -7.8 15.0 1.0 0.0 0.0 0.0
1435291976.45
608.0 -7.8 15.0 1.0 0.0 0.0 0.0
1435291976.48
608.0 -7.8 15.0 1.0 0.0 0.0 0.0
1435291976.51
608.0 -7.8 15.0 1.0 0.0 0.0 0.0
1435291976.54
608.0 -7.8 15.0 1.0 0.0 0.0 0.0
1435291976.57
608.0 -7.8 15.0 1.0 0.0 0.0 0.0
1435291976.6
608.0 -7.8 15.0 1.0 0.0 0.0 0.0
1435291976.63
608.0 -7.8 15.0 1.0 0.0 0.0 0.0
1435291976.66
608.0 -7.8 15.0 1.0 0.0 0.0 0.0
1435291976.69
608.0 -7.8 15.0 1.0 0.0 0.0 0.0
1435291976.72
608.0 -7.8 15.0 1.0 0.0 0.0 0.0
1435291976.75
608.0 -7.8 15.0 1.0 0.0 0.0 0.0
1435291976.78
608.0 -7.8 15.0 1.0 0.0 0.0 0.0
1435291976.81
608.0 -7.8 15.0 1.0 0.0 0.0 0.0
1435291976.84
608.0 -7.8 15.0 1.0 0.0 0.0 0.0
1435291976.87
608.0 -7.8 15.0 1.0 0.0 0.0 0.0
1435291976.9
608.0 -7.8 15.0 1.0 0.0 0.0 0.0
1435291976.93
608.0 -7.8 15.0 1.0 0.0 0.0 0.0
1435291976.96
608.0 -7.8 15.0 1.0 0.0 0.0 0.0
1435291976.99
608.0 -7.8 15.0 1.0 0.0 0.0 0.0
1435291977.02
608.0 -7.8 15.0 1.0 0.0 0.0 0.0
1435291977.05
608.0 -7.8 15.0 1.0 0.0 0.0 0.0
1435291977.08
608.0 -7.8 15.0 1.0 0.0 0.0 0.0
1435291977.11
608.0 -7.8 15.0 1.0 0.0 0.0 0.0
1435291977.14
608.0 -7.8 15.0 1.0 0.0 0.0 0.0
1435291977.17
608.0 -7.8 15.0 1.0 0.0 0.0 0.0
1435291977.2
608.0 -7.8 15.0 1.0 0.0 0.0 0.0
1435291977.23
608.0 -7.8 15.0 1.0 0.0 0.0 0.0
1435291977.26
608.0 -7.8 15.0 1.0 0.0 0.0 0.0
1435291977.29
608.0 -7.8 15.0 1.0 0.0 0.0 0.0
1435291977.32
608.0 -7.8 15.0 1.0 0.0 0.0 0.0
1435291977.35
608.0 -7.8 15.0 1.0 0.0 0.0 0.0
1435291977.38
608.0 -7.8 15.0 1.0 0.0 0.0 0.0
1435291977.41
608.0 -7.8 15.0 1.0 0.0 0.0 0.0
1435291977.44
608.0 -7.8 15.0 1.0 0.0 0.0 0.0
1435291977.47
608.0 -7.8 15.0 1.0 0.0 0.0 0.0
1435291977.5
608.0 -7.8 15.0 1.0 0.0 0.0 0.0
1435291977.53
608.0 -7.8 15.0 1.0 0.0 0.0 0.0
1435291977.56
608.0 -7.8 15.0 1.0 0.0 0.0 0.0
1435291977.59
608.0 -7.8 15.0 1.0 0.0 0.0 0.0
1435291977.62
608.0 -7.8 15.0 1.0 0.0 0.0 0.0
1435291977.65
608.0 -7.8 15.0 1.0 0.0 0.0 0.0
1435291977.69
608.0 -7.8 15.0 1.0 0.0 0.0 0.0
1435291977.71
608.0 -7.8 15.0 1.0 0.0 0.0 0.0
1435291977.75
608.0 -7.8 15.0 1.0 0.0 0.0 0.0
1435291977.77
608.0 -7.8 15.0 1.0 0.0 0.0 0.0
1435291977.81
608.0 -7.8 15.0 1.0 0.0 0.0 0.0
1435291977.83
608.0 -7.8 15.0 1.0 0.0 0.0 0.0
1435291977.86
608.0 -7.8 15.0 1.0 0.0 0.0 0.0
1435291977.89
608.0 -7.8 15.0 1.0 0.0 0.0 0.0
1435291977.92
608.0 -7.8 15.0 1.0 0.0 0.0 0.0
1435291977.95
608.0 -7.8 15.0 1.0 0.0 0.0 0.0
1435291977.98
608.0 -7.8 15.0 1.0 0.0 0.0 0.0
1435291978.01
608.0 -7.8 15.0 1.0 0.0 0.0 0.0
1435291978.04
608.0 -7.8 15.0 1.0 0.0 0.0 0.0
1435291978.07
608.0 -7.8 15.0 1.0 0.0 0.0 0.0
1435291978.1
608.0 -7.8 15.0 1.0 0.0 0.0 0.0
1435291978.13
608.0 -7.8 15.0 1.0 0.0 0.0 0.0
1435291978.16
608.0 -7.8 15.0 1.0 0.0 0.0 0.0
1435291978.19
608.0 -7.8 15.0 1.0 0.0 0.0 0.0
1435291978.22
608.0 -7.8 15.0 1.0 0.0 0.0 0.0
1435291978.25
608.0 -7.8 15.0 1.0 0.0 0.0 0.0
1435291978.28
608.0 -7.8 15.0 1.0 0.0 0.0 0.0
1435291978.31
608.0 -7.8 15.0 1.0 0.0 0.0 0.0
1435291978.34
608.0 -7.8 15.0 1.0 0.0 0.0 0.0
1435291978.37
608.0 -7.8 15.0 1.0 0.0 0.0 0.0
1435291978.4
608.0 -7.8 15.0 1.0 0.0 0.0 0.0
1435291978.43
608.0 -7.8 15.0 1.0 0.0 0.0 0.0
1435291978.46
608.0 -7.8 15.0 1.0 0.0 0.0 0.0
1435291978.49
608.0 -7.8 15.0 1.0 0.0 0.0 0.0
1435291978.52
608.0 -7.8 15.0 1.0 0.0 0.0 0.0
1435291978.55
608.0 -7.8 15.0 1.0 0.0 0.0 0.0
1435291978.58
608.0 -7.8 15.0 1.0 0.0 0.0 0.0
1435291978.61
608.0 -7.8 15.0 1.0 0.0 0.0 0.0
1435291978.64
608.0 -7.8 15.0 1.0 0.0 0.0 0.0
1435291978.67
608.0 -7.8 15.0 1.0 0.0 0.0 0.0
1435291978.7
608.0 -7.8 15.0 1.0 0.0 0.0 0.0
1435291978.73
608.0 -7.8 15.0 1.0 0.0 0.0 0.0
1435291978.76
608.0 -7.8 15.0 1.0 0.0 0.0 0.0
1435291978.79
608.0 -7.8 15.0 1.0 0.0 0.0 0.0
1435291978.82
608.0 -7.8 15.0 1.0 0.0 0.0 0.0
1435291978.85
608.0 -7.8 15.0 1.0 0.0 0.0 0.0
1435291978.88
608.0 -7.8 15.0 1.0 0.0 0.0 0.0
1435291978.91
608.0 -7.8 15.0 1.0 0.0 0.0 0.0
1435291978.94
608.0 -7.8 15.0 1.0 0.0 0.0 0.0
1435291978.97
608.0 -7.8 15.0 1.0 0.0 0.0 0.0
1435291979.0
608.0 -7.8 15.0 1.0 0.0 0.0 0.0
1435291979.03
608.0 -7.8 15.0 1.0 0.0 0.0 0.0
1435291979.06
608.0 -7.8 15.0 1.0 0.0 0.0 0.0
1435291979.09
608.0 -7.8 15.0 1.0 0.0 0.0 0.0
1435291979.12
608.0 -7.8 15.0 1.0 0.0 0.0 0.0
1435291979.15
608.0 -7.8 15.0 1.0 0.0 0.0 0.0
1435291979.18
608.0 -7.8 15.0 1.0 0.0 0.0 0.0
1435291979.21
608.0 -7.8 15.0 1.0 0.0 0.0 0.0
1435291979.24
608.0 -7.8 15.0 1.0 0.0 0.0 0.0
1435291979.27
608.0 -7.8 15.0 1.0 0.0 0.0 0.0
1435291979.3
608.0 -7.8 15.0 1.0 0.0 0.0 0.0
1435291979.33
608.0 -7.8 15.0 1.0 0.0 0.0 0.0
1435291979.36
608.0 -7.8 15.0 1.0 0.0 0.0 0.0
1435291979.39
608.0 -7.8 15.0 1.0 0.0 0.0 0.0
1435291979.42
608.0 -7.8 15.0 1.0 0.0 0.0 0.0
1435291979.45
608.0 -7.8 15.0 1.0 0.0 0.0 0.0
1435291979.48
608.0 -7.8 15.0 1.0 0.0 0.0 0.0
1435291979.51
608.0 -7.8 15.0 1.0 0.0 0.0 0.0
1435291979.54
608.0 -7.8 15.0 1.0 0.0 0.0 0.0
1435291979.57
608.0 -7.8 15.0 1.0 0.0 0.0 0.0
1435291979.6
608.0 -7.8 15.0 1.0 0.0 0.0 0.0
1435291979.63
608.0 -7.8 15.0 1.0 0.0 0.0 0.0
1435291979.66
608.0 -7.8 15.0 1.0 0.0 0.0 0.0
1435291979.69
608.0 -7.8 15.0 1.0 0.0 0.0 0.0
1435291979.72
608.0 -7.8 15.0 1.0 0.0 0.0 0.0
1435291979.75
608.0 -7.8 15.0 1.0 0.0 0.0 0.0
1435291979.78
608.0 -7.8 15.0 1.0 0.0 0.0 0.0
1435291979.81
608.0 -7.8 15.0 1.0 0.0 0.0 0.0
1435291979.84
608.0 -7.8 15.0 1.0 0.0 0.0 0.0
1435291979.87
608.0 -7.8 15.0 1.0 0.0 0.0 0.0
1435291979.9
608.0 -7.8 15.0 1.0 0.0 0.0 0.0
1435291979.93
608.0 -7.8 15.0 1.0 0.0 0.0 0.0
1435291979.96
608.0 -7.8 15.0 1.0 0.0 0.0 0.0
1435291979.99
608.0 -7.8 15.0 1.0 0.0 0.0 0.0
