1435288495.04
500.0 0.0 15.0 1.0 0.0 0.0 0.0
1435288495.07
500.0 0.0 15.0 1.0 0.0 0.0 0.0
1435288495.1
500.0 0.0 15.0 1.0 0.0 0.0 0.0
1435288495.13
500.0 0.0 15.0 1.0 0.0 0.0 0.0
1435288495.16
500.0 0.0 15.0 1.0 0.0 0.0 0.0
1435288495.19
500.0 0.0 15.0 1.0 0.0 0.0 0.0
1435288495.22
500.0 0.0 15.0 1.0 0.0 0.0 0.0
1435288495.25
500.0 0.0 15.0 1.0 0.0 0.0 0.0
1435288495.28
500.0 0.0 15.0 1.0 0.0 0.0 0.0
1435288495.3
500.0 0.0 15.0 1.0 0.0 0.0 0.0
1435288495.34
500.0 0.0 15.0 1.0 0.0 0.0 0.0
1435288495.36
500.0 0.0 15.0 1.0 0.0 0.0 0.0
1435288495.4
500.0 0.0 15.0 1.0 0.0 0.0 0.0
1435288495.43
500.0 0.0 15.0 1.0 0.0 0.0 0.0
1435288495.46
500.0 0.0 15.0 1.0 0.0 0.0 0.0
1435288495.49
500.0 0.0 15.0 1.0 0.0 0.0 0.0
1435288495.52
500.0 0.0 15.0 1.0 0.0 0.0 0.0
1435288495.55
500.0 0.0 15.0 1.0 0.0 0.0 0.0
1435288495.58
500.0 0.0 15.0 1.0 0.0 0.0 0.0
1435288495.61
500.0 0.0 15.0 1.0 0.0 0.0 0.0
1435288495.64
500.0 0.0 15.0 1.0 0.0 0.0 0.0
1435288495.67
500.0 0.0 15.0 1.0 0.0 0.0 0.0
1435288495.7
500.0 0.0 15.0 1.0 0.0 0.0 0.0
1435288495.73
500.0 0.0 15.0 1.0 0.0 0.0 0.0
1435288495.76
500.0 0.0 15.0 1.0 0.0 0.0 0.0
1435288495.79
500.0 0.0 15.0 1.0 0.0 0.0 0.0
1435288495.82
500.0 0.0 15.0 1.0 0.0 0.0 0.0
1435288495.85
500.0 0.0 15.0 1.0 0.0 0.0 0.0
1435288495.88
500.0 0.0 15.0 1.0 0.0 0.0 0.0
1435288495.91
500.0 0.0 15.0 1.0 0.0 0.0 0.0
1435288495.94
500.0 0.0 15.0 1.0 0.0 0.0 0.0
1435288495.97
500.0 0.0 15.0 1.0 0.0 0.0 0.0
1435288496.0
500.0 0.0 15.0 1.0 0.0 0.0 0.0
1435288496.03
500.0 0.0 15.0 1.0 0.0 0.0 0.0
1435288496.06
500.0 0.0 15.0 1.0 0.0 0.0 0.0
1435288496.09
500.0 0.0 15.0 1.0 0.0 0.0 0.0
1435288496.12
500.0 0.0 15.0 1.0 0.0 0.0 0.0
1435288496.15
500.0 0.0 15.0 1.0 0.0 0.0 0.0
1435288496.18
500.0 0.0 15.0 1.0 0.0 0.0 0.0
1435288496.21
500.0 0.0 15.0 1.0 0.0 0.0 0.0
1435288496.24
500.0 0.0 15.0 1.0 0.0 0.0 0.0
1435288496.28
500.0 0.0 15.0 1.0 0.0 0.0 0.0
1435288496.3
500.0 0.0 15.0 1.0 0.0 0.0 0.0
1435288496.33
500.1 0.0 15.0 1.0 0.0 0.0 0.0
1435288496.36
500.2 0.0 15.0 1.0 0.0 0.0 0.0
1435288496.39
500.3 -0.1 15.0 1.0 0.0 0.0 0.0
1435288496.42
500.5 -0.1 15.0 1.0 0.0 0.0 0.0
1435288496.46
500.6 -0.2 15.0 1.0 0.0 0.0 0.0
1435288496.49
500.8 -0.2 15.0 1.0 0.0 0.0 0.0
1435288496.52
500.9 -0.3 15.0 1.0 0.0 0.0 0.0
1435288496.55
501.1 -0.3 15.0 1.0 0.0 0.0 0.0
1435288496.58
501.2 -0.4 15.0 1.0 0.0 0.0 0.0
1435288496.61
501.4 -0.5 15.0 1.0 0.0 0.0 0.0
1435288496.64
501.5 -0.5 15.0 1.0 0.0 0.0 0.0
1435288496.67
501.6 -0.6 15.0 1.0 0.0 0.0 0.0
1435288496.7
501.8 -0.6 15.0 1.0 0.0 0.0 0.0
1435288496.73
501.9 -0.7 15.0 1.0 0.0 0.0 0.0
1435288496.76
502.0 -0.8 15.0 1.0 0.0 0.0 0.0
1435288496.79
502.2 -0.8 15.0 1.0 0.0 0.0 0.0
1435288496.82
502.3 -0.9 15.0 1.0 0.0 0.0 0.0
1435288496.85
502.5 -0.9 15.0 1.0 0.0 0.0 0.0
1435288496.88
502.6 -1.0 15.0 1.0 0.0 0.0 0.0
1435288496.91
502.8 -1.0 15.0 1.0 0.0 0.0 0.0
1435288496.94
502.9 -1.1 15.0 1.0 0.0 0.0 0.0
1435288496.97
503.0 -1.1 15.0 1.0 0.0 0.0 0.0
1435288497.0
503.2 -1.2 15.0 1.0 0.0 0.0 0.0
1435288497.03
503.3 -1.2 15.0 1.0 0.0 0.0 0.0
1435288497.06
503.5 -1.3 15.0 1.0 0.0 0.0 0.0
1435288497.09
503.6 -1.3 15.0 1.0 0.0 0.0 0.0
1435288497.12
503.8 -1.4 15.0 1.0 0.0 0.0 0.0
1435288497.15
503.9 -1.4 15.0 1.0 0.0 0.0 0.0
1435288497.18
504.0 -1.5 15.0 1.0 0.0 0.0 0.0
1435288497.21
504.2 -1.5 15.0 1.0 0.0 0.0 0.0
1435288497.25
504.3 -1.6 15.0 1.0 0.0 0.0 0.0
1435288497.27
504.5 -1.6 15.0 1.0 0.0 0.0 0.0
1435288497.3
504.6 -1.7 15.0 1.0 0.0 0.0 0.0
1435288497.33
504.8 -1.7 15.0 1.0 0.0 0.0 0.0
1435288497.36
504.9 -1.8 15.0 1.0 0.0 0.0 0.0
1435288497.39
505.1 -1.8 15.0 1.0 0.0 0.0 0.0
1435288497.42
505.2 -1.9 15.0 1.0 0.0 0.0 0.0
1435288497.45
505.3 -1.9 15.0 1.0 0.0 0.0 0.0
1435288497.48
505.4 -2.0 15.0 1.0 0.0 0.0 0.0
1435288497.51
505.6 -2.0 15.0 1.0 0.0 0.0 0.0
1435288497.54
505.7 -2.1 15.0 1.0 0.0 0.0 0.0
1435288497.57
505.9 -2.1 15.0 1.0 0.0 0.0 0.0
1435288497.6
506.0 -2.2 15.0 1.0 0.0 0.0 0.0
1435288497.63
506.2 -2.2 15.0 1.0 0.0 0.0 0.0
1435288497.67
506.3 -2.3 15.0 1.0 0.0 0.0 0.0
1435288497.69
506.5 -2.3 15.0 1.0 0.0 0.0 0.0
1435288497.73
506.6 -2.4 15.0 1.0 0.0 0.0 0.0
1435288497.76
506.7 -2.5 15.0 1.0 0.0 0.0 0.0
1435288497.79
506.9 -2.5 15.0 1.0 0.0 0.0 0.0
1435288497.82
507.0 -2.6 15.0 1.0 0.0 0.0 0.0
1435288497.85
507.2 -2.6 15.0 1.0 0.0 0.0 0.0
1435288497.88
507.3 -2.7 15.0 1.0 0.0 0.0 0.0
1435288497.91
507.4 -2.7 15.0 1.0 0.0 0.0 0.0
1435288497.94
507.6 -2.8 15.0 1.0 0.0 0.0 0.0
1435288497.97
507.7 -2.8 15.0 1.0 0.0 0.0 0.0
1435288498.0
507.9 -2.9 15.0 1.0 0.0 0.0 0.0
1435288498.03
508.0 -2.9 15.0 1.0 0.0 0.0 0.0
1435288498.06
508.2 -3.0 15.0 1.0 0.0 0.0 0.0
1435288498.09
508.3 -3.0 15.0 1.0 0.0 0.0 0.0
1435288498.12
508.5 -3.1 15.0 1.0 0.0 0.0 0.0
1435288498.15
508.6 -3.1 15.0 1.0 0.0 0.0 0.0
1435288498.18
508.7 -3.2 15.0 1.0 0.0 0.0 0.0
1435288498.21
508.9 -3.2 15.0 1.0 0.0 0.0 0.0
1435288498.24
509.0 -3.3 15.0 1.0 0.0 0.0 0.0
1435288498.27
509.2 -3.3 15.0 1.0 0.0 0.0 0.0
1435288498.3
509.3 -3.4 15.0 1.0 0.0 0.0 0.0
1435288498.33
509.4 -3.4 15.0 1.0 0.0 0.0 0.0
1435288498.36
509.6 -3.5 15.0 1.0 0.0 0.0 0.0
1435288498.39
509.7 -3.5 15.0 1.0 0.0 0.0 0.0
1435288498.42
509.9 -3.6 15.0 1.0 0.0 0.0 0.0
1435288498.46
510.0 -3.6 15.0 1.0 0.0 0.0 0.0
1435288498.48
510.2 -3.7 15.0 1.0 0.0 0.0 0.0
1435288498.51
510.3 -3.7 15.0 1.0 0.0 0.0 0.0
1435288498.54
510.4 -3.8 15.0 1.0 0.0 0.0 0.0
1435288498.58
510.6 -3.8 15.0 1.0 0.0 0.0 0.0
1435288498.6
510.7 -3.9 15.0 1.0 0.0 0.0 0.0
1435288498.63
510.8 -3.9 15.0 1.0 0.0 0.0 0.0
1435288498.66
511.0 -4.0 15.0 1.0 0.0 0.0 0.0
1435288498.69
511.1 -4.0 15.0 1.0 0.0 0.0 0.0
1435288498.72
511.3 -4.1 15.0 1.0 0.0 0.0 0.0
1435288498.76
511.4 -4.2 15.0 1.0 0.0 0.0 0.0
1435288498.79
511.6 -4.2 15.0 1.0 0.0 0.0 0.0
1435288498.82
511.7 -4.3 15.0 1.0 0.0 0.0 0.0
1435288498.85
511.9 -4.3 15.0 1.0 0.0 0.0 0.0
1435288498.88
512.0 -4.4 15.0 1.0 0.0 0.0 0.0
1435288498.9
512.1 -4.4 15.0 1.0 0.0 0.0 0.0
1435288498.94
512.3 -4.5 15.0 1.0 0.0 0.0 0.0
1435288498.97
512.4 -4.5 15.0 1.0 0.0 0.0 0.0
1435288499.0
512.6 -4.6 15.0 1.0 0.0 0.0 0.0
1435288499.03
512.7 -4.6 15.0 1.0 0.0 0.0 0.0
1435288499.06
512.9 -4.7 15.0 1.0 0.0 0.0 0.0
1435288499.08
513.0 -4.7 15.0 1.0 0.0 0.0 0.0
1435288499.12
513.1 -4.8 15.0 1.0 0.0 0.0 0.0
1435288499.15
513.3 -4.8 15.0 1.0 0.0 0.0 0.0
1435288499.18
513.4 -4.9 15.0 1.0 0.0 0.0 0.0
1435288499.21
513.6 -4.9 15.0 1.0 0.0 0.0 0.0
1435288499.24
513.7 -5.0 15.0 1.0 0.0 0.0 0.0
1435288499.27
513.9 -5.0 15.0 1.0 0.0 0.0 0.0
1435288499.3
514.0 -5.1 15.0 1.0 0.0 0.0 0.0
1435288499.33
514.1 -5.1 15.0 1.0 0.0 0.0 0.0
1435288499.36
514.3 -5.2 15.0 1.0 0.0 0.0 0.0
1435288499.39
514.4 -5.2 15.0 1.0 0.0 0.0 0.0
1435288499.42
514.6 -5.3 15.0 1.0 0.0 0.0 0.0
1435288499.45
514.7 -5.3 15.0 1.0 0.0 0.0 0.0
1435288499.48
514.8 -5.4 15.0 1.0 0.0 0.0 0.0
1435288499.51
515.0 -5.4 15.0 1.0 0.0 0.0 0.0
1435288499.54
515.1 -5.5 15.0 1.0 0.0 0.0 0.0
1435288499.57
515.3 -5.5 15.0 1.0 0.0 0.0 0.0
1435288499.6
515.4 -5.6 15.0 1.0 0.0 0.0 0.0
1435288499.63
515.6 -5.7 15.0 1.0 0.0 0.0 0.0
1435288499.66
515.7 -5.7 15.0 1.0 0.0 0.0 0.0
1435288499.69
515.8 -5.8 15.0 1.0 0.0 0.0 0.0
1435288499.72
516.0 -5.8 15.0 1.0 0.0 0.0 0.0
1435288499.75
516.1 -5.9 15.0 1.0 0.0 0.0 0.0
1435288499.78
516.3 -5.9 15.0 1.0 0.0 0.0 0.0
1435288499.81
516.4 -6.0 15.0 1.0 0.0 0.0 0.0
1435288499.84
516.5 -6.0 15.0 1.0 0.0 0.0 0.0
1435288499.87
516.7 -6.1 15.0 1.0 0.0 0.0 0.0
1435288499.9
516.8 -6.1 15.0 1.0 0.0 0.0 0.0
1435288499.93
517.0 -6.2 15.0 1.0 0.0 0.0 0.0
1435288499.96
517.1 -6.2 15.0 1.0 0.0 0.0 0.0
1435288499.99
517.2 -6.3 15.0 1.0 0.0 0.0 0.0
1435288500.02
517.4 -6.3 15.0 1.0 0.0 0.0 0.0
1435288500.05
517.5 -6.4 15.0 1.0 0.0 0.0 0.0
1435288500.08
517.6 -6.4 15.0 1.0 0.0 0.0 0.0
1435288500.11
517.8 -6.5 15.0 1.0 0.0 0.0 0.0
1435288500.14
517.9 -6.5 15.0 1.0 0.0 0.0 0.0
1435288500.17
518.1 -6.6 15.0 1.0 0.0 0.0 0.0
1435288500.2
518.2 -6.6 15.0 1.0 0.0 0.0 0.0
1435288500.23
518.4 -6.7 15.0 1.0 0.0 0.0 0.0
1435288500.26
518.5 -6.7 15.0 1.0 0.0 0.0 0.0
1435288500.29
518.6 -6.8 15.0 1.0 0.0 0.0 0.0
1435288500.32
518.7 -6.8 15.0 1.0 0.0 0.0 0.0
1435288500.35
518.7 -6.8 15.0 1.0 0.0 0.0 0.0
1435288500.38
518.7 -6.8 15.0 1.0 0.0 0.0 0.0
1435288500.41
518.7 -6.8 15.0 1.0 0.0 0.0 0.0
1435288500.44
518.7 -6.8 15.0 1.0 0.0 0.0 0.0
1435288500.47
518.7 -6.8 15.0 1.0 0.0 0.0 0.0
1435288500.5
518.7 -6.8 15.0 1.0 0.0 0.0 0.0
1435288500.53
518.7 -6.8 15.0 1.0 0.0 0.0 0.0
1435288500.56
518.7 -6.8 15.0 1.0 0.0 0.0 0.0
1435288500.59
518.7 -6.8 15.0 1.0 0.0 0.0 0.0
1435288500.62
518.7 -6.8 15.0 1.0 0.0 0.0 0.0
1435288500.65
518.7 -6.8 15.0 1.0 0.0 0.0 0.0
1435288500.68
518.7 -6.8 15.0 1.0 0.0 0.0 0.0
1435288500.71
518.7 -6.8 15.0 1.0 0.0 0.0 0.0
1435288500.74
518.7 -6.8 15.0 1.0 0.0 0.0 0.0
1435288500.77
518.7 -6.8 15.0 1.0 0.0 0.0 0.0
1435288500.8
518.7 -6.8 15.0 1.0 0.0 0.0 0.0
1435288500.83
518.7 -6.8 15.0 1.0 0.0 0.0 0.0
1435288500.86
518.7 -6.8 15.0 1.0 0.0 0.0 0.0
1435288500.89
518.7 -6.8 15.0 1.0 0.0 0.0 0.0
1435288500.93
518.7 -6.8 15.0 1.0 0.0 0.0 0.0
1435288500.96
518.7 -6.8 15.0 1.0 0.0 0.0 0.0
1435288500.99
518.7 -6.8 15.0 1.0 0.0 0.0 0.0
1435288501.03
518.7 -6.8 15.0 1.0 0.0 0.0 0.0
1435288501.06
518.6 -6.8 15.0 1.0 0.0 0.0 0.0
1435288501.09
518.4 -6.8 15.0 1.0 0.0 0.0 0.0
1435288501.12
518.3 -6.7 15.0 1.0 0.0 0.0 0.0
1435288501.15
518.1 -6.7 15.0 1.0 0.0 0.0 0.0
1435288501.18
518.0 -6.6 15.0 1.0 0.0 0.0 0.0
1435288501.21
517.8 -6.6 15.0 1.0 0.0 0.0 0.0
1435288501.24
517.7 -6.5 15.0 1.0 0.0 0.0 0.0
1435288501.27
517.6 -6.5 15.0 1.0 0.0 0.0 0.0
1435288501.3
517.4 -6.4 15.0 1.0 0.0 0.0 0.0
1435288501.33
517.3 -6.3 15.0 1.0 0.0 0.0 0.0
1435288501.36
517.3 -6.2 15.0 1.0 0.0 0.0 0.0
1435288501.39
517.3 -6.1 15.0 1.0 0.0 0.0 0.0
1435288501.42
517.4 -6.0 15.0 1.0 0.0 0.0 0.0
1435288501.45
517.5 -5.8 15.0 1.0 0.0 0.0 0.0
1435288501.48
517.6 -5.7 15.0 1.0 0.0 0.0 0.0
1435288501.51
517.6 -5.6 15.0 1.0 0.0 0.0 0.0
1435288501.54
517.7 -5.5 15.0 1.0 0.0 0.0 0.0
1435288501.57
517.8 -5.3 15.0 1.0 0.0 0.0 0.0
1435288501.6
517.9 -5.2 15.0 1.0 0.0 0.0 0.0
1435288501.63
517.9 -5.1 15.0 1.0 0.0 0.0 0.0
1435288501.66
518.0 -5.0 15.0 1.0 0.0 0.0 0.0
1435288501.7
518.1 -4.8 15.0 1.0 0.0 0.0 0.0
1435288501.72
518.2 -4.7 15.0 1.0 0.0 0.0 0.0
1435288501.76
518.2 -4.6 15.0 1.0 0.0 0.0 0.0
1435288501.78
518.3 -4.4 15.0 1.0 0.0 0.0 0.0
1435288501.81
518.4 -4.3 15.0 1.0 0.0 0.0 0.0
1435288501.84
518.5 -4.2 15.0 1.0 0.0 0.0 0.0
1435288501.88
518.5 -4.0 15.0 1.0 0.0 0.0 0.0
1435288501.91
518.6 -3.9 15.0 1.0 0.0 0.0 0.0
1435288501.94
518.7 -3.8 15.0 1.0 0.0 0.0 0.0
1435288501.97
518.8 -3.6 15.0 1.0 0.0 0.0 0.0
1435288502.0
518.9 -3.5 15.0 1.0 0.0 0.0 0.0
1435288502.03
518.9 -3.4 15.0 1.0 0.0 0.0 0.0
1435288502.06
519.0 -3.2 15.0 1.0 0.0 0.0 0.0
1435288502.09
519.1 -3.1 15.0 1.0 0.0 0.0 0.0
1435288502.12
519.2 -3.0 15.0 1.0 0.0 0.0 0.0
1435288502.15
519.3 -2.8 15.0 1.0 0.0 0.0 0.0
1435288502.18
519.3 -2.7 15.0 1.0 0.0 0.0 0.0
1435288502.21
519.4 -2.6 15.0 1.0 0.0 0.0 0.0
1435288502.24
519.5 -2.5 15.0 1.0 0.0 0.0 0.0
1435288502.27
519.6 -2.3 15.0 1.0 0.0 0.0 0.0
1435288502.3
519.6 -2.2 15.0 1.0 0.0 0.0 0.0
1435288502.33
519.7 -2.1 15.0 1.0 0.0 0.0 0.0
1435288502.36
519.8 -2.0 15.0 1.0 0.0 0.0 0.0
1435288502.39
519.9 -1.8 15.0 1.0 0.0 0.0 0.0
1435288502.42
520.0 -1.7 15.0 1.0 0.0 0.0 0.0
1435288502.45
520.0 -1.6 15.0 1.0 0.0 0.0 0.0
1435288502.48
520.1 -1.4 15.0 1.0 0.0 0.0 0.0
1435288502.51
520.2 -1.3 15.0 1.0 0.0 0.0 0.0
1435288502.54
520.3 -1.2 15.0 1.0 0.0 0.0 0.0
1435288502.57
520.3 -1.0 15.0 1.0 0.0 0.0 0.0
1435288502.6
520.4 -0.9 15.0 1.0 0.0 0.0 0.0
1435288502.63
520.5 -0.8 15.0 1.0 0.0 0.0 0.0
1435288502.66
520.6 -0.7 15.0 1.0 0.0 0.0 0.0
1435288502.69
520.6 -0.5 15.0 1.0 0.0 0.0 0.0
1435288502.72
520.7 -0.4 15.0 1.0 0.0 0.0 0.0
1435288502.75
520.8 -0.3 15.0 1.0 0.0 0.0 0.0
1435288502.78
520.9 -0.2 15.0 1.0 0.0 0.0 0.0
1435288502.81
520.9 -0.1 15.0 1.0 0.0 0.0 0.0
1435288502.84
520.9 -0.1 15.0 1.0 0.0 0.0 0.0
1435288502.87
520.9 -0.1 15.0 1.0 0.0 0.0 0.0
1435288502.91
520.9 -0.1 15.0 1.0 0.0 0.0 0.0
1435288502.93
520.9 -0.1 15.0 1.0 0.0 0.0 0.0
1435288502.96
520.9 -0.1 15.0 1.0 0.0 0.0 0.0
1435288502.99
520.9 -0.1 15.0 1.0 0.0 0.0 0.0
1435288503.02
520.9 -0.1 15.0 1.0 0.0 0.0 0.0
1435288503.05
520.9 -0.1 15.0 1.0 0.0 0.0 0.0
1435288503.08
520.9 -0.1 15.0 1.0 0.0 0.0 0.0
1435288503.11
520.9 -0.1 15.0 1.0 0.0 0.0 0.0
1435288503.14
520.9 -0.1 15.0 1.0 0.0 0.0 0.0
1435288503.17
520.9 -0.1 15.0 1.0 0.0 0.0 0.0
1435288503.2
520.9 -0.1 15.0 1.0 0.0 0.0 0.0
1435288503.23
520.9 -0.1 15.0 1.0 0.0 0.0 0.0
1435288503.27
520.9 -0.1 15.0 1.0 0.0 0.0 0.0
1435288503.3
520.9 -0.1 15.0 1.0 0.0 0.0 0.0
1435288503.33
520.9 -0.1 15.0 1.0 0.0 0.0 0.0
1435288503.35
520.9 -0.1 15.0 1.0 0.0 0.0 0.0
1435288503.39
520.9 -0.1 15.0 1.0 0.0 0.0 0.0
1435288503.42
520.9 -0.1 15.0 1.0 0.0 0.0 0.0
1435288503.45
520.9 -0.1 15.0 1.0 0.0 0.0 0.0
1435288503.48
520.9 -0.1 15.0 1.0 0.0 0.0 0.0
1435288503.51
520.9 -0.1 15.0 1.0 0.0 0.0 0.0
1435288503.54
520.8 -0.2 15.0 1.0 0.0 0.0 0.0
1435288503.57
520.8 -0.3 15.0 1.0 0.0 0.0 0.0
1435288503.6
520.8 -0.5 15.0 1.0 0.0 0.0 0.0
1435288503.63
520.8 -0.6 15.0 1.0 0.0 0.0 0.0
1435288503.66
520.9 -0.7 15.0 1.0 0.0 0.0 0.0
1435288503.69
521.0 -0.8 15.0 1.0 0.0 0.0 0.0
1435288503.72
521.1 -0.9 15.0 1.0 0.0 0.0 0.0
1435288503.75
521.3 -1.0 15.0 1.0 0.0 0.0 0.0
1435288503.78
521.4 -1.0 15.0 1.0 0.0 0.0 0.0
1435288503.81
521.5 -1.1 15.0 1.0 0.0 0.0 0.0
1435288503.84
521.6 -1.2 15.0 1.0 0.0 0.0 0.0
1435288503.87
521.7 -1.3 15.0 1.0 0.0 0.0 0.0
1435288503.9
521.9 -1.4 15.0 1.0 0.0 0.0 0.0
1435288503.93
522.0 -1.4 15.0 1.0 0.0 0.0 0.0
1435288503.96
522.1 -1.5 15.0 1.0 0.0 0.0 0.0
1435288503.99
522.2 -1.6 15.0 1.0 0.0 0.0 0.0
1435288504.02
522.4 -1.7 15.0 1.0 0.0 0.0 0.0
1435288504.05
522.5 -1.8 15.0 1.0 0.0 0.0 0.0
1435288504.08
522.6 -1.9 15.0 1.0 0.0 0.0 0.0
1435288504.11
522.8 -1.9 15.0 1.0 0.0 0.0 0.0
1435288504.14
522.9 -2.0 15.0 1.0 0.0 0.0 0.0
1435288504.17
523.0 -2.1 15.0 1.0 0.0 0.0 0.0
1435288504.2
523.1 -2.2 15.0 1.0 0.0 0.0 0.0
1435288504.23
523.2 -2.3 15.0 1.0 0.0 0.0 0.0
1435288504.26
523.4 -2.4 15.0 1.0 0.0 0.0 0.0
1435288504.29
523.5 -2.4 15.0 1.0 0.0 0.0 0.0
1435288504.32
523.6 -2.5 15.0 1.0 0.0 0.0 0.0
1435288504.36
523.8 -2.6 15.0 1.0 0.0 0.0 0.0
1435288504.38
523.9 -2.7 15.0 1.0 0.0 0.0 0.0
1435288504.42
524.0 -2.8 15.0 1.0 0.0 0.0 0.0
1435288504.44
524.1 -2.9 15.0 1.0 0.0 0.0 0.0
1435288504.48
524.3 -2.9 15.0 1.0 0.0 0.0 0.0
1435288504.5
524.4 -3.0 15.0 1.0 0.0 0.0 0.0
1435288504.54
524.5 -3.1 15.0 1.0 0.0 0.0 0.0
1435288504.57
524.6 -3.2 15.0 1.0 0.0 0.0 0.0
1435288504.6
524.8 -3.3 15.0 1.0 0.0 0.0 0.0
1435288504.63
524.9 -3.4 15.0 1.0 0.0 0.0 0.0
1435288504.66
525.0 -3.5 15.0 1.0 0.0 0.0 0.0
1435288504.69
525.2 -3.5 15.0 1.0 0.0 0.0 0.0
1435288504.72
525.3 -3.6 15.0 1.0 0.0 0.0 0.0
1435288504.74
525.4 -3.7 15.0 1.0 0.0 0.0 0.0
1435288504.78
525.5 -3.8 15.0 1.0 0.0 0.0 0.0
1435288504.8
525.6 -3.9 15.0 1.0 0.0 0.0 0.0
1435288504.84
525.8 -3.9 15.0 1.0 0.0 0.0 0.0
1435288504.86
525.9 -4.0 15.0 1.0 0.0 0.0 0.0
1435288504.9
526.0 -4.1 15.0 1.0 0.0 0.0 0.0
1435288504.92
526.2 -4.2 15.0 1.0 0.0 0.0 0.0
1435288504.96
526.3 -4.3 15.0 1.0 0.0 0.0 0.0
1435288504.98
526.4 -4.3 15.0 1.0 0.0 0.0 0.0
1435288505.02
526.5 -4.4 15.0 1.0 0.0 0.0 0.0
1435288505.05
526.7 -4.5 15.0 1.0 0.0 0.0 0.0
1435288505.08
526.8 -4.6 15.0 1.0 0.0 0.0 0.0
1435288505.11
526.9 -4.7 15.0 1.0 0.0 0.0 0.0
1435288505.14
527.0 -4.8 15.0 1.0 0.0 0.0 0.0
1435288505.17
527.2 -4.9 15.0 1.0 0.0 0.0 0.0
1435288505.2
527.3 -4.9 15.0 1.0 0.0 0.0 0.0
1435288505.23
527.4 -5.0 15.0 1.0 0.0 0.0 0.0
1435288505.26
527.5 -5.1 15.0 1.0 0.0 0.0 0.0
1435288505.29
527.7 -5.2 15.0 1.0 0.0 0.0 0.0
1435288505.32
527.8 -5.3 15.0 1.0 0.0 0.0 0.0
1435288505.35
527.9 -5.3 15.0 1.0 0.0 0.0 0.0
1435288505.38
528.0 -5.4 15.0 1.0 0.0 0.0 0.0
1435288505.41
528.2 -5.5 15.0 1.0 0.0 0.0 0.0
1435288505.44
528.3 -5.6 15.0 1.0 0.0 0.0 0.0
1435288505.47
528.4 -5.7 15.0 1.0 0.0 0.0 0.0
1435288505.5
528.5 -5.7 15.0 1.0 0.0 0.0 0.0
1435288505.53
528.7 -5.8 15.0 1.0 0.0 0.0 0.0
1435288505.56
528.8 -5.9 15.0 1.0 0.0 0.0 0.0
1435288505.59
528.9 -6.0 15.0 1.0 0.0 0.0 0.0
1435288505.62
529.0 -6.1 15.0 1.0 0.0 0.0 0.0
1435288505.65
529.2 -6.2 15.0 1.0 0.0 0.0 0.0
1435288505.69
529.3 -6.3 15.0 1.0 0.0 0.0 0.0
1435288505.71
529.4 -6.4 15.0 1.0 0.0 0.0 0.0
1435288505.75
529.6 -6.4 15.0 1.0 0.0 0.0 0.0
1435288505.78
529.7 -6.5 15.0 1.0 0.0 0.0 0.0
1435288505.81
529.8 -6.6 15.0 1.0 0.0 0.0 0.0
1435288505.83
529.9 -6.7 15.0 1.0 0.0 0.0 0.0
1435288505.87
530.1 -6.8 15.0 1.0 0.0 0.0 0.0
1435288505.89
530.2 -6.8 15.0 1.0 0.0 0.0 0.0
1435288505.93
530.3 -6.9 15.0 1.0 0.0 0.0 0.0
1435288505.95
530.4 -7.0 15.0 1.0 0.0 0.0 0.0
1435288505.99
530.6 -7.1 15.0 1.0 0.0 0.0 0.0
1435288506.01
530.7 -7.2 15.0 1.0 0.0 0.0 0.0
1435288506.05
530.8 -7.3 15.0 1.0 0.0 0.0 0.0
1435288506.07
531.0 -7.3 15.0 1.0 0.0 0.0 0.0
1435288506.11
531.1 -7.4 15.0 1.0 0.0 0.0 0.0
1435288506.13
531.2 -7.5 15.0 1.0 0.0 0.0 0.0
1435288506.17
531.3 -7.6 15.0 1.0 0.0 0.0 0.0
1435288506.19
531.4 -7.7 15.0 1.0 0.0 0.0 0.0
1435288506.23
531.6 -7.8 15.0 1.0 0.0 0.0 0.0
1435288506.25
531.7 -7.8 15.0 1.0 0.0 0.0 0.0
1435288506.29
531.8 -7.9 15.0 1.0 0.0 0.0 0.0
1435288506.32
532.0 -8.0 15.0 1.0 0.0 0.0 0.0
1435288506.35
532.1 -8.1 15.0 1.0 0.0 0.0 0.0
1435288506.38
532.2 -8.2 15.0 1.0 0.0 0.0 0.0
1435288506.41
532.3 -8.2 15.0 1.0 0.0 0.0 0.0
1435288506.44
532.5 -8.3 15.0 1.0 0.0 0.0 0.0
1435288506.47
532.6 -8.4 15.0 1.0 0.0 0.0 0.0
1435288506.5
532.7 -8.5 15.0 1.0 0.0 0.0 0.0
1435288506.53
532.8 -8.6 15.0 1.0 0.0 0.0 0.0
1435288506.56
533.0 -8.7 15.0 1.0 0.0 0.0 0.0
1435288506.59
533.1 -8.7 15.0 1.0 0.0 0.0 0.0
1435288506.62
533.2 -8.8 15.0 1.0 0.0 0.0 0.0
1435288506.65
533.3 -8.9 15.0 1.0 0.0 0.0 0.0
1435288506.68
533.5 -9.0 15.0 1.0 0.0 0.0 0.0
1435288506.71
533.6 -9.1 15.0 1.0 0.0 0.0 0.0
1435288506.74
533.7 -9.2 15.0 1.0 0.0 0.0 0.0
1435288506.77
533.8 -9.3 15.0 1.0 0.0 0.0 0.0
1435288506.8
534.0 -9.3 15.0 1.0 0.0 0.0 0.0
1435288506.83
534.1 -9.4 15.0 1.0 0.0 0.0 0.0
1435288506.86
534.2 -9.5 15.0 1.0 0.0 0.0 0.0
1435288506.89
534.3 -9.6 15.0 1.0 0.0 0.0 0.0
1435288506.92
534.5 -9.7 15.0 1.0 0.0 0.0 0.0
1435288506.95
534.6 -9.7 15.0 1.0 0.0 0.0 0.0
1435288506.98
534.7 -9.8 15.0 1.0 0.0 0.0 0.0
1435288507.01
534.9 -9.9 15.0 1.0 0.0 0.0 0.0
1435288507.04
535.0 -10.0 15.0 1.0 0.0 0.0 0.0
1435288507.07
535.1 -10.1 15.0 1.0 0.0 0.0 0.0
1435288507.1
535.2 -10.2 15.0 1.0 0.0 0.0 0.0
1435288507.13
535.4 -10.2 15.0 1.0 0.0 0.0 0.0
1435288507.16
535.5 -10.3 15.0 1.0 0.0 0.0 0.0
1435288507.19
535.6 -10.4 15.0 1.0 0.0 0.0 0.0
1435288507.22
535.8 -10.5 15.0 1.0 0.0 0.0 0.0
1435288507.25
535.9 -10.6 15.0 1.0 0.0 0.0 0.0
1435288507.28
536.0 -10.7 15.0 1.0 0.0 0.0 0.0
1435288507.31
536.1 -10.7 15.0 1.0 0.0 0.0 0.0
1435288507.34
536.2 -10.8 15.0 1.0 0.0 0.0 0.0
1435288507.37
536.2 -10.8 15.0 1.0 0.0 0.0 0.0
1435288507.4
536.2 -10.8 15.0 1.0 0.0 0.0 0.0
1435288507.43
536.2 -10.8 15.0 1.0 0.0 0.0 0.0
1435288507.46
536.2 -10.8 15.0 1.0 0.0 0.0 0.0
1435288507.49
536.2 -10.8 15.0 1.0 0.0 0.0 0.0
1435288507.52
536.2 -10.8 15.0 1.0 0.0 0.0 0.0
1435288507.55
536.2 -10.8 15.0 1.0 0.0 0.0 0.0
1435288507.58
536.2 -10.8 15.0 1.0 0.0 0.0 0.0
1435288507.61
536.2 -10.8 15.0 1.0 0.0 0.0 0.0
1435288507.64
536.2 -10.8 15.0 1.0 0.0 0.0 0.0
1435288507.67
536.2 -10.8 15.0 1.0 0.0 0.0 0.0
1435288507.7
536.2 -10.8 15.0 1.0 0.0 0.0 0.0
1435288507.73
536.2 -10.8 15.0 1.0 0.0 0.0 0.0
1435288507.76
536.2 -10.8 15.0 1.0 0.0 0.0 0.0
1435288507.79
536.2 -10.8 15.0 1.0 0.0 0.0 0.0
1435288507.82
536.2 -10.8 15.0 1.0 0.0 0.0 0.0
1435288507.85
536.2 -10.8 15.0 1.0 0.0 0.0 0.0
1435288507.88
536.2 -10.8 15.0 1.0 0.0 0.0 0.0
1435288507.91
536.2 -10.8 15.0 1.0 0.0 0.0 0.0
1435288507.94
536.2 -10.8 15.0 1.0 0.0 0.0 0.0
1435288507.98
536.2 -10.8 15.0 1.0 0.0 0.0 0.0
1435288508.01
536.2 -10.8 15.0 1.0 0.0 0.0 0.0
1435288508.04
536.2 -10.8 15.0 1.0 0.0 0.0 0.0
1435288508.08
536.2 -10.8 15.0 1.0 0.0 0.0 0.0
1435288508.11
536.1 -10.8 15.0 1.0 0.0 0.0 0.0
1435288508.14
536.0 -10.7 15.0 1.0 0.0 0.0 0.0
1435288508.17
535.8 -10.6 15.0 1.0 0.0 0.0 0.0
1435288508.21
535.7 -10.5 15.0 1.0 0.0 0.0 0.0
1435288508.23
535.6 -10.4 15.0 1.0 0.0 0.0 0.0
1435288508.27
535.4 -10.3 15.0 1.0 0.0 0.0 0.0
1435288508.29
535.3 -10.2 15.0 1.0 0.0 0.0 0.0
1435288508.33
535.2 -10.1 15.0 1.0 0.0 0.0 0.0
1435288508.35
535.1 -9.9 15.0 1.0 0.0 0.0 0.0
1435288508.39
535.1 -9.8 15.0 1.0 0.0 0.0 0.0
1435288508.41
535.1 -9.7 15.0 1.0 0.0 0.0 0.0
1435288508.45
535.2 -9.6 15.0 1.0 0.0 0.0 0.0
1435288508.48
535.3 -9.5 15.0 1.0 0.0 0.0 0.0
1435288508.51
535.4 -9.4 15.0 1.0 0.0 0.0 0.0
1435288508.54
535.5 -9.3 15.0 1.0 0.0 0.0 0.0
1435288508.57
535.6 -9.2 15.0 1.0 0.0 0.0 0.0
1435288508.6
535.7 -9.0 15.0 1.0 0.0 0.0 0.0
1435288508.63
535.7 -8.9 15.0 1.0 0.0 0.0 0.0
1435288508.66
535.8 -8.8 15.0 1.0 0.0 0.0 0.0
1435288508.69
535.9 -8.6 15.0 1.0 0.0 0.0 0.0
1435288508.71
536.0 -8.5 15.0 1.0 0.0 0.0 0.0
1435288508.75
536.1 -8.4 15.0 1.0 0.0 0.0 0.0
1435288508.78
536.2 -8.3 15.0 1.0 0.0 0.0 0.0
1435288508.81
536.3 -8.2 15.0 1.0 0.0 0.0 0.0
1435288508.84
536.3 -8.0 15.0 1.0 0.0 0.0 0.0
1435288508.87
536.4 -7.9 15.0 1.0 0.0 0.0 0.0
1435288508.9
536.5 -7.8 15.0 1.0 0.0 0.0 0.0
1435288508.92
536.6 -7.7 15.0 1.0 0.0 0.0 0.0
1435288508.96
536.7 -7.6 15.0 1.0 0.0 0.0 0.0
1435288508.99
536.8 -7.4 15.0 1.0 0.0 0.0 0.0
1435288509.02
536.9 -7.3 15.0 1.0 0.0 0.0 0.0
1435288509.05
537.0 -7.2 15.0 1.0 0.0 0.0 0.0
1435288509.08
537.1 -7.1 15.0 1.0 0.0 0.0 0.0
1435288509.11
537.2 -7.0 15.0 1.0 0.0 0.0 0.0
1435288509.13
537.2 -6.8 15.0 1.0 0.0 0.0 0.0
1435288509.17
537.3 -6.7 15.0 1.0 0.0 0.0 0.0
1435288509.2
537.4 -6.6 15.0 1.0 0.0 0.0 0.0
1435288509.23
537.5 -6.5 15.0 1.0 0.0 0.0 0.0
1435288509.26
537.6 -6.4 15.0 1.0 0.0 0.0 0.0
1435288509.29
537.7 -6.2 15.0 1.0 0.0 0.0 0.0
1435288509.32
537.8 -6.1 15.0 1.0 0.0 0.0 0.0
1435288509.35
537.8 -6.0 15.0 1.0 0.0 0.0 0.0
1435288509.38
537.9 -5.8 15.0 1.0 0.0 0.0 0.0
1435288509.41
538.0 -5.7 15.0 1.0 0.0 0.0 0.0
1435288509.44
538.1 -5.6 15.0 1.0 0.0 0.0 0.0
1435288509.47
538.2 -5.5 15.0 1.0 0.0 0.0 0.0
1435288509.5
538.3 -5.4 15.0 1.0 0.0 0.0 0.0
1435288509.53
538.4 -5.3 15.0 1.0 0.0 0.0 0.0
1435288509.56
538.5 -5.1 15.0 1.0 0.0 0.0 0.0
1435288509.59
538.6 -5.0 15.0 1.0 0.0 0.0 0.0
1435288509.62
538.6 -4.9 15.0 1.0 0.0 0.0 0.0
1435288509.65
538.7 -4.8 15.0 1.0 0.0 0.0 0.0
1435288509.68
538.8 -4.6 15.0 1.0 0.0 0.0 0.0
1435288509.71
538.9 -4.5 15.0 1.0 0.0 0.0 0.0
1435288509.74
539.0 -4.4 15.0 1.0 0.0 0.0 0.0
1435288509.77
539.1 -4.3 15.0 1.0 0.0 0.0 0.0
1435288509.8
539.2 -4.1 15.0 1.0 0.0 0.0 0.0
1435288509.83
539.3 -4.0 15.0 1.0 0.0 0.0 0.0
1435288509.86
539.4 -3.9 15.0 1.0 0.0 0.0 0.0
1435288509.89
539.5 -3.8 15.0 1.0 0.0 0.0 0.0
1435288509.92
539.6 -3.7 15.0 1.0 0.0 0.0 0.0
1435288509.95
539.6 -3.5 15.0 1.0 0.0 0.0 0.0
1435288509.98
539.7 -3.4 15.0 1.0 0.0 0.0 0.0
1435288510.01
539.8 -3.3 15.0 1.0 0.0 0.0 0.0
1435288510.04
539.8 -3.3 15.0 1.0 0.0 0.0 0.0
1435288510.07
539.8 -3.3 15.0 1.0 0.0 0.0 0.0
1435288510.1
539.8 -3.3 15.0 1.0 0.0 0.0 0.0
1435288510.13
539.8 -3.3 15.0 1.0 0.0 0.0 0.0
1435288510.16
539.8 -3.3 15.0 1.0 0.0 0.0 0.0
1435288510.19
539.8 -3.3 15.0 1.0 0.0 0.0 0.0
1435288510.22
539.8 -3.3 15.0 1.0 0.0 0.0 0.0
1435288510.25
539.8 -3.3 15.0 1.0 0.0 0.0 0.0
1435288510.28
539.8 -3.3 15.0 1.0 0.0 0.0 0.0
1435288510.31
539.8 -3.3 15.0 1.0 0.0 0.0 0.0
1435288510.34
539.8 -3.3 15.0 1.0 0.0 0.0 0.0
1435288510.37
539.8 -3.3 15.0 1.0 0.0 0.0 0.0
1435288510.4
539.8 -3.3 15.0 1.0 0.0 0.0 0.0
1435288510.43
539.8 -3.3 15.0 1.0 0.0 0.0 0.0
1435288510.46
539.8 -3.3 15.0 1.0 0.0 0.0 0.0
1435288510.49
539.8 -3.3 15.0 1.0 0.0 0.0 0.0
1435288510.52
539.8 -3.3 15.0 1.0 0.0 0.0 0.0
1435288510.55
539.8 -3.3 15.0 1.0 0.0 0.0 0.0
1435288510.58
539.8 -3.3 15.0 1.0 0.0 0.0 0.0
1435288510.61
539.8 -3.3 15.0 1.0 0.0 0.0 0.0
1435288510.65
539.8 -3.3 15.0 1.0 0.0 0.0 0.0
1435288510.68
539.8 -3.3 15.0 1.0 0.0 0.0 0.0
1435288510.71
539.8 -3.3 15.0 1.0 0.0 0.0 0.0
1435288510.74
539.8 -3.3 15.0 1.0 0.0 0.0 0.0
1435288510.76
539.8 -3.4 15.0 1.0 0.0 0.0 0.0
1435288510.8
539.7 -3.5 15.0 1.0 0.0 0.0 0.0
1435288510.83
539.6 -3.6 15.0 1.0 0.0 0.0 0.0
1435288510.86
539.6 -3.7 15.0 1.0 0.0 0.0 0.0
1435288510.88
539.6 -3.8 15.0 1.0 0.0 0.0 0.0
1435288510.92
539.7 -3.9 15.0 1.0 0.0 0.0 0.0
1435288510.94
539.8 -3.9 15.0 1.0 0.0 0.0 0.0
1435288510.98
539.9 -3.9 15.0 1.0 0.0 0.0 0.0
1435288511.0
540.1 -3.9 15.0 1.0 0.0 0.0 0.0
1435288511.04
540.2 -3.9 15.0 1.0 0.0 0.0 0.0
1435288511.06
540.4 -3.9 15.0 1.0 0.0 0.0 0.0
1435288511.1
540.5 -3.9 15.0 1.0 0.0 0.0 0.0
1435288511.12
540.7 -4.0 15.0 1.0 0.0 0.0 0.0
1435288511.16
540.8 -4.0 15.0 1.0 0.0 0.0 0.0
1435288511.19
541.0 -4.0 15.0 1.0 0.0 0.0 0.0
1435288511.22
541.1 -4.0 15.0 1.0 0.0 0.0 0.0
1435288511.25
541.3 -4.0 15.0 1.0 0.0 0.0 0.0
1435288511.28
541.4 -4.0 15.0 1.0 0.0 0.0 0.0
1435288511.31
541.6 -4.0 15.0 1.0 0.0 0.0 0.0
1435288511.34
541.7 -4.0 15.0 1.0 0.0 0.0 0.0
1435288511.37
541.9 -4.0 15.0 1.0 0.0 0.0 0.0
1435288511.4
542.0 -4.0 15.0 1.0 0.0 0.0 0.0
1435288511.43
542.2 -4.0 15.0 1.0 0.0 0.0 0.0
1435288511.46
542.3 -4.0 15.0 1.0 0.0 0.0 0.0
1435288511.48
542.5 -4.0 15.0 1.0 0.0 0.0 0.0
1435288511.52
542.6 -4.0 15.0 1.0 0.0 0.0 0.0
1435288511.54
542.8 -4.0 15.0 1.0 0.0 0.0 0.0
1435288511.58
542.9 -4.1 15.0 1.0 0.0 0.0 0.0
1435288511.6
543.1 -4.1 15.0 1.0 0.0 0.0 0.0
1435288511.64
543.2 -4.1 15.0 1.0 0.0 0.0 0.0
1435288511.66
543.4 -4.1 15.0 1.0 0.0 0.0 0.0
1435288511.7
543.5 -4.1 15.0 1.0 0.0 0.0 0.0
1435288511.73
543.7 -4.1 15.0 1.0 0.0 0.0 0.0
1435288511.76
543.8 -4.1 15.0 1.0 0.0 0.0 0.0
1435288511.79
544.0 -4.1 15.0 1.0 0.0 0.0 0.0
1435288511.82
544.2 -4.1 15.0 1.0 0.0 0.0 0.0
1435288511.85
544.3 -4.1 15.0 1.0 0.0 0.0 0.0
1435288511.88
544.4 -4.1 15.0 1.0 0.0 0.0 0.0
1435288511.91
544.6 -4.1 15.0 1.0 0.0 0.0 0.0
1435288511.94
544.8 -4.1 15.0 1.0 0.0 0.0 0.0
1435288511.97
544.9 -4.1 15.0 1.0 0.0 0.0 0.0
1435288512.0
545.0 -4.2 15.0 1.0 0.0 0.0 0.0
1435288512.03
545.2 -4.2 15.0 1.0 0.0 0.0 0.0
1435288512.06
545.4 -4.2 15.0 1.0 0.0 0.0 0.0
1435288512.09
545.5 -4.2 15.0 1.0 0.0 0.0 0.0
1435288512.12
545.7 -4.2 15.0 1.0 0.0 0.0 0.0
1435288512.15
545.8 -4.2 15.0 1.0 0.0 0.0 0.0
1435288512.18
545.9 -4.2 15.0 1.0 0.0 0.0 0.0
1435288512.21
546.1 -4.2 15.0 1.0 0.0 0.0 0.0
1435288512.24
546.3 -4.2 15.0 1.0 0.0 0.0 0.0
1435288512.27
546.4 -4.2 15.0 1.0 0.0 0.0 0.0
1435288512.3
546.6 -4.2 15.0 1.0 0.0 0.0 0.0
1435288512.33
546.7 -4.2 15.0 1.0 0.0 0.0 0.0
1435288512.36
546.9 -4.2 15.0 1.0 0.0 0.0 0.0
1435288512.39
547.0 -4.2 15.0 1.0 0.0 0.0 0.0
1435288512.42
547.2 -4.3 15.0 1.0 0.0 0.0 0.0
1435288512.45
547.3 -4.3 15.0 1.0 0.0 0.0 0.0
1435288512.49
547.5 -4.3 15.0 1.0 0.0 0.0 0.0
1435288512.51
547.6 -4.3 15.0 1.0 0.0 0.0 0.0
1435288512.55
547.8 -4.3 15.0 1.0 0.0 0.0 0.0
1435288512.58
547.9 -4.3 15.0 1.0 0.0 0.0 0.0
1435288512.61
548.1 -4.3 15.0 1.0 0.0 0.0 0.0
1435288512.64
548.2 -4.3 15.0 1.0 0.0 0.0 0.0
1435288512.67
548.4 -4.3 15.0 1.0 0.0 0.0 0.0
1435288512.7
548.5 -4.3 15.0 1.0 0.0 0.0 0.0
1435288512.73
548.7 -4.3 15.0 1.0 0.0 0.0 0.0
1435288512.76
548.8 -4.3 15.0 1.0 0.0 0.0 0.0
1435288512.79
549.0 -4.3 15.0 1.0 0.0 0.0 0.0
1435288512.82
549.1 -4.3 15.0 1.0 0.0 0.0 0.0
1435288512.85
549.3 -4.3 15.0 1.0 0.0 0.0 0.0
1435288512.88
549.4 -4.4 15.0 1.0 0.0 0.0 0.0
1435288512.91
549.6 -4.4 15.0 1.0 0.0 0.0 0.0
1435288512.94
549.7 -4.4 15.0 1.0 0.0 0.0 0.0
1435288512.97
549.9 -4.4 15.0 1.0 0.0 0.0 0.0
1435288513.0
550.0 -4.4 15.0 1.0 0.0 0.0 0.0
1435288513.03
550.2 -4.4 15.0 1.0 0.0 0.0 0.0
1435288513.06
550.4 -4.4 15.0 1.0 0.0 0.0 0.0
1435288513.09
550.5 -4.4 15.0 1.0 0.0 0.0 0.0
1435288513.12
550.7 -4.4 15.0 1.0 0.0 0.0 0.0
1435288513.15
550.8 -4.4 15.0 1.0 0.0 0.0 0.0
1435288513.18
550.9 -4.4 15.0 1.0 0.0 0.0 0.0
1435288513.21
551.1 -4.4 15.0 1.0 0.0 0.0 0.0
1435288513.24
551.3 -4.4 15.0 1.0 0.0 0.0 0.0
1435288513.27
551.4 -4.4 15.0 1.0 0.0 0.0 0.0
1435288513.3
551.6 -4.5 15.0 1.0 0.0 0.0 0.0
1435288513.33
551.7 -4.5 15.0 1.0 0.0 0.0 0.0
1435288513.36
551.8 -4.5 15.0 1.0 0.0 0.0 0.0
1435288513.39
552.0 -4.5 15.0 1.0 0.0 0.0 0.0
1435288513.42
552.1 -4.5 15.0 1.0 0.0 0.0 0.0
1435288513.45
552.3 -4.5 15.0 1.0 0.0 0.0 0.0
1435288513.48
552.4 -4.5 15.0 1.0 0.0 0.0 0.0
1435288513.51
552.6 -4.5 15.0 1.0 0.0 0.0 0.0
1435288513.54
552.6 -4.5 15.0 1.0 0.0 0.0 0.0
1435288513.58
552.6 -4.5 15.0 1.0 0.0 0.0 0.0
1435288513.6
552.6 -4.5 15.0 1.0 0.0 0.0 0.0
1435288513.63
552.6 -4.5 15.0 1.0 0.0 0.0 0.0
1435288513.67
552.6 -4.5 15.0 1.0 0.0 0.0 0.0
1435288513.7
552.6 -4.5 15.0 1.0 0.0 0.0 0.0
1435288513.73
552.6 -4.5 15.0 1.0 0.0 0.0 0.0
1435288513.76
552.6 -4.5 15.0 1.0 0.0 0.0 0.0
1435288513.79
552.6 -4.5 15.0 1.0 0.0 0.0 0.0
1435288513.82
552.6 -4.5 15.0 1.0 0.0 0.0 0.0
1435288513.85
552.6 -4.5 15.0 1.0 0.0 0.0 0.0
1435288513.88
552.6 -4.5 15.0 1.0 0.0 0.0 0.0
1435288513.91
552.6 -4.5 15.0 1.0 0.0 0.0 0.0
1435288513.94
552.6 -4.5 15.0 1.0 0.0 0.0 0.0
1435288513.97
552.6 -4.5 15.0 1.0 0.0 0.0 0.0
1435288514.0
552.6 -4.5 15.0 1.0 0.0 0.0 0.0
1435288514.02
552.6 -4.5 15.0 1.0 0.0 0.0 0.0
1435288514.06
552.6 -4.5 15.0 1.0 0.0 0.0 0.0
1435288514.09
552.6 -4.5 15.0 1.0 0.0 0.0 0.0
1435288514.12
552.6 -4.5 15.0 1.0 0.0 0.0 0.0
1435288514.15
552.6 -4.5 15.0 1.0 0.0 0.0 0.0
1435288514.18
552.6 -4.5 15.0 1.0 0.0 0.0 0.0
1435288514.22
552.6 -4.5 15.0 1.0 0.0 0.0 0.0
1435288514.24
552.5 -4.5 15.0 1.0 0.0 0.0 0.0
1435288514.27
552.4 -4.5 15.0 1.0 0.0 0.0 0.0
1435288514.3
552.2 -4.5 15.0 1.0 0.0 0.0 0.0
1435288514.33
552.1 -4.5 15.0 1.0 0.0 0.0 0.0
1435288514.36
551.9 -4.5 15.0 1.0 0.0 0.0 0.0
1435288514.39
551.8 -4.5 15.0 1.0 0.0 0.0 0.0
1435288514.42
551.7 -4.4 15.0 1.0 0.0 0.0 0.0
1435288514.46
551.8 -4.4 15.0 1.0 0.0 0.0 0.0
1435288514.49
551.9 -4.3 15.0 1.0 0.0 0.0 0.0
1435288514.52
552.0 -4.3 15.0 1.0 0.0 0.0 0.0
1435288514.55
552.1 -4.2 15.0 1.0 0.0 0.0 0.0
1435288514.58
552.2 -4.1 15.0 1.0 0.0 0.0 0.0
1435288514.61
552.3 -4.0 15.0 1.0 0.0 0.0 0.0
1435288514.64
552.5 -3.9 15.0 1.0 0.0 0.0 0.0
1435288514.67
552.6 -3.8 15.0 1.0 0.0 0.0 0.0
1435288514.7
552.7 -3.8 15.0 1.0 0.0 0.0 0.0
1435288514.73
552.9 -3.7 15.0 1.0 0.0 0.0 0.0
1435288514.76
553.0 -3.6 15.0 1.0 0.0 0.0 0.0
1435288514.79
553.1 -3.5 15.0 1.0 0.0 0.0 0.0
1435288514.82
553.2 -3.4 15.0 1.0 0.0 0.0 0.0
1435288514.85
553.4 -3.4 15.0 1.0 0.0 0.0 0.0
1435288514.88
553.5 -3.3 15.0 1.0 0.0 0.0 0.0
1435288514.91
553.6 -3.2 15.0 1.0 0.0 0.0 0.0
1435288514.94
553.7 -3.1 15.0 1.0 0.0 0.0 0.0
1435288514.97
553.9 -3.1 15.0 1.0 0.0 0.0 0.0
1435288515.0
554.0 -3.0 15.0 1.0 0.0 0.0 0.0
1435288515.03
554.2 -2.9 15.0 1.0 0.0 0.0 0.0
1435288515.07
554.3 -2.9 15.0 1.0 0.0 0.0 0.0
1435288515.09
554.4 -2.8 15.0 1.0 0.0 0.0 0.0
1435288515.13
554.6 -2.7 15.0 1.0 0.0 0.0 0.0
1435288515.15
554.7 -2.6 15.0 1.0 0.0 0.0 0.0
1435288515.19
554.8 -2.6 15.0 1.0 0.0 0.0 0.0
1435288515.21
554.9 -2.5 15.0 1.0 0.0 0.0 0.0
1435288515.25
555.1 -2.4 15.0 1.0 0.0 0.0 0.0
1435288515.28
555.2 -2.3 15.0 1.0 0.0 0.0 0.0
1435288515.31
555.3 -2.2 15.0 1.0 0.0 0.0 0.0
1435288515.34
555.5 -2.2 15.0 1.0 0.0 0.0 0.0
1435288515.37
555.6 -2.1 15.0 1.0 0.0 0.0 0.0
1435288515.39
555.7 -2.0 15.0 1.0 0.0 0.0 0.0
1435288515.43
555.8 -1.9 15.0 1.0 0.0 0.0 0.0
1435288515.45
556.0 -1.9 15.0 1.0 0.0 0.0 0.0
1435288515.49
556.1 -1.8 15.0 1.0 0.0 0.0 0.0
1435288515.52
556.2 -1.7 15.0 1.0 0.0 0.0 0.0
1435288515.55
556.4 -1.6 15.0 1.0 0.0 0.0 0.0
1435288515.58
556.5 -1.6 15.0 1.0 0.0 0.0 0.0
1435288515.61
556.6 -1.5 15.0 1.0 0.0 0.0 0.0
1435288515.63
556.8 -1.4 15.0 1.0 0.0 0.0 0.0
1435288515.67
556.9 -1.4 15.0 1.0 0.0 0.0 0.0
1435288515.7
557.0 -1.3 15.0 1.0 0.0 0.0 0.0
1435288515.73
557.1 -1.2 15.0 1.0 0.0 0.0 0.0
1435288515.76
557.3 -1.1 15.0 1.0 0.0 0.0 0.0
1435288515.79
557.4 -1.0 15.0 1.0 0.0 0.0 0.0
1435288515.82
557.6 -1.0 15.0 1.0 0.0 0.0 0.0
1435288515.85
557.7 -0.9 15.0 1.0 0.0 0.0 0.0
1435288515.88
557.8 -0.8 15.0 1.0 0.0 0.0 0.0
1435288515.91
557.9 -0.7 15.0 1.0 0.0 0.0 0.0
1435288515.94
558.1 -0.7 15.0 1.0 0.0 0.0 0.0
1435288515.97
558.2 -0.6 15.0 1.0 0.0 0.0 0.0
1435288516.0
558.3 -0.5 15.0 1.0 0.0 0.0 0.0
1435288516.03
558.5 -0.4 15.0 1.0 0.0 0.0 0.0
1435288516.06
558.6 -0.3 15.0 1.0 0.0 0.0 0.0
1435288516.09
558.7 -0.3 15.0 1.0 0.0 0.0 0.0
1435288516.12
558.9 -0.2 15.0 1.0 0.0 0.0 0.0
1435288516.15
559.0 -0.1 15.0 1.0 0.0 0.0 0.0
1435288516.18
559.1 -0.1 15.0 1.0 0.0 0.0 0.0
1435288516.21
559.2 0.0 15.0 1.0 0.0 0.0 0.0
1435288516.24
559.4 0.1 15.0 1.0 0.0 0.0 0.0
1435288516.27
559.5 0.2 15.0 1.0 0.0 0.0 0.0
1435288516.3
559.6 0.2 15.0 1.0 0.0 0.0 0.0
1435288516.33
559.7 0.3 15.0 1.0 0.0 0.0 0.0
1435288516.36
559.9 0.4 15.0 1.0 0.0 0.0 0.0
1435288516.39
560.0 0.5 15.0 1.0 0.0 0.0 0.0
1435288516.42
560.2 0.5 15.0 1.0 0.0 0.0 0.0
1435288516.45
560.3 0.6 15.0 1.0 0.0 0.0 0.0
1435288516.48
560.4 0.7 15.0 1.0 0.0 0.0 0.0
1435288516.51
560.5 0.8 15.0 1.0 0.0 0.0 0.0
1435288516.54
560.6 0.8 15.0 1.0 0.0 0.0 0.0
1435288516.57
560.6 0.8 15.0 1.0 0.0 0.0 0.0
1435288516.6
560.6 0.8 15.0 1.0 0.0 0.0 0.0
1435288516.63
560.6 0.8 15.0 1.0 0.0 0.0 0.0
1435288516.66
560.6 0.8 15.0 1.0 0.0 0.0 0.0
1435288516.69
560.6 0.8 15.0 1.0 0.0 0.0 0.0
1435288516.72
560.6 0.8 15.0 1.0 0.0 0.0 0.0
1435288516.75
560.6 0.8 15.0 1.0 0.0 0.0 0.0
1435288516.78
560.6 0.8 15.0 1.0 0.0 0.0 0.0
1435288516.81
560.6 0.8 15.0 1.0 0.0 0.0 0.0
1435288516.84
560.6 0.8 15.0 1.0 0.0 0.0 0.0
1435288516.87
560.6 0.8 15.0 1.0 0.0 0.0 0.0
1435288516.91
560.6 0.8 15.0 1.0 0.0 0.0 0.0
1435288516.93
560.6 0.8 15.0 1.0 0.0 0.0 0.0
1435288516.97
560.6 0.8 15.0 1.0 0.0 0.0 0.0
1435288517.0
560.6 0.8 15.0 1.0 0.0 0.0 0.0
1435288517.03
560.6 0.8 15.0 1.0 0.0 0.0 0.0
1435288517.06
560.6 0.8 15.0 1.0 0.0 0.0 0.0
1435288517.09
560.6 0.8 15.0 1.0 0.0 0.0 0.0
1435288517.11
560.6 0.8 15.0 1.0 0.0 0.0 0.0
1435288517.14
560.6 0.8 15.0 1.0 0.0 0.0 0.0
1435288517.18
560.6 0.8 15.0 1.0 0.0 0.0 0.0
1435288517.2
560.6 0.8 15.0 1.0 0.0 0.0 0.0
1435288517.24
560.6 0.8 15.0 1.0 0.0 0.0 0.0
1435288517.26
560.6 0.8 15.0 1.0 0.0 0.0 0.0
1435288517.3
560.5 0.7 15.0 1.0 0.0 0.0 0.0
1435288517.33
560.4 0.7 15.0 1.0 0.0 0.0 0.0
1435288517.36
560.2 0.6 15.0 1.0 0.0 0.0 0.0
1435288517.39
560.2 0.5 15.0 1.0 0.0 0.0 0.0
1435288517.42
560.2 0.5 15.0 1.0 0.0 0.0 0.0
1435288517.45
560.2 0.5 15.0 1.0 0.0 0.0 0.0
1435288517.48
560.3 0.5 15.0 1.0 0.0 0.0 0.0
1435288517.51
560.4 0.6 15.0 1.0 0.0 0.0 0.0
1435288517.54
560.5 0.6 15.0 1.0 0.0 0.0 0.0
1435288517.57
560.7 0.7 15.0 1.0 0.0 0.0 0.0
1435288517.6
560.8 0.7 15.0 1.0 0.0 0.0 0.0
1435288517.63
560.9 0.8 15.0 1.0 0.0 0.0 0.0
1435288517.66
561.1 0.8 15.0 1.0 0.0 0.0 0.0
1435288517.69
561.2 0.9 15.0 1.0 0.0 0.0 0.0
1435288517.72
561.4 1.0 15.0 1.0 0.0 0.0 0.0
1435288517.75
561.5 1.1 15.0 1.0 0.0 0.0 0.0
1435288517.78
561.6 1.1 15.0 1.0 0.0 0.0 0.0
1435288517.81
561.8 1.2 15.0 1.0 0.0 0.0 0.0
1435288517.84
561.9 1.2 15.0 1.0 0.0 0.0 0.0
1435288517.87
562.1 1.3 15.0 1.0 0.0 0.0 0.0
1435288517.9
562.2 1.4 15.0 1.0 0.0 0.0 0.0
1435288517.93
562.3 1.4 15.0 1.0 0.0 0.0 0.0
1435288517.97
562.5 1.5 15.0 1.0 0.0 0.0 0.0
1435288517.99
562.6 1.5 15.0 1.0 0.0 0.0 0.0
1435288518.02
562.7 1.6 15.0 1.0 0.0 0.0 0.0
1435288518.05
562.9 1.7 15.0 1.0 0.0 0.0 0.0
1435288518.08
563.0 1.7 15.0 1.0 0.0 0.0 0.0
1435288518.11
563.2 1.8 15.0 1.0 0.0 0.0 0.0
1435288518.15
563.3 1.8 15.0 1.0 0.0 0.0 0.0
1435288518.17
563.5 1.9 15.0 1.0 0.0 0.0 0.0
1435288518.21
563.6 2.0 15.0 1.0 0.0 0.0 0.0
1435288518.23
563.7 2.0 15.0 1.0 0.0 0.0 0.0
1435288518.27
563.8 2.1 15.0 1.0 0.0 0.0 0.0
1435288518.3
564.0 2.2 15.0 1.0 0.0 0.0 0.0
1435288518.33
564.1 2.2 15.0 1.0 0.0 0.0 0.0
1435288518.36
564.3 2.3 15.0 1.0 0.0 0.0 0.0
1435288518.39
564.4 2.4 15.0 1.0 0.0 0.0 0.0
1435288518.42
564.6 2.4 15.0 1.0 0.0 0.0 0.0
1435288518.45
564.7 2.5 15.0 1.0 0.0 0.0 0.0
1435288518.48
564.8 2.5 15.0 1.0 0.0 0.0 0.0
1435288518.51
565.0 2.6 15.0 1.0 0.0 0.0 0.0
1435288518.54
565.1 2.7 15.0 1.0 0.0 0.0 0.0
1435288518.57
565.2 2.7 15.0 1.0 0.0 0.0 0.0
1435288518.6
565.4 2.8 15.0 1.0 0.0 0.0 0.0
1435288518.63
565.5 2.8 15.0 1.0 0.0 0.0 0.0
1435288518.66
565.7 2.9 15.0 1.0 0.0 0.0 0.0
1435288518.69
565.8 3.0 15.0 1.0 0.0 0.0 0.0
1435288518.72
565.9 3.0 15.0 1.0 0.0 0.0 0.0
1435288518.75
566.1 3.1 15.0 1.0 0.0 0.0 0.0
1435288518.78
566.2 3.1 15.0 1.0 0.0 0.0 0.0
1435288518.81
566.3 3.2 15.0 1.0 0.0 0.0 0.0
1435288518.84
566.5 3.3 15.0 1.0 0.0 0.0 0.0
1435288518.87
566.6 3.3 15.0 1.0 0.0 0.0 0.0
1435288518.9
566.8 3.4 15.0 1.0 0.0 0.0 0.0
1435288518.94
566.9 3.4 15.0 1.0 0.0 0.0 0.0
1435288518.96
567.0 3.5 15.0 1.0 0.0 0.0 0.0
1435288518.99
567.2 3.6 15.0 1.0 0.0 0.0 0.0
1435288519.02
567.3 3.6 15.0 1.0 0.0 0.0 0.0
1435288519.05
567.4 3.7 15.0 1.0 0.0 0.0 0.0
1435288519.08
567.6 3.8 15.0 1.0 0.0 0.0 0.0
1435288519.11
567.7 3.8 15.0 1.0 0.0 0.0 0.0
1435288519.14
567.9 3.9 15.0 1.0 0.0 0.0 0.0
1435288519.18
568.0 3.9 15.0 1.0 0.0 0.0 0.0
1435288519.21
568.2 4.0 15.0 1.0 0.0 0.0 0.0
1435288519.24
568.3 4.1 15.0 1.0 0.0 0.0 0.0
1435288519.27
568.4 4.1 15.0 1.0 0.0 0.0 0.0
1435288519.3
568.6 4.2 15.0 1.0 0.0 0.0 0.0
1435288519.33
568.7 4.2 15.0 1.0 0.0 0.0 0.0
1435288519.36
568.8 4.3 15.0 1.0 0.0 0.0 0.0
1435288519.39
569.0 4.4 15.0 1.0 0.0 0.0 0.0
1435288519.42
569.1 4.4 15.0 1.0 0.0 0.0 0.0
1435288519.45
569.3 4.5 15.0 1.0 0.0 0.0 0.0
1435288519.48
569.4 4.5 15.0 1.0 0.0 0.0 0.0
1435288519.51
569.5 4.6 15.0 1.0 0.0 0.0 0.0
1435288519.54
569.7 4.7 15.0 1.0 0.0 0.0 0.0
1435288519.57
569.8 4.7 15.0 1.0 0.0 0.0 0.0
1435288519.6
569.9 4.8 15.0 1.0 0.0 0.0 0.0
1435288519.63
570.1 4.9 15.0 1.0 0.0 0.0 0.0
1435288519.66
570.2 4.9 15.0 1.0 0.0 0.0 0.0
1435288519.69
570.4 5.0 15.0 1.0 0.0 0.0 0.0
1435288519.72
570.5 5.0 15.0 1.0 0.0 0.0 0.0
1435288519.75
570.7 5.1 15.0 1.0 0.0 0.0 0.0
1435288519.79
570.8 5.2 15.0 1.0 0.0 0.0 0.0
1435288519.81
570.9 5.2 15.0 1.0 0.0 0.0 0.0
1435288519.85
571.1 5.3 15.0 1.0 0.0 0.0 0.0
1435288519.88
571.2 5.4 15.0 1.0 0.0 0.0 0.0
1435288519.91
571.4 5.4 15.0 1.0 0.0 0.0 0.0
1435288519.94
571.5 5.5 15.0 1.0 0.0 0.0 0.0
1435288519.97
571.6 5.5 15.0 1.0 0.0 0.0 0.0
1435288520.0
571.8 5.6 15.0 1.0 0.0 0.0 0.0
1435288520.03
571.9 5.7 15.0 1.0 0.0 0.0 0.0
1435288520.06
572.0 5.7 15.0 1.0 0.0 0.0 0.0
1435288520.09
572.2 5.8 15.0 1.0 0.0 0.0 0.0
1435288520.12
572.3 5.8 15.0 1.0 0.0 0.0 0.0
1435288520.15
572.5 5.9 15.0 1.0 0.0 0.0 0.0
1435288520.18
572.6 6.0 15.0 1.0 0.0 0.0 0.0
1435288520.21
572.7 6.0 15.0 1.0 0.0 0.0 0.0
1435288520.24
572.9 6.1 15.0 1.0 0.0 0.0 0.0
1435288520.27
573.0 6.1 15.0 1.0 0.0 0.0 0.0
1435288520.3
573.1 6.2 15.0 1.0 0.0 0.0 0.0
1435288520.33
573.3 6.3 15.0 1.0 0.0 0.0 0.0
1435288520.36
573.4 6.3 15.0 1.0 0.0 0.0 0.0
1435288520.39
573.5 6.4 15.0 1.0 0.0 0.0 0.0
1435288520.42
573.7 6.4 15.0 1.0 0.0 0.0 0.0
1435288520.45
573.8 6.5 15.0 1.0 0.0 0.0 0.0
1435288520.48
574.0 6.6 15.0 1.0 0.0 0.0 0.0
1435288520.51
574.1 6.6 15.0 1.0 0.0 0.0 0.0
1435288520.54
574.3 6.7 15.0 1.0 0.0 0.0 0.0
1435288520.57
574.4 6.8 15.0 1.0 0.0 0.0 0.0
1435288520.6
574.5 6.8 15.0 1.0 0.0 0.0 0.0
1435288520.63
574.6 6.9 15.0 1.0 0.0 0.0 0.0
1435288520.66
574.8 7.0 15.0 1.0 0.0 0.0 0.0
1435288520.69
574.9 7.0 15.0 1.0 0.0 0.0 0.0
1435288520.72
575.1 7.1 15.0 1.0 0.0 0.0 0.0
1435288520.75
575.2 7.1 15.0 1.0 0.0 0.0 0.0
1435288520.78
575.3 7.2 15.0 1.0 0.0 0.0 0.0
1435288520.81
575.5 7.2 15.0 1.0 0.0 0.0 0.0
1435288520.84
575.6 7.3 15.0 1.0 0.0 0.0 0.0
1435288520.87
575.7 7.4 15.0 1.0 0.0 0.0 0.0
1435288520.9
575.9 7.4 15.0 1.0 0.0 0.0 0.0
1435288520.93
576.0 7.5 15.0 1.0 0.0 0.0 0.0
1435288520.96
576.2 7.5 15.0 1.0 0.0 0.0 0.0
1435288520.99
576.3 7.6 15.0 1.0 0.0 0.0 0.0
1435288521.02
576.3 7.6 15.0 1.0 0.0 0.0 0.0
1435288521.05
576.3 7.6 15.0 1.0 0.0 0.0 0.0
1435288521.08
576.3 7.6 15.0 1.0 0.0 0.0 0.0
1435288521.11
576.3 7.6 15.0 1.0 0.0 0.0 0.0
1435288521.14
576.3 7.6 15.0 1.0 0.0 0.0 0.0
1435288521.17
576.3 7.6 15.0 1.0 0.0 0.0 0.0
1435288521.2
576.3 7.6 15.0 1.0 0.0 0.0 0.0
1435288521.23
576.3 7.6 15.0 1.0 0.0 0.0 0.0
1435288521.26
576.3 7.6 15.0 1.0 0.0 0.0 0.0
1435288521.29
576.3 7.6 15.0 1.0 0.0 0.0 0.0
1435288521.32
576.3 7.6 15.0 1.0 0.0 0.0 0.0
1435288521.35
576.3 7.6 15.0 1.0 0.0 0.0 0.0
1435288521.38
576.3 7.6 15.0 1.0 0.0 0.0 0.0
1435288521.41
576.3 7.6 15.0 1.0 0.0 0.0 0.0
1435288521.44
576.3 7.6 15.0 1.0 0.0 0.0 0.0
1435288521.47
576.3 7.6 15.0 1.0 0.0 0.0 0.0
1435288521.5
576.3 7.6 15.0 1.0 0.0 0.0 0.0
1435288521.53
576.3 7.6 15.0 1.0 0.0 0.0 0.0
1435288521.56
576.3 7.6 15.0 1.0 0.0 0.0 0.0
1435288521.6
576.3 7.6 15.0 1.0 0.0 0.0 0.0
1435288521.63
576.3 7.6 15.0 1.0 0.0 0.0 0.0
1435288521.66
576.3 7.6 15.0 1.0 0.0 0.0 0.0
1435288521.69
576.2 7.6 15.0 1.0 0.0 0.0 0.0
1435288521.72
576.1 7.6 15.0 1.0 0.0 0.0 0.0
1435288521.75
575.9 7.5 15.0 1.0 0.0 0.0 0.0
1435288521.78
575.8 7.5 15.0 1.0 0.0 0.0 0.0
1435288521.81
575.6 7.4 15.0 1.0 0.0 0.0 0.0
1435288521.84
575.5 7.4 15.0 1.0 0.0 0.0 0.0
1435288521.87
575.4 7.3 15.0 1.0 0.0 0.0 0.0
1435288521.9
575.2 7.3 15.0 1.0 0.0 0.0 0.0
1435288521.93
575.2 7.2 15.0 1.0 0.0 0.0 0.0
1435288521.96
575.1 7.2 15.0 1.0 0.0 0.0 0.0
1435288521.99
575.2 7.2 15.0 1.0 0.0 0.0 0.0
1435288522.02
575.3 7.3 15.0 1.0 0.0 0.0 0.0
1435288522.05
575.4 7.3 15.0 1.0 0.0 0.0 0.0
1435288522.08
575.5 7.4 15.0 1.0 0.0 0.0 0.0
1435288522.11
575.6 7.5 15.0 1.0 0.0 0.0 0.0
1435288522.14
575.7 7.6 15.0 1.0 0.0 0.0 0.0
1435288522.17
575.8 7.7 15.0 1.0 0.0 0.0 0.0
1435288522.2
576.0 7.8 15.0 1.0 0.0 0.0 0.0
1435288522.23
576.1 7.9 15.0 1.0 0.0 0.0 0.0
1435288522.26
576.2 8.0 15.0 1.0 0.0 0.0 0.0
1435288522.29
576.3 8.1 15.0 1.0 0.0 0.0 0.0
1435288522.32
576.4 8.2 15.0 1.0 0.0 0.0 0.0
1435288522.35
576.6 8.3 15.0 1.0 0.0 0.0 0.0
1435288522.38
576.7 8.4 15.0 1.0 0.0 0.0 0.0
1435288522.41
576.8 8.5 15.0 1.0 0.0 0.0 0.0
1435288522.44
576.9 8.6 15.0 1.0 0.0 0.0 0.0
1435288522.47
577.1 8.7 15.0 1.0 0.0 0.0 0.0
1435288522.5
577.2 8.7 15.0 1.0 0.0 0.0 0.0
1435288522.53
577.3 8.8 15.0 1.0 0.0 0.0 0.0
1435288522.56
577.4 8.9 15.0 1.0 0.0 0.0 0.0
1435288522.59
577.5 9.0 15.0 1.0 0.0 0.0 0.0
1435288522.62
577.6 9.1 15.0 1.0 0.0 0.0 0.0
1435288522.65
577.8 9.2 15.0 1.0 0.0 0.0 0.0
1435288522.69
577.9 9.3 15.0 1.0 0.0 0.0 0.0
1435288522.71
578.0 9.4 15.0 1.0 0.0 0.0 0.0
1435288522.75
578.1 9.5 15.0 1.0 0.0 0.0 0.0
1435288522.78
578.3 9.5 15.0 1.0 0.0 0.0 0.0
1435288522.81
578.4 9.6 15.0 1.0 0.0 0.0 0.0
1435288522.83
578.5 9.7 15.0 1.0 0.0 0.0 0.0
1435288522.87
578.6 9.8 15.0 1.0 0.0 0.0 0.0
1435288522.89
578.7 9.9 15.0 1.0 0.0 0.0 0.0
1435288522.93
578.9 10.0 15.0 1.0 0.0 0.0 0.0
1435288522.95
579.0 10.1 15.0 1.0 0.0 0.0 0.0
1435288522.99
579.1 10.2 15.0 1.0 0.0 0.0 0.0
1435288523.01
579.2 10.3 15.0 1.0 0.0 0.0 0.0
1435288523.05
579.4 10.4 15.0 1.0 0.0 0.0 0.0
1435288523.07
579.5 10.5 15.0 1.0 0.0 0.0 0.0
1435288523.11
579.6 10.5 15.0 1.0 0.0 0.0 0.0
1435288523.13
579.7 10.6 15.0 1.0 0.0 0.0 0.0
1435288523.17
579.8 10.7 15.0 1.0 0.0 0.0 0.0
1435288523.2
579.9 10.8 15.0 1.0 0.0 0.0 0.0
1435288523.23
580.1 10.9 15.0 1.0 0.0 0.0 0.0
1435288523.26
580.2 11.0 15.0 1.0 0.0 0.0 0.0
1435288523.29
580.3 11.1 15.0 1.0 0.0 0.0 0.0
1435288523.32
580.4 11.2 15.0 1.0 0.0 0.0 0.0
1435288523.35
580.5 11.3 15.0 1.0 0.0 0.0 0.0
1435288523.38
580.7 11.4 15.0 1.0 0.0 0.0 0.0
1435288523.41
580.8 11.5 15.0 1.0 0.0 0.0 0.0
1435288523.44
580.9 11.6 15.0 1.0 0.0 0.0 0.0
1435288523.47
581.0 11.6 15.0 1.0 0.0 0.0 0.0
1435288523.5
581.1 11.8 15.0 1.0 0.0 0.0 0.0
1435288523.53
581.2 11.8 15.0 1.0 0.0 0.0 0.0
1435288523.56
581.4 11.9 15.0 1.0 0.0 0.0 0.0
1435288523.59
581.5 12.0 15.0 1.0 0.0 0.0 0.0
1435288523.62
581.6 12.1 15.0 1.0 0.0 0.0 0.0
1435288523.65
581.7 12.2 15.0 1.0 0.0 0.0 0.0
1435288523.68
581.9 12.3 15.0 1.0 0.0 0.0 0.0
1435288523.71
582.0 12.4 15.0 1.0 0.0 0.0 0.0
1435288523.74
582.1 12.4 15.0 1.0 0.0 0.0 0.0
1435288523.77
582.2 12.5 15.0 1.0 0.0 0.0 0.0
1435288523.8
582.4 12.6 15.0 1.0 0.0 0.0 0.0
1435288523.83
582.5 12.7 15.0 1.0 0.0 0.0 0.0
1435288523.86
582.6 12.8 15.0 1.0 0.0 0.0 0.0
1435288523.89
582.7 12.9 15.0 1.0 0.0 0.0 0.0
1435288523.92
582.8 13.0 15.0 1.0 0.0 0.0 0.0
1435288523.95
583.0 13.1 15.0 1.0 0.0 0.0 0.0
1435288523.98
583.1 13.2 15.0 1.0 0.0 0.0 0.0
1435288524.01
583.2 13.3 15.0 1.0 0.0 0.0 0.0
1435288524.04
583.3 13.4 15.0 1.0 0.0 0.0 0.0
1435288524.07
583.4 13.5 15.0 1.0 0.0 0.0 0.0
1435288524.1
583.6 13.6 15.0 1.0 0.0 0.0 0.0
1435288524.13
583.7 13.6 15.0 1.0 0.0 0.0 0.0
1435288524.16
583.8 13.7 15.0 1.0 0.0 0.0 0.0
1435288524.19
583.9 13.8 15.0 1.0 0.0 0.0 0.0
1435288524.22
584.0 13.9 15.0 1.0 0.0 0.0 0.0
1435288524.25
584.2 14.0 15.0 1.0 0.0 0.0 0.0
1435288524.28
584.3 14.1 15.0 1.0 0.0 0.0 0.0
1435288524.31
584.4 14.2 15.0 1.0 0.0 0.0 0.0
1435288524.34
584.5 14.3 15.0 1.0 0.0 0.0 0.0
1435288524.37
584.6 14.4 15.0 1.0 0.0 0.0 0.0
1435288524.4
584.8 14.5 15.0 1.0 0.0 0.0 0.0
1435288524.43
584.9 14.5 15.0 1.0 0.0 0.0 0.0
1435288524.46
585.0 14.6 15.0 1.0 0.0 0.0 0.0
1435288524.5
585.1 14.7 15.0 1.0 0.0 0.0 0.0
1435288524.52
585.3 14.8 15.0 1.0 0.0 0.0 0.0
1435288524.56
585.4 14.9 15.0 1.0 0.0 0.0 0.0
1435288524.58
585.5 15.0 15.0 1.0 0.0 0.0 0.0
1435288524.62
585.6 15.1 15.0 1.0 0.0 0.0 0.0
1435288524.64
585.7 15.2 15.0 1.0 0.0 0.0 0.0
1435288524.68
585.8 15.3 15.0 1.0 0.0 0.0 0.0
1435288524.71
586.0 15.4 15.0 1.0 0.0 0.0 0.0
1435288524.74
586.1 15.4 15.0 1.0 0.0 0.0 0.0
1435288524.77
586.2 15.5 15.0 1.0 0.0 0.0 0.0
1435288524.8
586.3 15.6 15.0 1.0 0.0 0.0 0.0
1435288524.83
586.5 15.7 15.0 1.0 0.0 0.0 0.0
1435288524.86
586.6 15.8 15.0 1.0 0.0 0.0 0.0
1435288524.89
586.7 15.9 15.0 1.0 0.0 0.0 0.0
1435288524.92
586.8 16.0 15.0 1.0 0.0 0.0 0.0
1435288524.95
586.9 16.1 15.0 1.0 0.0 0.0 0.0
1435288524.98
587.1 16.2 15.0 1.0 0.0 0.0 0.0
1435288525.01
587.2 16.3 15.0 1.0 0.0 0.0 0.0
1435288525.04
587.3 16.4 15.0 1.0 0.0 0.0 0.0
1435288525.07
587.4 16.5 15.0 1.0 0.0 0.0 0.0
1435288525.1
587.5 16.6 15.0 1.0 0.0 0.0 0.0
1435288525.13
587.7 16.6 15.0 1.0 0.0 0.0 0.0
1435288525.16
587.8 16.7 15.0 1.0 0.0 0.0 0.0
1435288525.19
587.9 16.8 15.0 1.0 0.0 0.0 0.0
1435288525.22
588.0 16.9 15.0 1.0 0.0 0.0 0.0
1435288525.25
588.1 17.0 15.0 1.0 0.0 0.0 0.0
1435288525.28
588.3 17.1 15.0 1.0 0.0 0.0 0.0
1435288525.31
588.4 17.2 15.0 1.0 0.0 0.0 0.0
1435288525.34
588.5 17.3 15.0 1.0 0.0 0.0 0.0
1435288525.37
588.6 17.3 15.0 1.0 0.0 0.0 0.0
1435288525.4
588.7 17.4 15.0 1.0 0.0 0.0 0.0
1435288525.43
588.9 17.5 15.0 1.0 0.0 0.0 0.0
1435288525.46
589.0 17.6 15.0 1.0 0.0 0.0 0.0
1435288525.49
589.1 17.7 15.0 1.0 0.0 0.0 0.0
1435288525.52
589.2 17.8 15.0 1.0 0.0 0.0 0.0
1435288525.55
589.4 17.9 15.0 1.0 0.0 0.0 0.0
1435288525.58
589.5 18.0 15.0 1.0 0.0 0.0 0.0
1435288525.61
589.6 18.1 15.0 1.0 0.0 0.0 0.0
1435288525.64
589.7 18.2 15.0 1.0 0.0 0.0 0.0
1435288525.67
589.8 18.3 15.0 1.0 0.0 0.0 0.0
1435288525.7
590.0 18.4 15.0 1.0 0.0 0.0 0.0
1435288525.73
590.1 18.5 15.0 1.0 0.0 0.0 0.0
1435288525.77
590.2 18.6 15.0 1.0 0.0 0.0 0.0
1435288525.79
590.3 18.6 15.0 1.0 0.0 0.0 0.0
1435288525.82
590.4 18.7 15.0 1.0 0.0 0.0 0.0
1435288525.85
590.6 18.8 15.0 1.0 0.0 0.0 0.0
1435288525.89
590.7 18.9 15.0 1.0 0.0 0.0 0.0
1435288525.91
590.8 19.0 15.0 1.0 0.0 0.0 0.0
1435288525.94
590.9 19.1 15.0 1.0 0.0 0.0 0.0
1435288525.97
591.1 19.2 15.0 1.0 0.0 0.0 0.0
1435288526.01
591.2 19.3 15.0 1.0 0.0 0.0 0.0
1435288526.03
591.3 19.4 15.0 1.0 0.0 0.0 0.0
1435288526.07
591.4 19.5 15.0 1.0 0.0 0.0 0.0
1435288526.09
591.6 19.6 15.0 1.0 0.0 0.0 0.0
1435288526.13
591.7 19.6 15.0 1.0 0.0 0.0 0.0
1435288526.16
591.8 19.7 15.0 1.0 0.0 0.0 0.0
1435288526.19
591.9 19.8 15.0 1.0 0.0 0.0 0.0
1435288526.22
592.0 19.9 15.0 1.0 0.0 0.0 0.0
1435288526.25
592.1 20.0 15.0 1.0 0.0 0.0 0.0
1435288526.28
592.3 20.1 15.0 1.0 0.0 0.0 0.0
1435288526.31
592.4 20.2 15.0 1.0 0.0 0.0 0.0
1435288526.34
592.5 20.3 15.0 1.0 0.0 0.0 0.0
1435288526.37
592.6 20.4 15.0 1.0 0.0 0.0 0.0
1435288526.4
592.8 20.5 15.0 1.0 0.0 0.0 0.0
1435288526.43
592.9 20.5 15.0 1.0 0.0 0.0 0.0
1435288526.46
593.0 20.6 15.0 1.0 0.0 0.0 0.0
1435288526.49
593.1 20.7 15.0 1.0 0.0 0.0 0.0
1435288526.52
593.2 20.8 15.0 1.0 0.0 0.0 0.0
1435288526.56
593.3 20.9 15.0 1.0 0.0 0.0 0.0
1435288526.58
593.5 21.0 15.0 1.0 0.0 0.0 0.0
1435288526.61
593.6 21.1 15.0 1.0 0.0 0.0 0.0
1435288526.64
593.7 21.2 15.0 1.0 0.0 0.0 0.0
1435288526.68
593.8 21.3 15.0 1.0 0.0 0.0 0.0
1435288526.7
594.0 21.4 15.0 1.0 0.0 0.0 0.0
1435288526.73
594.1 21.5 15.0 1.0 0.0 0.0 0.0
1435288526.76
594.2 21.6 15.0 1.0 0.0 0.0 0.0
1435288526.79
594.3 21.6 15.0 1.0 0.0 0.0 0.0
1435288526.82
594.4 21.7 15.0 1.0 0.0 0.0 0.0
1435288526.85
594.5 21.8 15.0 1.0 0.0 0.0 0.0
1435288526.88
594.7 21.9 15.0 1.0 0.0 0.0 0.0
1435288526.91
594.8 22.0 15.0 1.0 0.0 0.0 0.0
1435288526.94
594.9 22.1 15.0 1.0 0.0 0.0 0.0
1435288526.97
595.0 22.2 15.0 1.0 0.0 0.0 0.0
1435288527.0
595.2 22.3 15.0 1.0 0.0 0.0 0.0
1435288527.03
595.2 22.3 15.0 1.0 0.0 0.0 0.0
1435288527.06
595.2 22.3 15.0 1.0 0.0 0.0 0.0
1435288527.09
595.2 22.3 15.0 1.0 0.0 0.0 0.0
1435288527.12
595.2 22.3 15.0 1.0 0.0 0.0 0.0
1435288527.15
595.2 22.3 15.0 1.0 0.0 0.0 0.0
1435288527.18
595.2 22.3 15.0 1.0 0.0 0.0 0.0
1435288527.21
595.2 22.3 15.0 1.0 0.0 0.0 0.0
1435288527.24
595.2 22.3 15.0 1.0 0.0 0.0 0.0
1435288527.28
595.2 22.3 15.0 1.0 0.0 0.0 0.0
1435288527.31
595.2 22.3 15.0 1.0 0.0 0.0 0.0
1435288527.34
595.2 22.3 15.0 1.0 0.0 0.0 0.0
1435288527.37
595.2 22.3 15.0 1.0 0.0 0.0 0.0
1435288527.4
595.2 22.3 15.0 1.0 0.0 0.0 0.0
1435288527.43
595.2 22.3 15.0 1.0 0.0 0.0 0.0
1435288527.46
595.2 22.3 15.0 1.0 0.0 0.0 0.0
1435288527.49
595.2 22.3 15.0 1.0 0.0 0.0 0.0
1435288527.52
595.2 22.3 15.0 1.0 0.0 0.0 0.0
1435288527.55
595.2 22.3 15.0 1.0 0.0 0.0 0.0
1435288527.58
595.2 22.3 15.0 1.0 0.0 0.0 0.0
1435288527.61
595.2 22.3 15.0 1.0 0.0 0.0 0.0
1435288527.64
595.2 22.3 15.0 1.0 0.0 0.0 0.0
1435288527.67
595.2 22.3 15.0 1.0 0.0 0.0 0.0
1435288527.7
595.2 22.3 15.0 1.0 0.0 0.0 0.0
1435288527.73
595.1 22.3 15.0 1.0 0.0 0.0 0.0
1435288527.76
595.0 22.2 15.0 1.0 0.0 0.0 0.0
1435288527.79
594.9 22.1 15.0 1.0 0.0 0.0 0.0
1435288527.82
594.8 22.1 15.0 1.0 0.0 0.0 0.0
1435288527.85
594.7 22.0 15.0 1.0 0.0 0.0 0.0
1435288527.88
594.5 21.9 15.0 1.0 0.0 0.0 0.0
1435288527.91
594.4 21.7 15.0 1.0 0.0 0.0 0.0
1435288527.94
594.3 21.6 15.0 1.0 0.0 0.0 0.0
1435288527.97
594.2 21.5 15.0 1.0 0.0 0.0 0.0
1435288528.0
594.1 21.4 15.0 1.0 0.0 0.0 0.0
1435288528.03
594.0 21.3 15.0 1.0 0.0 0.0 0.0
1435288528.06
593.9 21.2 15.0 1.0 0.0 0.0 0.0
1435288528.09
593.8 21.1 15.0 1.0 0.0 0.0 0.0
1435288528.12
593.8 21.0 15.0 1.0 0.0 0.0 0.0
1435288528.15
593.8 20.8 15.0 1.0 0.0 0.0 0.0
1435288528.18
593.8 20.7 15.0 1.0 0.0 0.0 0.0
1435288528.21
593.9 20.6 15.0 1.0 0.0 0.0 0.0
1435288528.24
593.9 20.4 15.0 1.0 0.0 0.0 0.0
1435288528.27
593.9 20.3 15.0 1.0 0.0 0.0 0.0
1435288528.3
594.0 20.1 15.0 1.0 0.0 0.0 0.0
1435288528.33
594.0 20.0 15.0 1.0 0.0 0.0 0.0
1435288528.36
594.0 19.8 15.0 1.0 0.0 0.0 0.0
1435288528.39
594.1 19.7 15.0 1.0 0.0 0.0 0.0
1435288528.43
594.1 19.5 15.0 1.0 0.0 0.0 0.0
1435288528.45
594.1 19.4 15.0 1.0 0.0 0.0 0.0
1435288528.49
594.1 19.2 15.0 1.0 0.0 0.0 0.0
1435288528.52
594.2 19.1 15.0 1.0 0.0 0.0 0.0
1435288528.55
594.2 18.9 15.0 1.0 0.0 0.0 0.0
1435288528.58
594.3 18.8 15.0 1.0 0.0 0.0 0.0
1435288528.61
594.3 18.7 15.0 1.0 0.0 0.0 0.0
1435288528.63
594.3 18.5 15.0 1.0 0.0 0.0 0.0
1435288528.67
594.4 18.4 15.0 1.0 0.0 0.0 0.0
1435288528.69
594.4 18.2 15.0 1.0 0.0 0.0 0.0
1435288528.73
594.4 18.1 15.0 1.0 0.0 0.0 0.0
1435288528.76
594.5 17.9 15.0 1.0 0.0 0.0 0.0
1435288528.79
594.5 17.8 15.0 1.0 0.0 0.0 0.0
1435288528.82
594.5 17.6 15.0 1.0 0.0 0.0 0.0
1435288528.85
594.6 17.5 15.0 1.0 0.0 0.0 0.0
1435288528.88
594.6 17.3 15.0 1.0 0.0 0.0 0.0
1435288528.91
594.7 17.2 15.0 1.0 0.0 0.0 0.0
1435288528.94
594.7 17.0 15.0 1.0 0.0 0.0 0.0
1435288528.97
594.7 16.9 15.0 1.0 0.0 0.0 0.0
1435288529.0
594.8 16.7 15.0 1.0 0.0 0.0 0.0
1435288529.03
594.8 16.6 15.0 1.0 0.0 0.0 0.0
1435288529.06
594.8 16.4 15.0 1.0 0.0 0.0 0.0
1435288529.09
594.9 16.3 15.0 1.0 0.0 0.0 0.0
1435288529.12
594.9 16.1 15.0 1.0 0.0 0.0 0.0
1435288529.15
594.9 16.0 15.0 1.0 0.0 0.0 0.0
1435288529.18
595.0 15.9 15.0 1.0 0.0 0.0 0.0
1435288529.21
595.0 15.7 15.0 1.0 0.0 0.0 0.0
1435288529.24
595.1 15.6 15.0 1.0 0.0 0.0 0.0
1435288529.27
595.1 15.4 15.0 1.0 0.0 0.0 0.0
1435288529.3
595.1 15.3 15.0 1.0 0.0 0.0 0.0
1435288529.33
595.2 15.1 15.0 1.0 0.0 0.0 0.0
1435288529.36
595.2 15.0 15.0 1.0 0.0 0.0 0.0
1435288529.39
595.2 14.8 15.0 1.0 0.0 0.0 0.0
1435288529.42
595.3 14.7 15.0 1.0 0.0 0.0 0.0
1435288529.45
595.3 14.5 15.0 1.0 0.0 0.0 0.0
1435288529.48
595.3 14.4 15.0 1.0 0.0 0.0 0.0
1435288529.51
595.4 14.2 15.0 1.0 0.0 0.0 0.0
1435288529.54
595.4 14.1 15.0 1.0 0.0 0.0 0.0
1435288529.58
595.4 13.9 15.0 1.0 0.0 0.0 0.0
1435288529.6
595.5 13.8 15.0 1.0 0.0 0.0 0.0
1435288529.64
595.5 13.6 15.0 1.0 0.0 0.0 0.0
1435288529.66
595.6 13.5 15.0 1.0 0.0 0.0 0.0
1435288529.7
595.6 13.3 15.0 1.0 0.0 0.0 0.0
1435288529.73
595.6 13.2 15.0 1.0 0.0 0.0 0.0
1435288529.76
595.7 13.0 15.0 1.0 0.0 0.0 0.0
1435288529.79
595.7 12.9 15.0 1.0 0.0 0.0 0.0
1435288529.82
595.7 12.7 15.0 1.0 0.0 0.0 0.0
1435288529.85
595.8 12.6 15.0 1.0 0.0 0.0 0.0
1435288529.88
595.8 12.5 15.0 1.0 0.0 0.0 0.0
1435288529.91
595.8 12.3 15.0 1.0 0.0 0.0 0.0
1435288529.94
595.9 12.2 15.0 1.0 0.0 0.0 0.0
1435288529.97
595.9 12.0 15.0 1.0 0.0 0.0 0.0
1435288530.0
595.9 11.9 15.0 1.0 0.0 0.0 0.0
1435288530.03
596.0 11.7 15.0 1.0 0.0 0.0 0.0
1435288530.06
596.0 11.6 15.0 1.0 0.0 0.0 0.0
1435288530.09
596.1 11.4 15.0 1.0 0.0 0.0 0.0
1435288530.12
596.1 11.3 15.0 1.0 0.0 0.0 0.0
1435288530.15
596.1 11.1 15.0 1.0 0.0 0.0 0.0
1435288530.18
596.2 11.0 15.0 1.0 0.0 0.0 0.0
1435288530.21
596.2 10.9 15.0 1.0 0.0 0.0 0.0
1435288530.24
596.2 10.7 15.0 1.0 0.0 0.0 0.0
1435288530.27
596.3 10.6 15.0 1.0 0.0 0.0 0.0
1435288530.3
596.3 10.4 15.0 1.0 0.0 0.0 0.0
1435288530.33
596.3 10.3 15.0 1.0 0.0 0.0 0.0
1435288530.36
596.4 10.1 15.0 1.0 0.0 0.0 0.0
1435288530.39
596.4 9.9 15.0 1.0 0.0 0.0 0.0
1435288530.42
596.5 9.8 15.0 1.0 0.0 0.0 0.0
1435288530.45
596.5 9.6 15.0 1.0 0.0 0.0 0.0
1435288530.48
596.5 9.5 15.0 1.0 0.0 0.0 0.0
1435288530.51
596.6 9.4 15.0 1.0 0.0 0.0 0.0
1435288530.54
596.6 9.2 15.0 1.0 0.0 0.0 0.0
1435288530.57
596.6 9.1 15.0 1.0 0.0 0.0 0.0
1435288530.6
596.7 8.9 15.0 1.0 0.0 0.0 0.0
1435288530.63
596.7 8.8 15.0 1.0 0.0 0.0 0.0
1435288530.67
596.7 8.6 15.0 1.0 0.0 0.0 0.0
1435288530.69
596.8 8.5 15.0 1.0 0.0 0.0 0.0
1435288530.73
596.8 8.3 15.0 1.0 0.0 0.0 0.0
1435288530.75
596.8 8.2 15.0 1.0 0.0 0.0 0.0
1435288530.78
596.9 8.1 15.0 1.0 0.0 0.0 0.0
1435288530.81
596.9 7.9 15.0 1.0 0.0 0.0 0.0
1435288530.84
596.9 7.8 15.0 1.0 0.0 0.0 0.0
1435288530.87
597.0 7.6 15.0 1.0 0.0 0.0 0.0
1435288530.9
597.0 7.5 15.0 1.0 0.0 0.0 0.0
1435288530.93
597.1 7.3 15.0 1.0 0.0 0.0 0.0
1435288530.97
597.1 7.2 15.0 1.0 0.0 0.0 0.0
1435288530.99
597.1 7.0 15.0 1.0 0.0 0.0 0.0
1435288531.03
597.2 6.9 15.0 1.0 0.0 0.0 0.0
1435288531.05
597.2 6.7 15.0 1.0 0.0 0.0 0.0
1435288531.08
597.2 6.6 15.0 1.0 0.0 0.0 0.0
1435288531.11
597.3 6.4 15.0 1.0 0.0 0.0 0.0
1435288531.14
597.3 6.3 15.0 1.0 0.0 0.0 0.0
1435288531.17
597.3 6.1 15.0 1.0 0.0 0.0 0.0
1435288531.21
597.4 6.0 15.0 1.0 0.0 0.0 0.0
1435288531.23
597.4 5.9 15.0 1.0 0.0 0.0 0.0
1435288531.27
597.5 5.7 15.0 1.0 0.0 0.0 0.0
1435288531.3
597.5 5.6 15.0 1.0 0.0 0.0 0.0
1435288531.33
597.5 5.5 15.0 1.0 0.0 0.0 0.0
1435288531.36
597.5 5.5 15.0 1.0 0.0 0.0 0.0
1435288531.39
597.5 5.5 15.0 1.0 0.0 0.0 0.0
1435288531.42
597.5 5.5 15.0 1.0 0.0 0.0 0.0
1435288531.45
597.5 5.5 15.0 1.0 0.0 0.0 0.0
1435288531.48
597.5 5.5 15.0 1.0 0.0 0.0 0.0
1435288531.51
597.5 5.5 15.0 1.0 0.0 0.0 0.0
1435288531.54
597.5 5.5 15.0 1.0 0.0 0.0 0.0
1435288531.57
597.5 5.5 15.0 1.0 0.0 0.0 0.0
1435288531.6
597.5 5.5 15.0 1.0 0.0 0.0 0.0
1435288531.63
597.5 5.5 15.0 1.0 0.0 0.0 0.0
1435288531.66
597.5 5.5 15.0 1.0 0.0 0.0 0.0
1435288531.69
597.5 5.5 15.0 1.0 0.0 0.0 0.0
1435288531.73
597.5 5.5 15.0 1.0 0.0 0.0 0.0
1435288531.75
597.5 5.5 15.0 1.0 0.0 0.0 0.0
1435288531.79
597.5 5.5 15.0 1.0 0.0 0.0 0.0
1435288531.81
597.5 5.5 15.0 1.0 0.0 0.0 0.0
1435288531.84
597.5 5.5 15.0 1.0 0.0 0.0 0.0
1435288531.88
597.5 5.5 15.0 1.0 0.0 0.0 0.0
1435288531.91
597.5 5.5 15.0 1.0 0.0 0.0 0.0
1435288531.94
597.5 5.5 15.0 1.0 0.0 0.0 0.0
1435288531.96
597.5 5.5 15.0 1.0 0.0 0.0 0.0
1435288532.0
597.5 5.5 15.0 1.0 0.0 0.0 0.0
1435288532.03
597.5 5.6 15.0 1.0 0.0 0.0 0.0
1435288532.06
597.5 5.6 15.0 1.0 0.0 0.0 0.0
1435288532.09
597.4 5.8 15.0 1.0 0.0 0.0 0.0
1435288532.12
597.4 5.9 15.0 1.0 0.0 0.0 0.0
1435288532.15
597.4 6.1 15.0 1.0 0.0 0.0 0.0
1435288532.18
597.4 6.2 15.0 1.0 0.0 0.0 0.0
1435288532.21
597.3 6.4 15.0 1.0 0.0 0.0 0.0
1435288532.24
597.3 6.5 15.0 1.0 0.0 0.0 0.0
1435288532.27
597.4 6.6 15.0 1.0 0.0 0.0 0.0
1435288532.3
597.4 6.7 15.0 1.0 0.0 0.0 0.0
1435288532.33
597.4 6.7 15.0 1.0 0.0 0.0 0.0
1435288532.36
597.5 6.6 15.0 1.0 0.0 0.0 0.0
1435288532.39
597.6 6.5 15.0 1.0 0.0 0.0 0.0
1435288532.42
597.7 6.4 15.0 1.0 0.0 0.0 0.0
1435288532.45
597.8 6.2 15.0 1.0 0.0 0.0 0.0
1435288532.48
597.9 6.1 15.0 1.0 0.0 0.0 0.0
1435288532.51
598.0 6.0 15.0 1.0 0.0 0.0 0.0
1435288532.54
598.0 5.8 15.0 1.0 0.0 0.0 0.0
1435288532.57
598.1 5.7 15.0 1.0 0.0 0.0 0.0
1435288532.6
598.2 5.6 15.0 1.0 0.0 0.0 0.0
1435288532.63
598.3 5.4 15.0 1.0 0.0 0.0 0.0
1435288532.66
598.4 5.3 15.0 1.0 0.0 0.0 0.0
1435288532.69
598.5 5.2 15.0 1.0 0.0 0.0 0.0
1435288532.72
598.6 5.1 15.0 1.0 0.0 0.0 0.0
1435288532.75
598.7 4.9 15.0 1.0 0.0 0.0 0.0
1435288532.78
598.8 4.8 15.0 1.0 0.0 0.0 0.0
1435288532.81
598.9 4.7 15.0 1.0 0.0 0.0 0.0
1435288532.84
598.9 4.6 15.0 1.0 0.0 0.0 0.0
1435288532.87
599.0 4.5 15.0 1.0 0.0 0.0 0.0
1435288532.9
599.1 4.3 15.0 1.0 0.0 0.0 0.0
1435288532.93
599.2 4.2 15.0 1.0 0.0 0.0 0.0
1435288532.96
599.3 4.1 15.0 1.0 0.0 0.0 0.0
1435288532.99
599.4 4.0 15.0 1.0 0.0 0.0 0.0
1435288533.02
599.5 3.9 15.0 1.0 0.0 0.0 0.0
1435288533.05
599.6 3.7 15.0 1.0 0.0 0.0 0.0
1435288533.08
599.7 3.6 15.0 1.0 0.0 0.0 0.0
1435288533.11
599.8 3.5 15.0 1.0 0.0 0.0 0.0
1435288533.14
599.8 3.4 15.0 1.0 0.0 0.0 0.0
1435288533.17
599.9 3.2 15.0 1.0 0.0 0.0 0.0
1435288533.2
600.0 3.1 15.0 1.0 0.0 0.0 0.0
1435288533.23
600.1 3.0 15.0 1.0 0.0 0.0 0.0
1435288533.26
600.2 2.9 15.0 1.0 0.0 0.0 0.0
1435288533.29
600.3 2.8 15.0 1.0 0.0 0.0 0.0
1435288533.32
600.4 2.7 15.0 1.0 0.0 0.0 0.0
1435288533.35
600.5 2.5 15.0 1.0 0.0 0.0 0.0
1435288533.38
600.5 2.4 15.0 1.0 0.0 0.0 0.0
1435288533.41
600.6 2.3 15.0 1.0 0.0 0.0 0.0
1435288533.44
600.7 2.1 15.0 1.0 0.0 0.0 0.0
1435288533.47
600.8 2.0 15.0 1.0 0.0 0.0 0.0
1435288533.5
600.9 1.9 15.0 1.0 0.0 0.0 0.0
1435288533.53
601.0 1.8 15.0 1.0 0.0 0.0 0.0
1435288533.56
601.1 1.7 15.0 1.0 0.0 0.0 0.0
1435288533.59
601.2 1.6 15.0 1.0 0.0 0.0 0.0
1435288533.63
601.3 1.4 15.0 1.0 0.0 0.0 0.0
1435288533.65
601.3 1.3 15.0 1.0 0.0 0.0 0.0
1435288533.69
601.4 1.2 15.0 1.0 0.0 0.0 0.0
1435288533.72
601.5 1.1 15.0 1.0 0.0 0.0 0.0
1435288533.75
601.6 0.9 15.0 1.0 0.0 0.0 0.0
1435288533.77
601.7 0.8 15.0 1.0 0.0 0.0 0.0
1435288533.81
601.8 0.7 15.0 1.0 0.0 0.0 0.0
1435288533.83
601.9 0.6 15.0 1.0 0.0 0.0 0.0
1435288533.87
602.0 0.4 15.0 1.0 0.0 0.0 0.0
1435288533.89
602.1 0.3 15.0 1.0 0.0 0.0 0.0
1435288533.93
602.2 0.2 15.0 1.0 0.0 0.0 0.0
1435288533.95
602.3 0.1 15.0 1.0 0.0 0.0 0.0
1435288533.99
602.3 0.0 15.0 1.0 0.0 0.0 0.0
1435288534.02
602.4 -0.1 15.0 1.0 0.0 0.0 0.0
1435288534.05
602.5 -0.3 15.0 1.0 0.0 0.0 0.0
1435288534.08
602.6 -0.4 15.0 1.0 0.0 0.0 0.0
1435288534.11
602.7 -0.5 15.0 1.0 0.0 0.0 0.0
1435288534.14
602.8 -0.7 15.0 1.0 0.0 0.0 0.0
1435288534.17
602.9 -0.8 15.0 1.0 0.0 0.0 0.0
1435288534.2
603.0 -0.9 15.0 1.0 0.0 0.0 0.0
1435288534.23
603.1 -1.0 15.0 1.0 0.0 0.0 0.0
1435288534.26
603.2 -1.2 15.0 1.0 0.0 0.0 0.0
1435288534.29
603.3 -1.3 15.0 1.0 0.0 0.0 0.0
1435288534.32
603.4 -1.4 15.0 1.0 0.0 0.0 0.0
1435288534.35
603.4 -1.5 15.0 1.0 0.0 0.0 0.0
1435288534.38
603.5 -1.6 15.0 1.0 0.0 0.0 0.0
1435288534.42
603.6 -1.7 15.0 1.0 0.0 0.0 0.0
1435288534.44
603.7 -1.9 15.0 1.0 0.0 0.0 0.0
1435288534.48
603.8 -2.0 15.0 1.0 0.0 0.0 0.0
1435288534.51
603.9 -2.1 15.0 1.0 0.0 0.0 0.0
1435288534.54
604.0 -2.2 15.0 1.0 0.0 0.0 0.0
1435288534.57
604.1 -2.4 15.0 1.0 0.0 0.0 0.0
1435288534.6
604.2 -2.5 15.0 1.0 0.0 0.0 0.0
1435288534.63
604.3 -2.6 15.0 1.0 0.0 0.0 0.0
1435288534.66
604.3 -2.7 15.0 1.0 0.0 0.0 0.0
1435288534.69
604.4 -2.9 15.0 1.0 0.0 0.0 0.0
1435288534.72
604.5 -3.0 15.0 1.0 0.0 0.0 0.0
1435288534.75
604.6 -3.1 15.0 1.0 0.0 0.0 0.0
1435288534.78
604.7 -3.2 15.0 1.0 0.0 0.0 0.0
1435288534.81
604.8 -3.3 15.0 1.0 0.0 0.0 0.0
1435288534.84
604.9 -3.4 15.0 1.0 0.0 0.0 0.0
1435288534.87
605.0 -3.6 15.0 1.0 0.0 0.0 0.0
1435288534.9
605.0 -3.7 15.0 1.0 0.0 0.0 0.0
1435288534.93
605.1 -3.8 15.0 1.0 0.0 0.0 0.0
1435288534.96
605.2 -3.9 15.0 1.0 0.0 0.0 0.0
1435288534.99
605.3 -4.1 15.0 1.0 0.0 0.0 0.0
1435288535.02
605.4 -4.2 15.0 1.0 0.0 0.0 0.0
1435288535.05
605.5 -4.3 15.0 1.0 0.0 0.0 0.0
1435288535.08
605.6 -4.4 15.0 1.0 0.0 0.0 0.0
1435288535.11
605.7 -4.5 15.0 1.0 0.0 0.0 0.0
1435288535.14
605.8 -4.7 15.0 1.0 0.0 0.0 0.0
1435288535.17
605.9 -4.8 15.0 1.0 0.0 0.0 0.0
1435288535.2
605.9 -4.9 15.0 1.0 0.0 0.0 0.0
1435288535.23
606.0 -5.0 15.0 1.0 0.0 0.0 0.0
1435288535.27
606.1 -5.2 15.0 1.0 0.0 0.0 0.0
1435288535.3
606.2 -5.3 15.0 1.0 0.0 0.0 0.0
1435288535.33
606.3 -5.4 15.0 1.0 0.0 0.0 0.0
1435288535.36
606.4 -5.5 15.0 1.0 0.0 0.0 0.0
1435288535.39
606.5 -5.7 15.0 1.0 0.0 0.0 0.0
1435288535.42
606.6 -5.8 15.0 1.0 0.0 0.0 0.0
1435288535.45
606.7 -5.9 15.0 1.0 0.0 0.0 0.0
1435288535.48
606.8 -6.0 15.0 1.0 0.0 0.0 0.0
1435288535.51
606.9 -6.1 15.0 1.0 0.0 0.0 0.0
1435288535.53
606.9 -6.3 15.0 1.0 0.0 0.0 0.0
1435288535.56
607.0 -6.4 15.0 1.0 0.0 0.0 0.0
1435288535.6
607.1 -6.5 15.0 1.0 0.0 0.0 0.0
1435288535.63
607.2 -6.6 15.0 1.0 0.0 0.0 0.0
1435288535.66
607.3 -6.7 15.0 1.0 0.0 0.0 0.0
1435288535.69
607.4 -6.8 15.0 1.0 0.0 0.0 0.0
1435288535.72
607.5 -7.0 15.0 1.0 0.0 0.0 0.0
1435288535.75
607.6 -7.1 15.0 1.0 0.0 0.0 0.0
1435288535.78
607.7 -7.2 15.0 1.0 0.0 0.0 0.0
1435288535.81
607.7 -7.3 15.0 1.0 0.0 0.0 0.0
1435288535.83
607.8 -7.5 15.0 1.0 0.0 0.0 0.0
1435288535.87
607.9 -7.6 15.0 1.0 0.0 0.0 0.0
1435288535.9
608.0 -7.7 15.0 1.0 0.0 0.0 0.0
1435288535.93
608.1 -7.8 15.0 1.0 0.0 0.0 0.0
1435288535.96
608.2 -7.9 15.0 1.0 0.0 0.0 0.0
1435288535.99
608.3 -8.1 15.0 1.0 0.0 0.0 0.0
1435288536.02
608.4 -8.2 15.0 1.0 0.0 0.0 0.0
1435288536.05
608.4 -8.3 15.0 1.0 0.0 0.0 0.0
1435288536.07
608.5 -8.4 15.0 1.0 0.0 0.0 0.0
1435288536.11
608.6 -8.5 15.0 1.0 0.0 0.0 0.0
1435288536.14
608.7 -8.7 15.0 1.0 0.0 0.0 0.0
1435288536.17
608.8 -8.8 15.0 1.0 0.0 0.0 0.0
1435288536.2
608.9 -8.9 15.0 1.0 0.0 0.0 0.0
1435288536.23
608.9 -8.9 15.0 1.0 0.0 0.0 0.0
1435288536.26
608.9 -8.9 15.0 1.0 0.0 0.0 0.0
1435288536.29
608.9 -8.9 15.0 1.0 0.0 0.0 0.0
1435288536.31
608.9 -8.9 15.0 1.0 0.0 0.0 0.0
1435288536.35
608.9 -8.9 15.0 1.0 0.0 0.0 0.0
1435288536.38
608.9 -8.9 15.0 1.0 0.0 0.0 0.0
1435288536.41
608.9 -8.9 15.0 1.0 0.0 0.0 0.0
1435288536.44
608.9 -8.9 15.0 1.0 0.0 0.0 0.0
1435288536.47
608.9 -8.9 15.0 1.0 0.0 0.0 0.0
1435288536.5
608.9 -8.9 15.0 1.0 0.0 0.0 0.0
1435288536.53
608.9 -8.9 15.0 1.0 0.0 0.0 0.0
1435288536.56
608.9 -8.9 15.0 1.0 0.0 0.0 0.0
1435288536.59
608.9 -8.9 15.0 1.0 0.0 0.0 0.0
1435288536.62
608.9 -8.9 15.0 1.0 0.0 0.0 0.0
1435288536.65
608.9 -8.9 15.0 1.0 0.0 0.0 0.0
1435288536.68
608.9 -8.9 15.0 1.0 0.0 0.0 0.0
1435288536.71
608.9 -8.9 15.0 1.0 0.0 0.0 0.0
1435288536.74
608.9 -8.9 15.0 1.0 0.0 0.0 0.0
1435288536.77
608.9 -8.9 15.0 1.0 0.0 0.0 0.0
1435288536.8
608.9 -8.9 15.0 1.0 0.0 0.0 0.0
1435288536.83
608.9 -8.9 15.0 1.0 0.0 0.0 0.0
1435288536.86
608.9 -8.9 15.0 1.0 0.0 0.0 0.0
1435288536.89
608.9 -8.9 15.0 1.0 0.0 0.0 0.0
1435288536.92
608.8 -8.8 15.0 1.0 0.0 0.0 0.0
1435288536.95
608.8 -8.7 15.0 1.0 0.0 0.0 0.0
1435288536.98
608.7 -8.6 15.0 1.0 0.0 0.0 0.0
1435288537.01
608.6 -8.5 15.0 1.0 0.0 0.0 0.0
1435288537.04
608.5 -8.4 15.0 1.0 0.0 0.0 0.0
1435288537.07
608.4 -8.3 15.0 1.0 0.0 0.0 0.0
1435288537.1
608.3 -8.2 15.0 1.0 0.0 0.0 0.0
1435288537.13
608.2 -8.1 15.0 1.0 0.0 0.0 0.0
1435288537.16
608.1 -7.9 15.0 1.0 0.0 0.0 0.0
1435288537.19
608.0 -7.8 15.0 1.0 0.0 0.0 0.0
1435288537.22
608.0 -7.8 15.0 1.0 0.0 0.0 0.0
1435288537.25
608.0 -7.8 15.0 1.0 0.0 0.0 0.0
1435288537.28
608.0 -7.8 15.0 1.0 0.0 0.0 0.0
1435288537.31
608.0 -7.8 15.0 1.0 0.0 0.0 0.0
1435288537.34
608.0 -7.8 15.0 1.0 0.0 0.0 0.0
1435288537.37
608.0 -7.8 15.0 1.0 0.0 0.0 0.0
1435288537.4
608.0 -7.8 15.0 1.0 0.0 0.0 0.0
1435288537.43
608.0 -7.8 15.0 1.0 0.0 0.0 0.0
1435288537.46
608.0 -7.8 15.0 1.0 0.0 0.0 0.0
1435288537.49
608.0 -7.8 15.0 1.0 0.0 0.0 0.0
1435288537.52
608.0 -7.8 15.0 1.0 0.0 0.0 0.0
1435288537.55
608.0 -7.8 15.0 1.0 0.0 0.0 0.0
1435288537.58
608.0 -7.8 15.0 1.0 0.0 0.0 0.0
1435288537.61
608.0 -7.8 15.0 1.0 0.0 0.0 0.0
1435288537.64
608.0 -7.8 15.0 1.0 0.0 0.0 0.0
1435288537.67
608.0 -7.8 15.0 1.0 0.0 0.0 0.0
1435288537.71
608.0 -7.8 15.0 1.0 0.0 0.0 0.0
1435288537.74
608.0 -7.8 15.0 1.0 0.0 0.0 0.0
1435288537.77
608.0 -7.8 15.0 1.0 0.0 0.0 0.0
1435288537.8
608.0 -7.8 15.0 1.0 0.0 0.0 0.0
1435288537.83
608.0 -7.8 15.0 1.0 0.0 0.0 0.0
1435288537.86
608.0 -7.8 15.0 1.0 0.0 0.0 0.0
1435288537.89
608.0 -7.8 15.0 1.0 0.0 0.0 0.0
1435288537.92
608.0 -7.8 15.0 1.0 0.0 0.0 0.0
1435288537.95
608.0 -7.8 15.0 1.0 0.0 0.0 0.0
1435288537.98
608.0 -7.8 15.0 1.0 0.0 0.0 0.0
1435288538.01
608.0 -7.8 15.0 1.0 0.0 0.0 0.0
1435288538.04
608.0 -7.8 15.0 1.0 0.0 0.0 0.0
1435288538.07
608.0 -7.8 15.0 1.0 0.0 0.0 0.0
1435288538.1
608.0 -7.8 15.0 1.0 0.0 0.0 0.0
1435288538.13
608.0 -7.8 15.0 1.0 0.0 0.0 0.0
1435288538.16
608.0 -7.8 15.0 1.0 0.0 0.0 0.0
1435288538.19
608.0 -7.8 15.0 1.0 0.0 0.0 0.0
1435288538.22
608.0 -7.8 15.0 1.0 0.0 0.0 0.0
1435288538.25
608.0 -7.8 15.0 1.0 0.0 0.0 0.0
1435288538.28
608.0 -7.8 15.0 1.0 0.0 0.0 0.0
1435288538.31
608.0 -7.8 15.0 1.0 0.0 0.0 0.0
1435288538.34
608.0 -7.8 15.0 1.0 0.0 0.0 0.0
1435288538.37
608.0 -7.8 15.0 1.0 0.0 0.0 0.0
1435288538.4
608.0 -7.8 15.0 1.0 0.0 0.0 0.0
1435288538.43
608.0 -7.8 15.0 1.0 0.0 0.0 0.0
1435288538.46
608.0 -7.8 15.0 1.0 0.0 0.0 0.0
1435288538.49
608.0 -7.8 15.0 1.0 0.0 0.0 0.0
1435288538.52
608.0 -7.8 15.0 1.0 0.0 0.0 0.0
1435288538.55
608.0 -7.8 15.0 1.0 0.0 0.0 0.0
1435288538.58
608.0 -7.8 15.0 1.0 0.0 0.0 0.0
1435288538.61
608.0 -7.8 15.0 1.0 0.0 0.0 0.0
1435288538.64
608.0 -7.8 15.0 1.0 0.0 0.0 0.0
1435288538.67
608.0 -7.8 15.0 1.0 0.0 0.0 0.0
1435288538.7
608.0 -7.8 15.0 1.0 0.0 0.0 0.0
1435288538.73
608.0 -7.8 15.0 1.0 0.0 0.0 0.0
1435288538.76
608.0 -7.8 15.0 1.0 0.0 0.0 0.0
1435288538.79
608.0 -7.8 15.0 1.0 0.0 0.0 0.0
1435288538.82
608.0 -7.8 15.0 1.0 0.0 0.0 0.0
1435288538.85
608.0 -7.8 15.0 1.0 0.0 0.0 0.0
1435288538.88
608.0 -7.8 15.0 1.0 0.0 0.0 0.0
1435288538.91
608.0 -7.8 15.0 1.0 0.0 0.0 0.0
1435288538.94
608.0 -7.8 15.0 1.0 0.0 0.0 0.0
1435288538.97
608.0 -7.8 15.0 1.0 0.0 0.0 0.0
1435288539.0
608.0 -7.8 15.0 1.0 0.0 0.0 0.0
1435288539.03
608.0 -7.8 15.0 1.0 0.0 0.0 0.0
1435288539.06
608.0 -7.8 15.0 1.0 0.0 0.0 0.0
1435288539.09
608.0 -7.8 15.0 1.0 0.0 0.0 0.0
1435288539.12
608.0 -7.8 15.0 1.0 0.0 0.0 0.0
1435288539.15
608.0 -7.8 15.0 1.0 0.0 0.0 0.0
1435288539.18
608.0 -7.8 15.0 1.0 0.0 0.0 0.0
1435288539.2
608.0 -7.8 15.0 1.0 0.0 0.0 0.0
1435288539.24
608.0 -7.8 15.0 1.0 0.0 0.0 0.0
1435288539.26
608.0 -7.8 15.0 1.0 0.0 0.0 0.0
1435288539.3
608.0 -7.8 15.0 1.0 0.0 0.0 0.0
1435288539.32
608.0 -7.8 15.0 1.0 0.0 0.0 0.0
1435288539.36
608.0 -7.8 15.0 1.0 0.0 0.0 0.0
1435288539.38
608.0 -7.8 15.0 1.0 0.0 0.0 0.0
1435288539.41
608.0 -7.8 15.0 1.0 0.0 0.0 0.0
1435288539.44
608.0 -7.8 15.0 1.0 0.0 0.0 0.0
1435288539.48
608.0 -7.8 15.0 1.0 0.0 0.0 0.0
1435288539.5
608.0 -7.8 15.0 1.0 0.0 0.0 0.0
1435288539.54
608.0 -7.8 15.0 1.0 0.0 0.0 0.0
1435288539.56
608.0 -7.8 15.0 1.0 0.0 0.0 0.0
1435288539.59
608.0 -7.8 15.0 1.0 0.0 0.0 0.0
1435288539.62
608.0 -7.8 15.0 1.0 0.0 0.0 0.0
1435288539.65
608.0 -7.8 15.0 1.0 0.0 0.0 0.0
1435288539.68
608.0 -7.8 15.0 1.0 0.0 0.0 0.0
1435288539.71
608.0 -7.8 15.0 1.0 0.0 0.0 0.0
1435288539.74
608.0 -7.8 15.0 1.0 0.0 0.0 0.0
1435288539.77
608.0 -7.8 15.0 1.0 0.0 0.0 0.0
1435288539.8
608.0 -7.8 15.0 1.0 0.0 0.0 0.0
1435288539.83
608.0 -7.8 15.0 1.0 0.0 0.0 0.0
1435288539.86
608.0 -7.8 15.0 1.0 0.0 0.0 0.0
1435288539.89
608.0 -7.8 15.0 1.0 0.0 0.0 0.0
1435288539.92
608.0 -7.8 15.0 1.0 0.0 0.0 0.0
1435288539.95
608.0 -7.8 15.0 1.0 0.0 0.0 0.0
1435288539.98
608.0 -7.8 15.0 1.0 0.0 0.0 0.0
1435288540.01
608.0 -7.8 15.0 1.0 0.0 0.0 0.0
1435288540.05
608.0 -7.8 15.0 1.0 0.0 0.0 0.0
1435288540.08
608.0 -7.8 15.0 1.0 0.0 0.0 0.0
1435288540.11
608.0 -7.8 15.0 1.0 0.0 0.0 0.0
1435288540.14
608.0 -7.8 15.0 1.0 0.0 0.0 0.0
1435288540.17
608.0 -7.8 15.0 1.0 0.0 0.0 0.0
1435288540.2
608.0 -7.8 15.0 1.0 0.0 0.0 0.0
1435288540.23
608.0 -7.8 15.0 1.0 0.0 0.0 0.0
1435288540.26
608.0 -7.8 15.0 1.0 0.0 0.0 0.0
1435288540.29
608.0 -7.8 15.0 1.0 0.0 0.0 0.0
1435288540.32
608.0 -7.8 15.0 1.0 0.0 0.0 0.0
1435288540.35
608.0 -7.8 15.0 1.0 0.0 0.0 0.0
1435288540.38
608.0 -7.8 15.0 1.0 0.0 0.0 0.0
1435288540.41
608.0 -7.8 15.0 1.0 0.0 0.0 0.0
1435288540.44
608.0 -7.8 15.0 1.0 0.0 0.0 0.0
1435288540.47
608.0 -7.8 15.0 1.0 0.0 0.0 0.0
1435288540.5
608.0 -7.8 15.0 1.0 0.0 0.0 0.0
1435288540.53
608.0 -7.8 15.0 1.0 0.0 0.0 0.0
1435288540.56
608.0 -7.8 15.0 1.0 0.0 0.0 0.0
1435288540.59
608.0 -7.8 15.0 1.0 0.0 0.0 0.0
1435288540.62
608.0 -7.8 15.0 1.0 0.0 0.0 0.0
1435288540.65
608.0 -7.8 15.0 1.0 0.0 0.0 0.0
1435288540.68
608.0 -7.8 15.0 1.0 0.0 0.0 0.0
1435288540.7
608.0 -7.8 15.0 1.0 0.0 0.0 0.0
1435288540.74
608.0 -7.8 15.0 1.0 0.0 0.0 0.0
1435288540.76
608.0 -7.8 15.0 1.0 0.0 0.0 0.0
1435288540.8
608.0 -7.8 15.0 1.0 0.0 0.0 0.0
1435288540.82
608.0 -7.8 15.0 1.0 0.0 0.0 0.0
1435288540.86
608.0 -7.8 15.0 1.0 0.0 0.0 0.0
1435288540.88
608.0 -7.8 15.0 1.0 0.0 0.0 0.0
1435288540.92
608.0 -7.8 15.0 1.0 0.0 0.0 0.0
1435288540.94
608.0 -7.8 15.0 1.0 0.0 0.0 0.0
1435288540.97
608.0 -7.8 15.0 1.0 0.0 0.0 0.0
1435288541.0
608.0 -7.8 15.0 1.0 0.0 0.0 0.0
1435288541.03
608.0 -7.8 15.0 1.0 0.0 0.0 0.0
1435288541.06
608.0 -7.8 15.0 1.0 0.0 0.0 0.0
1435288541.09
608.0 -7.8 15.0 1.0 0.0 0.0 0.0
1435288541.12
608.0 -7.8 15.0 1.0 0.0 0.0 0.0
1435288541.15
608.0 -7.8 15.0 1.0 0.0 0.0 0.0
1435288541.18
608.0 -7.8 15.0 1.0 0.0 0.0 0.0
1435288541.21
608.0 -7.8 15.0 1.0 0.0 0.0 0.0
1435288541.24
608.0 -7.8 15.0 1.0 0.0 0.0 0.0
1435288541.27
608.0 -7.8 15.0 1.0 0.0 0.0 0.0
1435288541.3
608.0 -7.8 15.0 1.0 0.0 0.0 0.0
1435288541.33
608.0 -7.8 15.0 1.0 0.0 0.0 0.0
1435288541.36
608.0 -7.8 15.0 1.0 0.0 0.0 0.0
1435288541.39
608.0 -7.8 15.0 1.0 0.0 0.0 0.0
1435288541.42
608.0 -7.8 15.0 1.0 0.0 0.0 0.0
1435288541.45
608.0 -7.8 15.0 1.0 0.0 0.0 0.0
1435288541.48
608.0 -7.8 15.0 1.0 0.0 0.0 0.0
1435288541.51
608.0 -7.8 15.0 1.0 0.0 0.0 0.0
1435288541.54
608.0 -7.8 15.0 1.0 0.0 0.0 0.0
1435288541.57
608.0 -7.8 15.0 1.0 0.0 0.0 0.0
1435288541.6
608.0 -7.8 15.0 1.0 0.0 0.0 0.0
1435288541.63
608.0 -7.8 15.0 1.0 0.0 0.0 0.0
1435288541.66
608.0 -7.8 15.0 1.0 0.0 0.0 0.0
1435288541.69
608.0 -7.8 15.0 1.0 0.0 0.0 0.0
1435288541.72
608.0 -7.8 15.0 1.0 0.0 0.0 0.0
1435288541.75
608.0 -7.8 15.0 1.0 0.0 0.0 0.0
1435288541.78
608.0 -7.8 15.0 1.0 0.0 0.0 0.0
1435288541.81
608.0 -7.8 15.0 1.0 0.0 0.0 0.0
1435288541.84
608.0 -7.8 15.0 1.0 0.0 0.0 0.0
1435288541.87
608.0 -7.8 15.0 1.0 0.0 0.0 0.0
1435288541.9
608.0 -7.8 15.0 1.0 0.0 0.0 0.0
1435288541.93
608.0 -7.8 15.0 1.0 0.0 0.0 0.0
1435288541.96
608.0 -7.8 15.0 1.0 0.0 0.0 0.0
1435288541.99
608.0 -7.8 15.0 1.0 0.0 0.0 0.0
1435288542.02
608.0 -7.8 15.0 1.0 0.0 0.0 0.0
1435288542.05
608.0 -7.8 15.0 1.0 0.0 0.0 0.0
1435288542.08
608.0 -7.8 15.0 1.0 0.0 0.0 0.0
1435288542.11
608.0 -7.8 15.0 1.0 0.0 0.0 0.0
1435288542.14
608.0 -7.8 15.0 1.0 0.0 0.0 0.0
1435288542.17
608.0 -7.8 15.0 1.0 0.0 0.0 0.0
1435288542.2
608.0 -7.8 15.0 1.0 0.0 0.0 0.0
1435288542.23
608.0 -7.8 15.0 1.0 0.0 0.0 0.0
1435288542.26
608.0 -7.8 15.0 1.0 0.0 0.0 0.0
1435288542.29
608.0 -7.8 15.0 1.0 0.0 0.0 0.0
1435288542.32
608.0 -7.8 15.0 1.0 0.0 0.0 0.0
1435288542.35
608.0 -7.8 15.0 1.0 0.0 0.0 0.0
1435288542.38
608.0 -7.8 15.0 1.0 0.0 0.0 0.0
1435288542.41
608.0 -7.8 15.0 1.0 0.0 0.0 0.0
1435288542.44
608.0 -7.8 15.0 1.0 0.0 0.0 0.0
1435288542.47
608.0 -7.8 15.0 1.0 0.0 0.0 0.0
1435288542.5
608.0 -7.8 15.0 1.0 0.0 0.0 0.0
1435288542.53
608.0 -7.8 15.0 1.0 0.0 0.0 0.0
1435288542.56
608.0 -7.8 15.0 1.0 0.0 0.0 0.0
1435288542.59
608.0 -7.8 15.0 1.0 0.0 0.0 0.0
1435288542.62
608.0 -7.8 15.0 1.0 0.0 0.0 0.0
1435288542.65
608.0 -7.8 15.0 1.0 0.0 0.0 0.0
1435288542.68
608.0 -7.8 15.0 1.0 0.0 0.0 0.0
1435288542.71
608.0 -7.8 15.0 1.0 0.0 0.0 0.0
1435288542.74
608.0 -7.8 15.0 1.0 0.0 0.0 0.0
1435288542.77
608.0 -7.8 15.0 1.0 0.0 0.0 0.0
1435288542.8
608.0 -7.8 15.0 1.0 0.0 0.0 0.0
1435288542.83
608.0 -7.8 15.0 1.0 0.0 0.0 0.0
1435288542.86
608.0 -7.8 15.0 1.0 0.0 0.0 0.0
1435288542.89
608.0 -7.8 15.0 1.0 0.0 0.0 0.0
1435288542.92
608.0 -7.8 15.0 1.0 0.0 0.0 0.0
1435288542.95
608.0 -7.8 15.0 1.0 0.0 0.0 0.0
1435288542.98
608.0 -7.8 15.0 1.0 0.0 0.0 0.0
1435288543.01
608.0 -7.8 15.0 1.0 0.0 0.0 0.0
1435288543.04
608.0 -7.8 15.0 1.0 0.0 0.0 0.0
1435288543.07
608.0 -7.8 15.0 1.0 0.0 0.0 0.0
1435288543.1
608.0 -7.8 15.0 1.0 0.0 0.0 0.0
1435288543.13
608.0 -7.8 15.0 1.0 0.0 0.0 0.0
1435288543.16
608.0 -7.8 15.0 1.0 0.0 0.0 0.0
1435288543.19
608.0 -7.8 15.0 1.0 0.0 0.0 0.0
1435288543.22
608.0 -7.8 15.0 1.0 0.0 0.0 0.0
1435288543.25
608.0 -7.8 15.0 1.0 0.0 0.0 0.0
1435288543.28
608.0 -7.8 15.0 1.0 0.0 0.0 0.0
